# Temperatura_=_92.14
# Concentracion g/m^3_=_32800.0
# C_Vs_to_Am_M_A/Vsm_=_65563218390.804596
# pendiente_HvsI_1/m_=_3716.3
# ordenada_HvsI_A/m_=_1297.0
# frecuencia_Hz_=_301174.45447554096

Tiempo_(s)	Campo_(V.s)	Magnetizacion_(V.s)	Campo_(kA/m)	Magnetizacion_(A/m)
0.000000e+00	-6.781906e-06	-1.863970e-08	-4.746716e+01	-1.218143e+03
1.000000e-08	-6.779983e-06	-1.864103e-08	-4.745370e+01	-1.218401e+03
2.000000e-08	-6.775672e-06	-1.863857e-08	-4.742353e+01	-1.218620e+03
3.000000e-08	-6.769206e-06	-1.863987e-08	-4.737827e+01	-1.218783e+03
4.000000e-08	-6.760580e-06	-1.864240e-08	-4.731790e+01	-1.218863e+03
5.000000e-08	-6.749596e-06	-1.864130e-08	-4.724102e+01	-1.218836e+03
6.000000e-08	-6.736070e-06	-1.863520e-08	-4.714635e+01	-1.218691e+03
7.000000e-08	-6.720076e-06	-1.863061e-08	-4.703441e+01	-1.218431e+03
8.000000e-08	-6.701818e-06	-1.864597e-08	-4.690662e+01	-1.218086e+03
9.000000e-08	-6.681280e-06	-1.869041e-08	-4.676287e+01	-1.217701e+03
1.000000e-07	-6.658151e-06	-1.868136e-08	-4.660099e+01	-1.217338e+03
1.100000e-07	-6.632240e-06	-1.864096e-08	-4.641964e+01	-1.217055e+03
1.200000e-07	-6.603902e-06	-1.863051e-08	-4.622130e+01	-1.216896e+03
1.300000e-07	-6.573626e-06	-1.859373e-08	-4.600939e+01	-1.216878e+03
1.400000e-07	-6.541617e-06	-1.850610e-08	-4.578536e+01	-1.216983e+03
1.500000e-07	-6.507655e-06	-1.856731e-08	-4.554766e+01	-1.217157e+03
1.600000e-07	-6.471448e-06	-1.864588e-08	-4.529424e+01	-1.217319e+03
1.700000e-07	-6.433201e-06	-1.858410e-08	-4.502654e+01	-1.217375e+03
1.800000e-07	-6.392772e-06	-1.862701e-08	-4.474358e+01	-1.217235e+03
1.900000e-07	-6.349829e-06	-1.858644e-08	-4.444302e+01	-1.216830e+03
2.000000e-07	-6.304573e-06	-1.848351e-08	-4.412627e+01	-1.216128e+03
2.100000e-07	-6.257007e-06	-1.845290e-08	-4.379335e+01	-1.215135e+03
2.200000e-07	-6.206809e-06	-1.841938e-08	-4.344200e+01	-1.213896e+03
2.300000e-07	-6.154038e-06	-1.844506e-08	-4.307266e+01	-1.212479e+03
2.400000e-07	-6.098946e-06	-1.844748e-08	-4.268706e+01	-1.210965e+03
2.500000e-07	-6.041606e-06	-1.843207e-08	-4.228573e+01	-1.209424e+03
2.600000e-07	-5.981980e-06	-1.841367e-08	-4.186841e+01	-1.207903e+03
2.700000e-07	-5.920133e-06	-1.837303e-08	-4.143554e+01	-1.206421e+03
2.800000e-07	-5.856212e-06	-1.834439e-08	-4.098815e+01	-1.204961e+03
2.900000e-07	-5.790213e-06	-1.831205e-08	-4.052621e+01	-1.203487e+03
3.000000e-07	-5.722051e-06	-1.832582e-08	-4.004914e+01	-1.201947e+03
3.100000e-07	-5.651807e-06	-1.830937e-08	-3.955750e+01	-1.200294e+03
3.200000e-07	-5.579559e-06	-1.825546e-08	-3.905183e+01	-1.198497e+03
3.300000e-07	-5.505232e-06	-1.821954e-08	-3.853161e+01	-1.196547e+03
3.400000e-07	-5.428683e-06	-1.816439e-08	-3.799583e+01	-1.194461e+03
3.500000e-07	-5.349869e-06	-1.813947e-08	-3.744421e+01	-1.192270e+03
3.600000e-07	-5.268916e-06	-1.812978e-08	-3.687761e+01	-1.190015e+03
3.700000e-07	-5.186122e-06	-1.813024e-08	-3.629813e+01	-1.187730e+03
3.800000e-07	-5.101689e-06	-1.811011e-08	-3.570718e+01	-1.185436e+03
3.900000e-07	-5.015581e-06	-1.804115e-08	-3.510450e+01	-1.183130e+03
4.000000e-07	-4.927762e-06	-1.796911e-08	-3.448984e+01	-1.180792e+03
4.100000e-07	-4.838171e-06	-1.791916e-08	-3.386279e+01	-1.178387e+03
4.200000e-07	-4.746767e-06	-1.790185e-08	-3.322304e+01	-1.175877e+03
4.300000e-07	-4.653660e-06	-1.788072e-08	-3.257138e+01	-1.173230e+03
4.400000e-07	-4.558972e-06	-1.784741e-08	-3.190865e+01	-1.170431e+03
4.500000e-07	-4.462598e-06	-1.780192e-08	-3.123412e+01	-1.167486e+03
4.600000e-07	-4.364561e-06	-1.774640e-08	-3.054795e+01	-1.164416e+03
4.700000e-07	-4.264933e-06	-1.768977e-08	-2.985064e+01	-1.161256e+03
4.800000e-07	-4.163729e-06	-1.763553e-08	-2.914231e+01	-1.158041e+03
4.900000e-07	-4.061096e-06	-1.759451e-08	-2.842397e+01	-1.154795e+03
5.000000e-07	-3.957035e-06	-1.755233e-08	-2.769564e+01	-1.151528e+03
5.100000e-07	-3.851623e-06	-1.751041e-08	-2.695785e+01	-1.148229e+03
5.200000e-07	-3.744839e-06	-1.746070e-08	-2.621046e+01	-1.144871e+03
5.300000e-07	-3.636530e-06	-1.739445e-08	-2.545239e+01	-1.141415e+03
5.400000e-07	-3.526936e-06	-1.732391e-08	-2.468533e+01	-1.137824e+03
5.500000e-07	-3.416186e-06	-1.727581e-08	-2.391019e+01	-1.134071e+03
5.600000e-07	-3.304156e-06	-1.724682e-08	-2.312608e+01	-1.130145e+03
5.700000e-07	-3.190862e-06	-1.719283e-08	-2.233313e+01	-1.126051e+03
5.800000e-07	-3.076337e-06	-1.710521e-08	-2.153156e+01	-1.121814e+03
5.900000e-07	-2.960474e-06	-1.701552e-08	-2.072062e+01	-1.117463e+03
6.000000e-07	-2.843359e-06	-1.694727e-08	-1.990092e+01	-1.113028e+03
6.100000e-07	-2.725311e-06	-1.688629e-08	-1.907469e+01	-1.108529e+03
6.200000e-07	-2.606438e-06	-1.682171e-08	-1.824269e+01	-1.103970e+03
6.300000e-07	-2.486578e-06	-1.675765e-08	-1.740378e+01	-1.099338e+03
6.400000e-07	-2.365690e-06	-1.669155e-08	-1.655768e+01	-1.094607e+03
6.500000e-07	-2.243947e-06	-1.661713e-08	-1.570559e+01	-1.089742e+03
6.600000e-07	-2.121379e-06	-1.653114e-08	-1.484772e+01	-1.084711e+03
6.700000e-07	-1.997963e-06	-1.643915e-08	-1.398392e+01	-1.079490e+03
6.800000e-07	-1.873778e-06	-1.634980e-08	-1.311474e+01	-1.074068e+03
6.900000e-07	-1.748900e-06	-1.627265e-08	-1.224071e+01	-1.068448e+03
7.000000e-07	-1.623476e-06	-1.619752e-08	-1.136286e+01	-1.062646e+03
7.100000e-07	-1.497607e-06	-1.610591e-08	-1.048188e+01	-1.056680e+03
7.200000e-07	-1.371256e-06	-1.599735e-08	-9.597543e+00	-1.050564e+03
7.300000e-07	-1.244412e-06	-1.589275e-08	-8.709752e+00	-1.044303e+03
7.400000e-07	-1.117106e-06	-1.580421e-08	-7.818721e+00	-1.037888e+03
7.500000e-07	-9.893793e-07	-1.571879e-08	-6.924753e+00	-1.031295e+03
7.600000e-07	-8.612696e-07	-1.561986e-08	-6.028103e+00	-1.024487e+03
7.700000e-07	-7.328285e-07	-1.550461e-08	-5.129132e+00	-1.017423e+03
7.800000e-07	-6.041115e-07	-1.538298e-08	-4.228230e+00	-1.010056e+03
7.900000e-07	-4.751620e-07	-1.525835e-08	-3.325701e+00	-1.002343e+03
8.000000e-07	-3.460631e-07	-1.513002e-08	-2.422126e+00	-9.942468e+02
8.100000e-07	-2.168936e-07	-1.499946e-08	-1.518058e+00	-9.857294e+02
8.200000e-07	-8.762326e-08	-1.487075e-08	-6.132830e-01	-9.767550e+02
8.300000e-07	4.173300e-08	-1.473573e-08	2.920930e-01	-9.672835e+02
8.400000e-07	1.710767e-07	-1.458352e-08	1.197381e+00	-9.572687e+02
8.500000e-07	3.003388e-07	-1.441370e-08	2.102098e+00	-9.466569e+02
8.600000e-07	4.294990e-07	-1.423347e-08	3.006102e+00	-9.353888e+02
8.700000e-07	5.585061e-07	-1.405126e-08	3.909034e+00	-9.234039e+02
8.800000e-07	6.872770e-07	-1.386377e-08	4.810313e+00	-9.106447e+02
8.900000e-07	8.157955e-07	-1.366262e-08	5.709825e+00	-8.970620e+02
9.000000e-07	9.440565e-07	-1.344186e-08	6.607535e+00	-8.826165e+02
9.100000e-07	1.071932e-06	-1.320203e-08	7.502547e+00	-8.672782e+02
9.200000e-07	1.199334e-06	-1.294911e-08	8.394247e+00	-8.510223e+02
9.300000e-07	1.326297e-06	-1.268854e-08	9.282867e+00	-8.338222e+02
9.400000e-07	1.452816e-06	-1.241982e-08	1.016839e+01	-8.156424e+02
9.500000e-07	1.578877e-06	-1.213370e-08	1.105070e+01	-7.964311e+02
9.600000e-07	1.704459e-06	-1.182358e-08	1.192966e+01	-7.761166e+02
9.700000e-07	1.829501e-06	-1.148947e-08	1.280484e+01	-7.546062e+02
9.800000e-07	1.953924e-06	-1.113332e-08	1.367568e+01	-7.317883e+02
9.900000e-07	2.077688e-06	-1.075839e-08	1.454193e+01	-7.075364e+02
1.000000e-06	2.200725e-06	-1.036602e-08	1.540307e+01	-6.817132e+02
1.010000e-06	2.322956e-06	-9.952115e-09	1.625858e+01	-6.541720e+02
1.020000e-06	2.444353e-06	-9.508997e-09	1.710824e+01	-6.247558e+02
1.030000e-06	2.564800e-06	-9.029347e-09	1.795126e+01	-5.932914e+02
1.040000e-06	2.684206e-06	-8.512557e-09	1.878699e+01	-5.595833e+02
1.050000e-06	2.802653e-06	-7.959179e-09	1.961602e+01	-5.234060e+02
1.060000e-06	2.920193e-06	-7.364840e-09	2.043869e+01	-4.845017e+02
1.070000e-06	3.036671e-06	-6.726827e-09	2.125393e+01	-4.425842e+02
1.080000e-06	3.151918e-06	-6.038300e-09	2.206056e+01	-3.973531e+02
1.090000e-06	3.265867e-06	-5.291199e-09	2.285809e+01	-3.485180e+02
1.100000e-06	3.378481e-06	-4.480413e-09	2.364629e+01	-2.958316e+02
1.110000e-06	3.489805e-06	-3.608488e-09	2.442545e+01	-2.391286e+02
1.120000e-06	3.599966e-06	-2.680099e-09	2.519648e+01	-1.783652e+02
1.130000e-06	3.709019e-06	-1.698302e-09	2.595975e+01	-1.136524e+02
1.140000e-06	3.816865e-06	-6.613442e-10	2.671458e+01	-4.527914e+01
1.150000e-06	3.923346e-06	4.293151e-10	2.745985e+01	2.628027e+01
1.160000e-06	4.028353e-06	1.563784e-09	2.819480e+01	1.003761e+02
1.170000e-06	4.131785e-06	2.725659e-09	2.891873e+01	1.762101e+02
1.180000e-06	4.233746e-06	3.898866e-09	2.963236e+01	2.528769e+02
1.190000e-06	4.334370e-06	5.068143e-09	3.033664e+01	3.294154e+02
1.200000e-06	4.433483e-06	6.216667e-09	3.103034e+01	4.048631e+02
1.210000e-06	4.530867e-06	7.331573e-09	3.171194e+01	4.783098e+02
1.220000e-06	4.626422e-06	8.402304e-09	3.238074e+01	5.489432e+02
1.230000e-06	4.720317e-06	9.421246e-09	3.303792e+01	6.160836e+02
1.240000e-06	4.812708e-06	1.037955e-08	3.368457e+01	6.792052e+02
1.250000e-06	4.903518e-06	1.127088e-08	3.432016e+01	7.379445e+02
1.260000e-06	4.992537e-06	1.209087e-08	3.494321e+01	7.920951e+02
1.270000e-06	5.079697e-06	1.283789e-08	3.555325e+01	8.415939e+02
1.280000e-06	5.165088e-06	1.351552e-08	3.615091e+01	8.864987e+02
1.290000e-06	5.248786e-06	1.413044e-08	3.673672e+01	9.269637e+02
1.300000e-06	5.330692e-06	1.468248e-08	3.730999e+01	9.632133e+02
1.310000e-06	5.410609e-06	1.517092e-08	3.786933e+01	9.955175e+02
1.320000e-06	5.488584e-06	1.560039e-08	3.841509e+01	1.024172e+03
1.330000e-06	5.564680e-06	1.597906e-08	3.894769e+01	1.049480e+03
1.340000e-06	5.638648e-06	1.631407e-08	3.946540e+01	1.071746e+03
1.350000e-06	5.710383e-06	1.660760e-08	3.996748e+01	1.091261e+03
1.360000e-06	5.780049e-06	1.686355e-08	4.045508e+01	1.108306e+03
1.370000e-06	5.847707e-06	1.708700e-08	4.092862e+01	1.123150e+03
1.380000e-06	5.913248e-06	1.728133e-08	4.138735e+01	1.136044e+03
1.390000e-06	5.976640e-06	1.745092e-08	4.183104e+01	1.147230e+03
1.400000e-06	6.038018e-06	1.759958e-08	4.226062e+01	1.156933e+03
1.410000e-06	6.097436e-06	1.772897e-08	4.267650e+01	1.165360e+03
1.420000e-06	6.154666e-06	1.783907e-08	4.307706e+01	1.172699e+03
1.430000e-06	6.209634e-06	1.793520e-08	4.346178e+01	1.179116e+03
1.440000e-06	6.262318e-06	1.802058e-08	4.383052e+01	1.184751e+03
1.450000e-06	6.312345e-06	1.809363e-08	4.418067e+01	1.189719e+03
1.460000e-06	6.359796e-06	1.815647e-08	4.451277e+01	1.194108e+03
1.470000e-06	6.405058e-06	1.821400e-08	4.482957e+01	1.197990e+03
1.480000e-06	6.448233e-06	1.826761e-08	4.513175e+01	1.201420e+03
1.490000e-06	6.489004e-06	1.831520e-08	4.541711e+01	1.204444e+03
1.500000e-06	6.527377e-06	1.835556e-08	4.568569e+01	1.207106e+03
1.510000e-06	6.563655e-06	1.838999e-08	4.593960e+01	1.209449e+03
1.520000e-06	6.597577e-06	1.842043e-08	4.617702e+01	1.211516e+03
1.530000e-06	6.629008e-06	1.844741e-08	4.639702e+01	1.213352e+03
1.540000e-06	6.658219e-06	1.847234e-08	4.660146e+01	1.214998e+03
1.550000e-06	6.685314e-06	1.849579e-08	4.679110e+01	1.216485e+03
1.560000e-06	6.709955e-06	1.851746e-08	4.696357e+01	1.217838e+03
1.570000e-06	6.732044e-06	1.853488e-08	4.711817e+01	1.219067e+03
1.580000e-06	6.751943e-06	1.854964e-08	4.725745e+01	1.220173e+03
1.590000e-06	6.769543e-06	1.856315e-08	4.738063e+01	1.221153e+03
1.600000e-06	6.784616e-06	1.857566e-08	4.748613e+01	1.222001e+03
1.610000e-06	6.797200e-06	1.858885e-08	4.757421e+01	1.222717e+03
1.620000e-06	6.807087e-06	1.860116e-08	4.764341e+01	1.223307e+03
1.630000e-06	6.814370e-06	1.861231e-08	4.769438e+01	1.223790e+03
1.640000e-06	6.819385e-06	1.862093e-08	4.772948e+01	1.224187e+03
1.650000e-06	6.822121e-06	1.862685e-08	4.774863e+01	1.224523e+03
1.660000e-06	6.822424e-06	1.862832e-08	4.775075e+01	1.224817e+03
1.670000e-06	6.820359e-06	1.862815e-08	4.773630e+01	1.225078e+03
1.680000e-06	6.816240e-06	1.863335e-08	4.770747e+01	1.225300e+03
1.690000e-06	6.809872e-06	1.863904e-08	4.766290e+01	1.225467e+03
1.700000e-06	6.801159e-06	1.864134e-08	4.760191e+01	1.225552e+03
1.710000e-06	6.790334e-06	1.864113e-08	4.752615e+01	1.225531e+03
1.720000e-06	6.777150e-06	1.864429e-08	4.743387e+01	1.225391e+03
1.730000e-06	6.761587e-06	1.864551e-08	4.732495e+01	1.225137e+03
1.740000e-06	6.743969e-06	1.858803e-08	4.720164e+01	1.224795e+03
1.750000e-06	6.723939e-06	1.855534e-08	4.706145e+01	1.224413e+03
1.760000e-06	6.700791e-06	1.859159e-08	4.689943e+01	1.224049e+03
1.770000e-06	6.674603e-06	1.859811e-08	4.671614e+01	1.223764e+03
1.780000e-06	6.646086e-06	1.860918e-08	4.651655e+01	1.223601e+03
1.790000e-06	6.615563e-06	1.868527e-08	4.630291e+01	1.223580e+03
1.800000e-06	6.583315e-06	1.863402e-08	4.607721e+01	1.223683e+03
1.810000e-06	6.549261e-06	1.858352e-08	4.583886e+01	1.223857e+03
1.820000e-06	6.512863e-06	1.863783e-08	4.558410e+01	1.224023e+03
1.830000e-06	6.474210e-06	1.859581e-08	4.531357e+01	1.224086e+03
1.840000e-06	6.433288e-06	1.866447e-08	4.502715e+01	1.223956e+03
1.850000e-06	6.390164e-06	1.871851e-08	4.472532e+01	1.223563e+03
1.860000e-06	6.344953e-06	1.870280e-08	4.440889e+01	1.222873e+03
1.870000e-06	6.297350e-06	1.874332e-08	4.407571e+01	1.221892e+03
1.880000e-06	6.247497e-06	1.865210e-08	4.372679e+01	1.220661e+03
1.890000e-06	6.195263e-06	1.861505e-08	4.336120e+01	1.219252e+03
1.900000e-06	6.140314e-06	1.857865e-08	4.297660e+01	1.217741e+03
1.910000e-06	6.083053e-06	1.853429e-08	4.257583e+01	1.216201e+03
1.920000e-06	6.023708e-06	1.858194e-08	4.216046e+01	1.214681e+03
1.930000e-06	5.962262e-06	1.855361e-08	4.173040e+01	1.213198e+03
1.940000e-06	5.898648e-06	1.855465e-08	4.128516e+01	1.211741e+03
1.950000e-06	5.832854e-06	1.847305e-08	4.082466e+01	1.210269e+03
1.960000e-06	5.765040e-06	1.842311e-08	4.035003e+01	1.208733e+03
1.970000e-06	5.694997e-06	1.842606e-08	3.985979e+01	1.207087e+03
1.980000e-06	5.622724e-06	1.838788e-08	3.935395e+01	1.205297e+03
1.990000e-06	5.548410e-06	1.842504e-08	3.883381e+01	1.203354e+03
2.000000e-06	5.472010e-06	1.837170e-08	3.829908e+01	1.201274e+03
2.010000e-06	5.393446e-06	1.831089e-08	3.774920e+01	1.199087e+03
2.020000e-06	5.312803e-06	1.824147e-08	3.718478e+01	1.196835e+03
2.030000e-06	5.230316e-06	1.819248e-08	3.660745e+01	1.194553e+03
2.040000e-06	5.145959e-06	1.820455e-08	3.601702e+01	1.192260e+03
2.050000e-06	5.059723e-06	1.818808e-08	3.541345e+01	1.189957e+03
2.060000e-06	4.971681e-06	1.818311e-08	3.479724e+01	1.187622e+03
2.070000e-06	4.881969e-06	1.812069e-08	3.416933e+01	1.185222e+03
2.080000e-06	4.790664e-06	1.805226e-08	3.353028e+01	1.182717e+03
2.090000e-06	4.697628e-06	1.798484e-08	3.287911e+01	1.180077e+03
2.100000e-06	4.602843e-06	1.794643e-08	3.221571e+01	1.177286e+03
2.110000e-06	4.506342e-06	1.792651e-08	3.154028e+01	1.174347e+03
2.120000e-06	4.408309e-06	1.788847e-08	3.085415e+01	1.171283e+03
2.130000e-06	4.308838e-06	1.785410e-08	3.015794e+01	1.168127e+03
2.140000e-06	4.207791e-06	1.780507e-08	2.945070e+01	1.164914e+03
2.150000e-06	4.105125e-06	1.775004e-08	2.873213e+01	1.161671e+03
2.160000e-06	4.000890e-06	1.766636e-08	2.800259e+01	1.158406e+03
2.170000e-06	3.895240e-06	1.760374e-08	2.726313e+01	1.155111e+03
2.180000e-06	3.788365e-06	1.758020e-08	2.651511e+01	1.151756e+03
2.190000e-06	3.680254e-06	1.756103e-08	2.575842e+01	1.148306e+03
2.200000e-06	3.570850e-06	1.749217e-08	2.499270e+01	1.144722e+03
2.210000e-06	3.460179e-06	1.738784e-08	2.421810e+01	1.140977e+03
2.220000e-06	3.348124e-06	1.731164e-08	2.343381e+01	1.137058e+03
2.230000e-06	3.234809e-06	1.727885e-08	2.264072e+01	1.132972e+03
2.240000e-06	3.120379e-06	1.725282e-08	2.183981e+01	1.128740e+03
2.250000e-06	3.004708e-06	1.719378e-08	2.103022e+01	1.124394e+03
2.260000e-06	2.887710e-06	1.711057e-08	2.021134e+01	1.119964e+03
2.270000e-06	2.769577e-06	1.702549e-08	1.938452e+01	1.115468e+03
2.280000e-06	2.650408e-06	1.695287e-08	1.855044e+01	1.110913e+03
2.290000e-06	2.530195e-06	1.688122e-08	1.770906e+01	1.106286e+03
2.300000e-06	2.409068e-06	1.680274e-08	1.686128e+01	1.101561e+03
2.310000e-06	2.287169e-06	1.672918e-08	1.600810e+01	1.096703e+03
2.320000e-06	2.164628e-06	1.667539e-08	1.515042e+01	1.091680e+03
2.330000e-06	2.041338e-06	1.661619e-08	1.428751e+01	1.086467e+03
2.340000e-06	1.917229e-06	1.651919e-08	1.341886e+01	1.081053e+03
2.350000e-06	1.792322e-06	1.640137e-08	1.254462e+01	1.075442e+03
2.360000e-06	1.666743e-06	1.631064e-08	1.166568e+01	1.069648e+03
2.370000e-06	1.540664e-06	1.625244e-08	1.078324e+01	1.063689e+03
2.380000e-06	1.414100e-06	1.617957e-08	9.897414e+00	1.057579e+03
2.390000e-06	1.287008e-06	1.606775e-08	9.007886e+00	1.051325e+03
2.400000e-06	1.159429e-06	1.594268e-08	8.114947e+00	1.044918e+03
2.410000e-06	1.031448e-06	1.583541e-08	7.219195e+00	1.038333e+03
2.420000e-06	9.030665e-07	1.574347e-08	6.320642e+00	1.031535e+03
2.430000e-06	7.743438e-07	1.564755e-08	5.419701e+00	1.024482e+03
2.440000e-06	6.453612e-07	1.553963e-08	4.516940e+00	1.017129e+03
2.450000e-06	5.161669e-07	1.542385e-08	3.612698e+00	1.009431e+03
2.460000e-06	3.868342e-07	1.530179e-08	2.707487e+00	1.001350e+03
2.470000e-06	2.574000e-07	1.516873e-08	1.801565e+00	9.928500e+02
2.480000e-06	1.278551e-07	1.502360e-08	8.948692e-01	9.838941e+02
2.490000e-06	-1.788346e-09	1.487502e-08	-1.251679e-02	9.744427e+02
2.500000e-06	-1.314111e-07	1.473151e-08	-9.197580e-01	9.644497e+02
2.510000e-06	-2.609384e-07	1.458600e-08	-1.826331e+00	9.538617e+02
2.520000e-06	-3.903336e-07	1.441968e-08	-2.731979e+00	9.426197e+02
2.530000e-06	-5.195621e-07	1.422585e-08	-3.636461e+00	9.306629e+02
2.540000e-06	-6.486332e-07	1.401771e-08	-4.539841e+00	9.179338e+02
2.550000e-06	-7.775005e-07	1.380974e-08	-5.441795e+00	9.043828e+02
2.560000e-06	-9.060551e-07	1.359974e-08	-6.341560e+00	8.899702e+02
2.570000e-06	-1.034226e-06	1.337504e-08	-7.238638e+00	8.746658e+02
2.580000e-06	-1.162007e-06	1.312789e-08	-8.132988e+00	8.584446e+02
2.590000e-06	-1.289377e-06	1.286070e-08	-9.024467e+00	8.412803e+02
2.600000e-06	-1.416290e-06	1.257710e-08	-9.912739e+00	8.231378e+02
2.610000e-06	-1.542651e-06	1.228202e-08	-1.079715e+01	8.039660e+02
2.620000e-06	-1.668442e-06	1.197854e-08	-1.167758e+01	7.836939e+02
2.630000e-06	-1.793623e-06	1.166017e-08	-1.255373e+01	7.622296e+02
2.640000e-06	-1.918080e-06	1.131743e-08	-1.342481e+01	7.394620e+02
2.650000e-06	-2.041712e-06	1.094441e-08	-1.429013e+01	7.152652e+02
2.660000e-06	-2.164552e-06	1.054541e-08	-1.514989e+01	6.895021e+02
2.670000e-06	-2.286735e-06	1.012459e-08	-1.600506e+01	6.620265e+02
2.680000e-06	-2.408177e-06	9.679513e-09	-1.685504e+01	6.326816e+02
2.690000e-06	-2.528711e-06	9.205738e-09	-1.769867e+01	6.012952e+02
2.700000e-06	-2.648243e-06	8.697055e-09	-1.853529e+01	5.676724e+02
2.710000e-06	-2.766768e-06	8.148526e-09	-1.936486e+01	5.315891e+02
2.720000e-06	-2.884281e-06	7.556315e-09	-2.018734e+01	4.927884e+02
2.730000e-06	-3.000607e-06	6.916352e-09	-2.100152e+01	4.509852e+02
2.740000e-06	-3.115696e-06	6.226697e-09	-2.180704e+01	4.058792e+02
2.750000e-06	-3.229503e-06	5.486914e-09	-2.260358e+01	3.571790e+02
2.760000e-06	-3.341957e-06	4.692914e-09	-2.339065e+01	3.046351e+02
2.770000e-06	-3.453041e-06	3.835568e-09	-2.416814e+01	2.480788e+02
2.780000e-06	-3.562767e-06	2.909356e-09	-2.493612e+01	1.874610e+02
2.790000e-06	-3.671315e-06	1.919616e-09	-2.569586e+01	1.228869e+02
2.800000e-06	-3.778733e-06	8.804785e-10	-2.644769e+01	5.463881e+01
2.810000e-06	-3.884937e-06	-1.992256e-10	-2.719102e+01	-1.681547e+01
2.820000e-06	-3.989811e-06	-1.321365e-09	-2.792504e+01	-9.083211e+01
2.830000e-06	-4.093194e-06	-2.479046e-09	-2.864863e+01	-1.666176e+02
2.840000e-06	-4.194976e-06	-3.654275e-09	-2.936101e+01	-2.432695e+02
2.850000e-06	-4.295168e-06	-4.827375e-09	-3.006226e+01	-3.198277e+02
2.860000e-06	-4.393906e-06	-5.982767e-09	-3.075334e+01	-3.953290e+02
2.870000e-06	-4.491235e-06	-7.107533e-09	-3.143455e+01	-4.688603e+02
2.880000e-06	-4.587080e-06	-8.188262e-09	-3.210538e+01	-5.396053e+02
2.890000e-06	-4.681249e-06	-9.216680e-09	-3.276448e+01	-6.068788e+02
2.900000e-06	-4.773678e-06	-1.018361e-08	-3.341139e+01	-6.701497e+02
2.910000e-06	-4.864450e-06	-1.108831e-08	-3.404672e+01	-7.290484e+02
2.920000e-06	-4.953523e-06	-1.192859e-08	-3.467015e+01	-7.833632e+02
2.930000e-06	-5.040780e-06	-1.269549e-08	-3.528086e+01	-8.330262e+02
2.940000e-06	-5.126129e-06	-1.338880e-08	-3.587823e+01	-8.780914e+02
2.950000e-06	-5.209683e-06	-1.401188e-08	-3.646303e+01	-9.187100e+02
2.960000e-06	-5.291490e-06	-1.457160e-08	-3.703561e+01	-9.551041e+02
2.970000e-06	-5.371489e-06	-1.507457e-08	-3.759553e+01	-9.875427e+02
2.980000e-06	-5.449449e-06	-1.552156e-08	-3.814118e+01	-1.016321e+03
2.990000e-06	-5.525157e-06	-1.591427e-08	-3.867107e+01	-1.041742e+03
3.000000e-06	-5.598747e-06	-1.625743e-08	-3.918613e+01	-1.064109e+03
3.010000e-06	-5.670323e-06	-1.655766e-08	-3.968709e+01	-1.083716e+03
3.020000e-06	-5.739776e-06	-1.682415e-08	-4.017320e+01	-1.100843e+03
3.030000e-06	-5.807175e-06	-1.705810e-08	-4.064494e+01	-1.115759e+03
3.040000e-06	-5.872652e-06	-1.726093e-08	-4.110321e+01	-1.128718e+03
3.050000e-06	-5.936128e-06	-1.743443e-08	-4.154749e+01	-1.139960e+03
3.060000e-06	-5.997392e-06	-1.758167e-08	-4.197628e+01	-1.149710e+03
3.070000e-06	-6.056426e-06	-1.771048e-08	-4.238946e+01	-1.158177e+03
3.080000e-06	-6.113364e-06	-1.782463e-08	-4.278798e+01	-1.165551e+03
3.090000e-06	-6.168156e-06	-1.792722e-08	-4.317147e+01	-1.171997e+03
3.100000e-06	-6.220515e-06	-1.801771e-08	-4.353794e+01	-1.177656e+03
3.110000e-06	-6.270263e-06	-1.809595e-08	-4.388613e+01	-1.182644e+03
3.120000e-06	-6.317497e-06	-1.816477e-08	-4.421672e+01	-1.187052e+03
3.130000e-06	-6.362526e-06	-1.822328e-08	-4.453188e+01	-1.190949e+03
3.140000e-06	-6.405617e-06	-1.827170e-08	-4.483348e+01	-1.194393e+03
3.150000e-06	-6.446622e-06	-1.831325e-08	-4.512048e+01	-1.197429e+03
3.160000e-06	-6.485337e-06	-1.835409e-08	-4.539145e+01	-1.200102e+03
3.170000e-06	-6.521679e-06	-1.839604e-08	-4.564581e+01	-1.202453e+03
3.180000e-06	-6.555708e-06	-1.843187e-08	-4.588398e+01	-1.204528e+03
3.190000e-06	-6.587541e-06	-1.846156e-08	-4.610679e+01	-1.206371e+03
3.200000e-06	-6.616977e-06	-1.848635e-08	-4.631281e+01	-1.208021e+03
3.210000e-06	-6.643999e-06	-1.850824e-08	-4.650194e+01	-1.209512e+03
3.220000e-06	-6.668783e-06	-1.852818e-08	-4.667541e+01	-1.210868e+03
3.230000e-06	-6.691058e-06	-1.854690e-08	-4.683131e+01	-1.212099e+03
3.240000e-06	-6.710908e-06	-1.856314e-08	-4.697024e+01	-1.213209e+03
3.250000e-06	-6.728514e-06	-1.857507e-08	-4.709347e+01	-1.214192e+03
3.260000e-06	-6.743685e-06	-1.858496e-08	-4.719965e+01	-1.215043e+03
3.270000e-06	-6.756207e-06	-1.859481e-08	-4.728729e+01	-1.215761e+03
3.280000e-06	-6.766128e-06	-1.860549e-08	-4.735673e+01	-1.216355e+03
3.290000e-06	-6.773761e-06	-1.861434e-08	-4.741016e+01	-1.216839e+03
3.300000e-06	-6.779014e-06	-1.862209e-08	-4.744692e+01	-1.217237e+03
3.310000e-06	-6.781860e-06	-1.862694e-08	-4.746684e+01	-1.217574e+03
3.320000e-06	-6.782477e-06	-1.863197e-08	-4.747116e+01	-1.217868e+03
