# Temperatura_=_49.29
# Concentracion g/m^3_=_32800.0
# C_Vs_to_Am_M_A/Vsm_=_65563218390.804596
# pendiente_HvsI_1/m_=_3716.3
# ordenada_HvsI_A/m_=_1297.0
# frecuencia_Hz_=_300812.98812491685

Tiempo_(s)	Campo_(V.s)	Magnetizacion_(V.s)	Campo_(kA/m)	Magnetizacion_(A/m)
0.000000e+00	-5.402570e-06	-1.091013e-08	-3.832410e+01	-7.121474e+02
1.000000e-08	-5.399837e-06	-1.091522e-08	-3.830471e+01	-7.126938e+02
2.000000e-08	-5.395295e-06	-1.092037e-08	-3.827249e+01	-7.131158e+02
3.000000e-08	-5.389125e-06	-1.092645e-08	-3.822872e+01	-7.134002e+02
4.000000e-08	-5.381361e-06	-1.092866e-08	-3.817365e+01	-7.135340e+02
5.000000e-08	-5.371747e-06	-1.092785e-08	-3.810545e+01	-7.135089e+02
6.000000e-08	-5.360036e-06	-1.092024e-08	-3.802238e+01	-7.133252e+02
7.000000e-08	-5.346401e-06	-1.090663e-08	-3.792565e+01	-7.129933e+02
8.000000e-08	-5.330563e-06	-1.094907e-08	-3.781331e+01	-7.125326e+02
9.000000e-08	-5.312340e-06	-1.097632e-08	-3.768403e+01	-7.119674e+02
1.000000e-07	-5.292115e-06	-1.093162e-08	-3.754057e+01	-7.113214e+02
1.100000e-07	-5.270136e-06	-1.091007e-08	-3.738465e+01	-7.106116e+02
1.200000e-07	-5.246605e-06	-1.084724e-08	-3.721774e+01	-7.098433e+02
1.300000e-07	-5.221659e-06	-1.074562e-08	-3.704078e+01	-7.090080e+02
1.400000e-07	-5.195038e-06	-1.086098e-08	-3.685193e+01	-7.080849e+02
1.500000e-07	-5.166677e-06	-1.085517e-08	-3.665075e+01	-7.070457e+02
1.600000e-07	-5.136820e-06	-1.077923e-08	-3.643895e+01	-7.058612e+02
1.700000e-07	-5.105315e-06	-1.090406e-08	-3.621547e+01	-7.045093e+02
1.800000e-07	-5.071749e-06	-1.077437e-08	-3.597736e+01	-7.029808e+02
1.900000e-07	-5.036333e-06	-1.063737e-08	-3.572614e+01	-7.012819e+02
2.000000e-07	-4.999308e-06	-1.067339e-08	-3.546349e+01	-6.994335e+02
2.100000e-07	-4.960506e-06	-1.057290e-08	-3.518824e+01	-6.974660e+02
2.200000e-07	-4.919873e-06	-1.058508e-08	-3.490000e+01	-6.954111e+02
2.300000e-07	-4.877286e-06	-1.064335e-08	-3.459790e+01	-6.932939e+02
2.400000e-07	-4.832924e-06	-1.055481e-08	-3.428321e+01	-6.911258e+02
2.500000e-07	-4.786871e-06	-1.052525e-08	-3.395653e+01	-6.889009e+02
2.600000e-07	-4.738950e-06	-1.045588e-08	-3.361659e+01	-6.865968e+02
2.700000e-07	-4.689027e-06	-1.041532e-08	-3.326245e+01	-6.841804e+02
2.800000e-07	-4.636984e-06	-1.041730e-08	-3.289328e+01	-6.816155e+02
2.900000e-07	-4.583102e-06	-1.036693e-08	-3.251106e+01	-6.788723e+02
3.000000e-07	-4.527705e-06	-1.029709e-08	-3.211809e+01	-6.759347e+02
3.100000e-07	-4.470735e-06	-1.025502e-08	-3.171396e+01	-6.728049e+02
3.200000e-07	-4.411983e-06	-1.023927e-08	-3.129719e+01	-6.695024e+02
3.300000e-07	-4.351591e-06	-1.013449e-08	-3.086879e+01	-6.660596e+02
3.400000e-07	-4.289759e-06	-1.005381e-08	-3.043017e+01	-6.625133e+02
3.500000e-07	-4.226496e-06	-1.005178e-08	-2.998141e+01	-6.588951e+02
3.600000e-07	-4.161777e-06	-1.001625e-08	-2.952231e+01	-6.552243e+02
3.700000e-07	-4.095432e-06	-9.981809e-09	-2.905168e+01	-6.515024e+02
3.800000e-07	-4.027486e-06	-9.905393e-09	-2.856970e+01	-6.477137e+02
3.900000e-07	-3.958152e-06	-9.803376e-09	-2.807786e+01	-6.438297e+02
4.000000e-07	-3.887508e-06	-9.735798e-09	-2.757673e+01	-6.398169e+02
4.100000e-07	-3.815549e-06	-9.674511e-09	-2.706628e+01	-6.356458e+02
4.200000e-07	-3.742160e-06	-9.641210e-09	-2.654568e+01	-6.312988e+02
4.300000e-07	-3.667167e-06	-9.584618e-09	-2.601371e+01	-6.267749e+02
4.400000e-07	-3.590640e-06	-9.503532e-09	-2.547085e+01	-6.220897e+02
4.500000e-07	-3.512645e-06	-9.412390e-09	-2.491758e+01	-6.172719e+02
4.600000e-07	-3.433152e-06	-9.329319e-09	-2.435368e+01	-6.123553e+02
4.700000e-07	-3.352278e-06	-9.259120e-09	-2.377998e+01	-6.073706e+02
4.800000e-07	-3.270245e-06	-9.175856e-09	-2.319807e+01	-6.023381e+02
4.900000e-07	-3.187156e-06	-9.107237e-09	-2.260866e+01	-5.972625e+02
5.000000e-07	-3.103082e-06	-9.039301e-09	-2.201227e+01	-5.921328e+02
5.100000e-07	-3.018146e-06	-8.966086e-09	-2.140976e+01	-5.869260e+02
5.200000e-07	-2.932245e-06	-8.873597e-09	-2.080041e+01	-5.816127e+02
5.300000e-07	-2.845355e-06	-8.772186e-09	-2.018404e+01	-5.761655e+02
5.400000e-07	-2.757580e-06	-8.686547e-09	-1.956139e+01	-5.705655e+02
5.500000e-07	-2.668933e-06	-8.613353e-09	-1.893256e+01	-5.648060e+02
5.600000e-07	-2.579259e-06	-8.539780e-09	-1.829644e+01	-5.588935e+02
5.700000e-07	-2.488339e-06	-8.442942e-09	-1.765148e+01	-5.528446e+02
5.800000e-07	-2.396383e-06	-8.327912e-09	-1.699917e+01	-5.466801e+02
5.900000e-07	-2.303741e-06	-8.208598e-09	-1.634200e+01	-5.404192e+02
6.000000e-07	-2.210376e-06	-8.108625e-09	-1.567970e+01	-5.340737e+02
6.100000e-07	-2.116265e-06	-8.031065e-09	-1.501210e+01	-5.276451e+02
6.200000e-07	-2.021455e-06	-7.949264e-09	-1.433955e+01	-5.211244e+02
6.300000e-07	-1.925921e-06	-7.847230e-09	-1.366186e+01	-5.144952e+02
6.400000e-07	-1.829682e-06	-7.737675e-09	-1.297918e+01	-5.077384e+02
6.500000e-07	-1.732761e-06	-7.631463e-09	-1.229165e+01	-5.008381e+02
6.600000e-07	-1.635198e-06	-7.520115e-09	-1.159957e+01	-4.937848e+02
6.700000e-07	-1.537007e-06	-7.400440e-09	-1.090303e+01	-4.865787e+02
6.800000e-07	-1.438133e-06	-7.281754e-09	-1.020165e+01	-4.792278e+02
6.900000e-07	-1.338575e-06	-7.173777e-09	-9.495420e+00	-4.717455e+02
7.000000e-07	-1.238509e-06	-7.065652e-09	-8.785585e+00	-4.641452e+02
7.100000e-07	-1.138098e-06	-6.944170e-09	-8.073305e+00	-4.564363e+02
7.200000e-07	-1.037406e-06	-6.816100e-09	-7.359025e+00	-4.486197e+02
7.300000e-07	-9.364493e-07	-6.694320e-09	-6.642871e+00	-4.406868e+02
7.400000e-07	-8.351569e-07	-6.582893e-09	-5.924335e+00	-4.326201e+02
7.500000e-07	-7.335376e-07	-6.471153e-09	-5.203480e+00	-4.243962e+02
7.600000e-07	-6.316240e-07	-6.343758e-09	-4.480538e+00	-4.159891e+02
7.700000e-07	-5.294914e-07	-6.199160e-09	-3.756042e+00	-4.073746e+02
7.800000e-07	-4.272139e-07	-6.048630e-09	-3.030518e+00	-3.985318e+02
7.900000e-07	-3.248099e-07	-5.903347e-09	-2.304098e+00	-3.894443e+02
8.000000e-07	-2.223012e-07	-5.765546e-09	-1.576934e+00	-3.800987e+02
8.100000e-07	-1.197351e-07	-5.626782e-09	-8.493621e-01	-3.704815e+02
8.200000e-07	-1.715658e-08	-5.481245e-09	-1.217033e-01	-3.605765e+02
8.300000e-07	8.542837e-08	-5.328513e-09	6.060015e-01	-3.503624e+02
8.400000e-07	1.879878e-07	-5.166953e-09	1.333526e+00	-3.398113e+02
8.500000e-07	2.904966e-07	-4.994294e-09	2.060690e+00	-3.288905e+02
8.600000e-07	3.929091e-07	-4.814540e-09	2.787171e+00	-3.175646e+02
8.700000e-07	4.952181e-07	-4.633777e-09	3.512918e+00	-3.057995e+02
8.800000e-07	5.973928e-07	-4.450768e-09	4.237713e+00	-2.935657e+02
8.900000e-07	6.993751e-07	-4.260617e-09	4.961143e+00	-2.808412e+02
9.000000e-07	8.011034e-07	-4.056949e-09	5.682771e+00	-2.676123e+02
9.100000e-07	9.025209e-07	-3.842776e-09	6.402194e+00	-2.538733e+02
9.200000e-07	1.003618e-06	-3.624685e-09	7.119342e+00	-2.396236e+02
9.300000e-07	1.104392e-06	-3.404832e-09	7.834204e+00	-2.248653e+02
9.400000e-07	1.204836e-06	-3.177965e-09	8.546721e+00	-2.096002e+02
9.500000e-07	1.304954e-06	-2.938512e-09	9.256928e+00	-1.938280e+02
9.600000e-07	1.404657e-06	-2.688443e-09	9.964188e+00	-1.775465e+02
9.700000e-07	1.503788e-06	-2.428066e-09	1.066739e+01	-1.607524e+02
9.800000e-07	1.602228e-06	-2.160062e-09	1.136569e+01	-1.434439e+02
9.900000e-07	1.699922e-06	-1.888340e-09	1.205871e+01	-1.256234e+02
1.000000e-06	1.796933e-06	-1.614701e-09	1.274687e+01	-1.072993e+02
1.010000e-06	1.893267e-06	-1.335601e-09	1.343023e+01	-8.848730e+01
1.020000e-06	1.988908e-06	-1.044455e-09	1.410868e+01	-6.920929e+01
1.030000e-06	2.083833e-06	-7.415715e-10	1.478204e+01	-4.949188e+01
1.040000e-06	2.178048e-06	-4.296388e-10	1.545038e+01	-2.936364e+01
1.050000e-06	2.271571e-06	-1.139700e-10	1.611379e+01	-8.852537e+00
1.060000e-06	2.364422e-06	2.060891e-10	1.677245e+01	1.201567e+01
1.070000e-06	2.456545e-06	5.312456e-10	1.742595e+01	3.321790e+01
1.080000e-06	2.547827e-06	8.605822e-10	1.807346e+01	5.473269e+01
1.090000e-06	2.638089e-06	1.193442e-09	1.871376e+01	7.653809e+01
1.100000e-06	2.727257e-06	1.529915e-09	1.934629e+01	9.860903e+01
1.110000e-06	2.815401e-06	1.871603e-09	1.997155e+01	1.209150e+02
1.120000e-06	2.902547e-06	2.215773e-09	2.058974e+01	1.434186e+02
1.130000e-06	2.988691e-06	2.557822e-09	2.120082e+01	1.660750e+02
1.140000e-06	3.073863e-06	2.900177e-09	2.180500e+01	1.888331e+02
1.150000e-06	3.158094e-06	3.246935e-09	2.240251e+01	2.116370e+02
1.160000e-06	3.241345e-06	3.599283e-09	2.299306e+01	2.344274e+02
1.170000e-06	3.323481e-06	3.952751e-09	2.357571e+01	2.571437e+02
1.180000e-06	3.404296e-06	4.298393e-09	2.414898e+01	2.797238e+02
1.190000e-06	3.483799e-06	4.635719e-09	2.471296e+01	3.021041e+02
1.200000e-06	3.562070e-06	4.968210e-09	2.526819e+01	3.242191e+02
1.210000e-06	3.639135e-06	5.298996e-09	2.581486e+01	3.460001e+02
1.220000e-06	3.714918e-06	5.625208e-09	2.635244e+01	3.673758e+02
1.230000e-06	3.789169e-06	5.945099e-09	2.687915e+01	3.882727e+02
1.240000e-06	3.861818e-06	6.256935e-09	2.739450e+01	4.086180e+02
1.250000e-06	3.933041e-06	6.557556e-09	2.789973e+01	4.283423e+02
1.260000e-06	4.002922e-06	6.844970e-09	2.839545e+01	4.473834e+02
1.270000e-06	4.071487e-06	7.119196e-09	2.888182e+01	4.656894e+02
1.280000e-06	4.138758e-06	7.382159e-09	2.935902e+01	4.832205e+02
1.290000e-06	4.204421e-06	7.635175e-09	2.982481e+01	4.999493e+02
1.300000e-06	4.268391e-06	7.879633e-09	3.027859e+01	5.158597e+02
1.310000e-06	4.330933e-06	8.110428e-09	3.072225e+01	5.309439e+02
1.320000e-06	4.392133e-06	8.324516e-09	3.115638e+01	5.452001e+02
1.330000e-06	4.451995e-06	8.523674e-09	3.158102e+01	5.586293e+02
1.340000e-06	4.510214e-06	8.710445e-09	3.199402e+01	5.712345e+02
1.350000e-06	4.566656e-06	8.886709e-09	3.239439e+01	5.830210e+02
1.360000e-06	4.621450e-06	9.053582e-09	3.278309e+01	5.939978e+02
1.370000e-06	4.674547e-06	9.211151e-09	3.315974e+01	6.041808e+02
1.380000e-06	4.725755e-06	9.354883e-09	3.352299e+01	6.135949e+02
1.390000e-06	4.774884e-06	9.485181e-09	3.387150e+01	6.222761e+02
1.400000e-06	4.822137e-06	9.604622e-09	3.420669e+01	6.302710e+02
1.410000e-06	4.867805e-06	9.715453e-09	3.453065e+01	6.376349e+02
1.420000e-06	4.911932e-06	9.818627e-09	3.484367e+01	6.444281e+02
1.430000e-06	4.954236e-06	9.914002e-09	3.514376e+01	6.507106e+02
1.440000e-06	4.994611e-06	1.000053e-08	3.543017e+01	6.565381e+02
1.450000e-06	5.033253e-06	1.007850e-08	3.570428e+01	6.619575e+02
1.460000e-06	5.070251e-06	1.015087e-08	3.596674e+01	6.670054e+02
1.470000e-06	5.105644e-06	1.022058e-08	3.621780e+01	6.717084e+02
1.480000e-06	5.139155e-06	1.028876e-08	3.645552e+01	6.760851e+02
1.490000e-06	5.170731e-06	1.035133e-08	3.667951e+01	6.801493e+02
1.500000e-06	5.200593e-06	1.040744e-08	3.689134e+01	6.839131e+02
1.510000e-06	5.228820e-06	1.045780e-08	3.709157e+01	6.873898e+02
1.520000e-06	5.255121e-06	1.050255e-08	3.727815e+01	6.905948e+02
1.530000e-06	5.279337e-06	1.054410e-08	3.744992e+01	6.935454e+02
1.540000e-06	5.301678e-06	1.058331e-08	3.760841e+01	6.962595e+02
1.550000e-06	5.322317e-06	1.062084e-08	3.775481e+01	6.987531e+02
1.560000e-06	5.341205e-06	1.065676e-08	3.788880e+01	7.010395e+02
1.570000e-06	5.358113e-06	1.068945e-08	3.800874e+01	7.031280e+02
1.580000e-06	5.373051e-06	1.071685e-08	3.811470e+01	7.050251e+02
1.590000e-06	5.386072e-06	1.073902e-08	3.820707e+01	7.067357e+02
1.600000e-06	5.396948e-06	1.075808e-08	3.828422e+01	7.082658e+02
1.610000e-06	5.405642e-06	1.077691e-08	3.834589e+01	7.096238e+02
1.620000e-06	5.412397e-06	1.079617e-08	3.839381e+01	7.108216e+02
1.630000e-06	5.417355e-06	1.081449e-08	3.842898e+01	7.118734e+02
1.640000e-06	5.420527e-06	1.082985e-08	3.845148e+01	7.127938e+02
1.650000e-06	5.421728e-06	1.084214e-08	3.846000e+01	7.135947e+02
1.660000e-06	5.420977e-06	1.084845e-08	3.845467e+01	7.142824e+02
1.670000e-06	5.418531e-06	1.085533e-08	3.843732e+01	7.148562e+02
1.680000e-06	5.414539e-06	1.086179e-08	3.840901e+01	7.153080e+02
1.690000e-06	5.408691e-06	1.086451e-08	3.836752e+01	7.156253e+02
1.700000e-06	5.400914e-06	1.086780e-08	3.831235e+01	7.157944e+02
1.710000e-06	5.391528e-06	1.087266e-08	3.824577e+01	7.158059e+02
1.720000e-06	5.380519e-06	1.088655e-08	3.816768e+01	7.156578e+02
1.730000e-06	5.367660e-06	1.088505e-08	3.807646e+01	7.153585e+02
1.740000e-06	5.352700e-06	1.079878e-08	3.797034e+01	7.149256e+02
1.750000e-06	5.335492e-06	1.078864e-08	3.784827e+01	7.143828e+02
1.760000e-06	5.315926e-06	1.081326e-08	3.770947e+01	7.137545e+02
1.770000e-06	5.293900e-06	1.082164e-08	3.755323e+01	7.130597e+02
1.780000e-06	5.270011e-06	1.093809e-08	3.738377e+01	7.123063e+02
1.790000e-06	5.245163e-06	1.082734e-08	3.720750e+01	7.114889e+02
1.800000e-06	5.219112e-06	1.073549e-08	3.702271e+01	7.105890e+02
1.810000e-06	5.191162e-06	1.083981e-08	3.682444e+01	7.095794e+02
1.820000e-06	5.161274e-06	1.067037e-08	3.661242e+01	7.084304e+02
1.830000e-06	5.129540e-06	1.069237e-08	3.638731e+01	7.071179e+02
1.840000e-06	5.095949e-06	1.086150e-08	3.614903e+01	7.056294e+02
1.850000e-06	5.060755e-06	1.070294e-08	3.589937e+01	7.039678e+02
1.860000e-06	5.023760e-06	1.075244e-08	3.563694e+01	7.021513e+02
1.870000e-06	4.984797e-06	1.076175e-08	3.536055e+01	7.002087e+02
1.880000e-06	4.944200e-06	1.057366e-08	3.507257e+01	6.981722e+02
1.890000e-06	4.901790e-06	1.061334e-08	3.477172e+01	6.960691e+02
1.900000e-06	4.857743e-06	1.053856e-08	3.445927e+01	6.939140e+02
1.910000e-06	4.812122e-06	1.055799e-08	3.413565e+01	6.917047e+02
1.920000e-06	4.764590e-06	1.061434e-08	3.379848e+01	6.894223e+02
1.930000e-06	4.715338e-06	1.043496e-08	3.344909e+01	6.870353e+02
1.940000e-06	4.664316e-06	1.045288e-08	3.308716e+01	6.845072e+02
1.950000e-06	4.611417e-06	1.041782e-08	3.271191e+01	6.818063e+02
1.960000e-06	4.556646e-06	1.034574e-08	3.232339e+01	6.789129e+02
1.970000e-06	4.500033e-06	1.029477e-08	3.192179e+01	6.758254e+02
1.980000e-06	4.441919e-06	1.025025e-08	3.150955e+01	6.725597e+02
1.990000e-06	4.382406e-06	1.032385e-08	3.108739e+01	6.691461e+02
2.000000e-06	4.321284e-06	1.016586e-08	3.065380e+01	6.656211e+02
2.010000e-06	4.258413e-06	1.006910e-08	3.020782e+01	6.620183e+02
2.020000e-06	4.193966e-06	1.002956e-08	2.975065e+01	6.583602e+02
2.030000e-06	4.128113e-06	9.951830e-09	2.928351e+01	6.546522e+02
2.040000e-06	4.060794e-06	9.974748e-09	2.880597e+01	6.508820e+02
2.050000e-06	3.992068e-06	9.882219e-09	2.831845e+01	6.470234e+02
2.060000e-06	3.921835e-06	9.855366e-09	2.782024e+01	6.430432e+02
2.070000e-06	3.850043e-06	9.764494e-09	2.731097e+01	6.389101e+02
2.080000e-06	3.776832e-06	9.644789e-09	2.679164e+01	6.346037e+02
2.090000e-06	3.702256e-06	9.610889e-09	2.626262e+01	6.301190e+02
2.100000e-06	3.626249e-06	9.537046e-09	2.572345e+01	6.254685e+02
2.110000e-06	3.548618e-06	9.496252e-09	2.517276e+01	6.206785e+02
2.120000e-06	3.469473e-06	9.397101e-09	2.461133e+01	6.157824e+02
2.130000e-06	3.389124e-06	9.342249e-09	2.404136e+01	6.108123e+02
2.140000e-06	3.307672e-06	9.277466e-09	2.346357e+01	6.057912e+02
2.150000e-06	3.225131e-06	9.166369e-09	2.287804e+01	6.007274e+02
2.160000e-06	3.141536e-06	9.076402e-09	2.228505e+01	5.956132e+02
2.170000e-06	3.056944e-06	8.996134e-09	2.168498e+01	5.904274e+02
2.180000e-06	2.971136e-06	8.961329e-09	2.107628e+01	5.851415e+02
2.190000e-06	2.883984e-06	8.874565e-09	2.045806e+01	5.797272e+02
2.200000e-06	2.795799e-06	8.770927e-09	1.983250e+01	5.741631e+02
2.210000e-06	2.706757e-06	8.662153e-09	1.920087e+01	5.684398e+02
2.220000e-06	2.616817e-06	8.565479e-09	1.856286e+01	5.625612e+02
2.230000e-06	2.526030e-06	8.495825e-09	1.791885e+01	5.565419e+02
2.240000e-06	2.434449e-06	8.426846e-09	1.726920e+01	5.504026e+02
2.250000e-06	2.342034e-06	8.355203e-09	1.661364e+01	5.441632e+02
2.260000e-06	2.248837e-06	8.234399e-09	1.595253e+01	5.378375e+02
2.270000e-06	2.154734e-06	8.113286e-09	1.528499e+01	5.314293e+02
2.280000e-06	2.059638e-06	8.014645e-09	1.461041e+01	5.249317e+02
2.290000e-06	1.963761e-06	7.922791e-09	1.393029e+01	5.183295e+02
2.300000e-06	1.867301e-06	7.811961e-09	1.324603e+01	5.116038e+02
2.310000e-06	1.770313e-06	7.697238e-09	1.255803e+01	5.047374e+02
2.320000e-06	1.672703e-06	7.610047e-09	1.186562e+01	4.977194e+02
2.330000e-06	1.574563e-06	7.517204e-09	1.116945e+01	4.905478e+02
2.340000e-06	1.476001e-06	7.397479e-09	1.047028e+01	4.832291e+02
2.350000e-06	1.376982e-06	7.264504e-09	9.767871e+00	4.757759e+02
2.360000e-06	1.277495e-06	7.151977e-09	9.062141e+00	4.682021e+02
2.370000e-06	1.177554e-06	7.053167e-09	8.353192e+00	4.605182e+02
2.380000e-06	1.077154e-06	6.943471e-09	7.640982e+00	4.527272e+02
2.390000e-06	9.763269e-07	6.814374e-09	6.925750e+00	4.448226e+02
2.400000e-06	8.751826e-07	6.672090e-09	6.208265e+00	4.367886e+02
2.410000e-06	7.737811e-07	6.535806e-09	5.488955e+00	4.286026e+02
2.420000e-06	6.721189e-07	6.414559e-09	4.767796e+00	4.202392e+02
2.430000e-06	5.701781e-07	6.303880e-09	4.044661e+00	4.116731e+02
2.440000e-06	4.679803e-07	6.181534e-09	3.319703e+00	4.028829e+02
2.450000e-06	3.655286e-07	6.035683e-09	2.592943e+00	3.938513e+02
2.460000e-06	2.628843e-07	5.884765e-09	1.864817e+00	3.845642e+02
2.470000e-06	1.601674e-07	5.740136e-09	1.136176e+00	3.750086e+02
2.480000e-06	5.739237e-08	5.592802e-09	4.071231e-01	3.651691e+02
2.490000e-06	-4.540242e-08	5.434872e-09	-3.220702e-01	3.550254e+02
2.500000e-06	-1.481773e-07	5.274385e-09	-1.051122e+00	3.445513e+02
2.510000e-06	-2.508590e-07	5.116770e-09	-1.779513e+00	3.337148e+02
2.520000e-06	-3.533423e-07	4.949820e-09	-2.506497e+00	3.224809e+02
2.530000e-06	-4.556653e-07	4.766550e-09	-3.232344e+00	3.108148e+02
2.540000e-06	-5.577981e-07	4.573551e-09	-3.956841e+00	2.986857e+02
2.550000e-06	-6.596652e-07	4.381548e-09	-4.679454e+00	2.860700e+02
2.560000e-06	-7.612355e-07	4.189494e-09	-5.399961e+00	2.729521e+02
2.570000e-06	-8.624715e-07	3.990921e-09	-6.118097e+00	2.593247e+02
2.580000e-06	-9.634004e-07	3.777696e-09	-6.834054e+00	2.451865e+02
2.590000e-06	-1.064027e-06	3.547123e-09	-7.547867e+00	2.305391e+02
2.600000e-06	-1.164285e-06	3.306579e-09	-8.259064e+00	2.153847e+02
2.610000e-06	-1.264103e-06	3.063548e-09	-8.967139e+00	1.997236e+02
2.620000e-06	-1.363396e-06	2.821215e-09	-9.671493e+00	1.835536e+02
2.630000e-06	-1.462170e-06	2.573439e-09	-1.037217e+01	1.668718e+02
2.640000e-06	-1.560510e-06	2.312203e-09	-1.106975e+01	1.496757e+02
2.650000e-06	-1.658354e-06	2.037942e-09	-1.176383e+01	1.319665e+02
2.660000e-06	-1.755586e-06	1.754159e-09	-1.245356e+01	1.137515e+02
2.670000e-06	-1.852269e-06	1.464278e-09	-1.313940e+01	9.504449e+01
2.680000e-06	-1.948450e-06	1.171158e-09	-1.382168e+01	7.586638e+01
2.690000e-06	-2.044036e-06	8.747036e-10	-1.449974e+01	5.624292e+01
2.700000e-06	-2.138832e-06	5.744749e-10	-1.517219e+01	3.620246e+01
2.710000e-06	-2.232736e-06	2.663375e-10	-1.583832e+01	1.577331e+01
2.720000e-06	-2.325785e-06	-5.228662e-11	-1.649837e+01	-5.018235e+00
2.730000e-06	-2.417969e-06	-3.793218e-10	-1.715230e+01	-2.614856e+01
2.740000e-06	-2.509244e-06	-7.099995e-10	-1.779977e+01	-4.759600e+01
2.750000e-06	-2.599596e-06	-1.039244e-09	-1.844070e+01	-6.933892e+01
2.760000e-06	-2.689001e-06	-1.369068e-09	-1.907491e+01	-9.135315e+01
2.770000e-06	-2.777502e-06	-1.704323e-09	-1.970271e+01	-1.136095e+02
2.780000e-06	-2.865133e-06	-2.048106e-09	-2.032433e+01	-1.360721e+02
2.790000e-06	-2.951775e-06	-2.399100e-09	-2.093894e+01	-1.586977e+02
2.800000e-06	-3.037285e-06	-2.748532e-09	-2.154552e+01	-1.814364e+02
2.810000e-06	-3.121607e-06	-3.092230e-09	-2.214368e+01	-2.042332e+02
2.820000e-06	-3.204866e-06	-3.433651e-09	-2.273429e+01	-2.270295e+02
2.830000e-06	-3.287060e-06	-3.778613e-09	-2.331735e+01	-2.497647e+02
2.840000e-06	-3.368111e-06	-4.127965e-09	-2.389230e+01	-2.723770e+02
2.850000e-06	-3.448072e-06	-4.475031e-09	-2.445952e+01	-2.948034e+02
2.860000e-06	-3.526839e-06	-4.814778e-09	-2.501827e+01	-3.169787e+02
2.870000e-06	-3.604165e-06	-5.146610e-09	-2.556679e+01	-3.388351e+02
2.880000e-06	-3.679964e-06	-5.471223e-09	-2.610449e+01	-3.603016e+02
2.890000e-06	-3.754305e-06	-5.789344e-09	-2.663184e+01	-3.813052e+02
2.900000e-06	-3.827309e-06	-6.101183e-09	-2.714970e+01	-4.017725e+02
2.910000e-06	-3.899046e-06	-6.406094e-09	-2.765858e+01	-4.216333e+02
2.920000e-06	-3.969326e-06	-6.704205e-09	-2.815712e+01	-4.408234e+02
2.930000e-06	-4.038013e-06	-6.992454e-09	-2.864437e+01	-4.592885e+02
2.940000e-06	-4.105294e-06	-7.266930e-09	-2.912164e+01	-4.769862e+02
2.950000e-06	-4.171179e-06	-7.524667e-09	-2.958901e+01	-4.938865e+02
2.960000e-06	-4.235684e-06	-7.768610e-09	-3.004658e+01	-5.099709e+02
2.970000e-06	-4.298819e-06	-8.004455e-09	-3.049445e+01	-5.252304e+02
2.980000e-06	-4.360229e-06	-8.232057e-09	-3.093007e+01	-5.396618e+02
2.990000e-06	-4.419947e-06	-8.444599e-09	-3.135369e+01	-5.532658e+02
3.000000e-06	-4.478191e-06	-8.637698e-09	-3.176685e+01	-5.660451e+02
3.010000e-06	-4.534924e-06	-8.817609e-09	-3.216930e+01	-5.780042e+02
3.020000e-06	-4.590045e-06	-8.987999e-09	-3.256031e+01	-5.891513e+02
3.030000e-06	-4.643228e-06	-9.148063e-09	-3.293757e+01	-5.995005e+02
3.040000e-06	-4.694524e-06	-9.297491e-09	-3.330145e+01	-6.090746e+02
3.050000e-06	-4.744043e-06	-9.436536e-09	-3.365272e+01	-6.179071e+02
3.060000e-06	-4.791518e-06	-9.563444e-09	-3.398949e+01	-6.260425e+02
3.070000e-06	-4.837209e-06	-9.676557e-09	-3.431361e+01	-6.335345e+02
3.080000e-06	-4.881442e-06	-9.781018e-09	-3.462738e+01	-6.404426e+02
3.090000e-06	-4.924133e-06	-9.879414e-09	-3.493022e+01	-6.468275e+02
3.100000e-06	-4.965242e-06	-9.972323e-09	-3.522184e+01	-6.527461e+02
3.110000e-06	-5.004735e-06	-1.005991e-08	-3.550199e+01	-6.582473e+02
3.120000e-06	-5.042359e-06	-1.014342e-08	-3.576888e+01	-6.633700e+02
3.130000e-06	-5.078101e-06	-1.021992e-08	-3.602242e+01	-6.681430e+02
3.140000e-06	-5.112122e-06	-1.028601e-08	-3.626375e+01	-6.725862e+02
3.150000e-06	-5.144438e-06	-1.034705e-08	-3.649299e+01	-6.767142e+02
3.160000e-06	-5.174906e-06	-1.040616e-08	-3.670912e+01	-6.805391e+02
3.170000e-06	-5.203439e-06	-1.046425e-08	-3.691153e+01	-6.840739e+02
3.180000e-06	-5.230156e-06	-1.051696e-08	-3.710105e+01	-6.873336e+02
3.190000e-06	-5.255088e-06	-1.056386e-08	-3.727791e+01	-6.903351e+02
3.200000e-06	-5.278182e-06	-1.060671e-08	-3.744173e+01	-6.930962e+02
3.210000e-06	-5.299238e-06	-1.064766e-08	-3.759110e+01	-6.956337e+02
3.220000e-06	-5.318392e-06	-1.068461e-08	-3.772697e+01	-6.979614e+02
3.230000e-06	-5.335864e-06	-1.071702e-08	-3.785091e+01	-7.000895e+02
3.240000e-06	-5.351449e-06	-1.074584e-08	-3.796147e+01	-7.020250e+02
3.250000e-06	-5.364844e-06	-1.077107e-08	-3.805649e+01	-7.037730e+02
3.260000e-06	-5.376064e-06	-1.079318e-08	-3.813608e+01	-7.053390e+02
3.270000e-06	-5.385385e-06	-1.081474e-08	-3.820219e+01	-7.067308e+02
3.280000e-06	-5.392847e-06	-1.083658e-08	-3.825513e+01	-7.079596e+02
3.290000e-06	-5.398285e-06	-1.085820e-08	-3.829370e+01	-7.090393e+02
3.300000e-06	-5.401853e-06	-1.087515e-08	-3.831901e+01	-7.099845e+02
3.310000e-06	-5.403708e-06	-1.088591e-08	-3.833217e+01	-7.108081e+02
3.320000e-06	-5.403810e-06	-1.089763e-08	-3.833289e+01	-7.115178e+02
