# Temperatura_=_29.85
# Concentracion g/m^3_=_32800.0
# C_Vs_to_Am_M_A/Vsm_=_65563218390.804596
# pendiente_HvsI_1/m_=_3716.3
# ordenada_HvsI_A/m_=_1297.0
# frecuencia_Hz_=_300815.6530249087

Tiempo_(s)	Campo_(V.s)	Magnetizacion_(V.s)	Campo_(kA/m)	Magnetizacion_(A/m)
0.000000e+00	-5.420129e-06	-9.895110e-09	-3.833117e+01	-6.461573e+02
1.000000e-08	-5.418957e-06	-9.904053e-09	-3.832289e+01	-6.466220e+02
2.000000e-08	-5.415863e-06	-9.906744e-09	-3.830100e+01	-6.469675e+02
3.000000e-08	-5.411011e-06	-9.908379e-09	-3.826669e+01	-6.471863e+02
4.000000e-08	-5.404551e-06	-9.908650e-09	-3.822100e+01	-6.472674e+02
5.000000e-08	-5.396446e-06	-9.905277e-09	-3.816368e+01	-6.471995e+02
6.000000e-08	-5.386351e-06	-9.899246e-09	-3.809229e+01	-6.469743e+02
7.000000e-08	-5.374184e-06	-9.883986e-09	-3.800625e+01	-6.465909e+02
8.000000e-08	-5.360104e-06	-9.882109e-09	-3.790668e+01	-6.460570e+02
9.000000e-08	-5.343759e-06	-9.930197e-09	-3.779108e+01	-6.453892e+02
1.000000e-07	-5.325110e-06	-9.915686e-09	-3.765919e+01	-6.446097e+02
1.100000e-07	-5.304494e-06	-9.869309e-09	-3.751340e+01	-6.437420e+02
1.200000e-07	-5.282111e-06	-9.855772e-09	-3.735511e+01	-6.428054e+02
1.300000e-07	-5.258215e-06	-9.761293e-09	-3.718611e+01	-6.418100e+02
1.400000e-07	-5.232837e-06	-9.745038e-09	-3.700664e+01	-6.407538e+02
1.500000e-07	-5.205720e-06	-9.872040e-09	-3.681487e+01	-6.396231e+02
1.600000e-07	-5.176914e-06	-9.757640e-09	-3.661116e+01	-6.383958e+02
1.700000e-07	-5.146630e-06	-9.761906e-09	-3.639698e+01	-6.370466e+02
1.800000e-07	-5.114630e-06	-9.834944e-09	-3.617068e+01	-6.355543e+02
1.900000e-07	-5.080575e-06	-9.651360e-09	-3.592985e+01	-6.339072e+02
2.000000e-07	-5.044735e-06	-9.663819e-09	-3.567638e+01	-6.321071e+02
2.100000e-07	-5.007265e-06	-9.652180e-09	-3.541140e+01	-6.301692e+02
2.200000e-07	-4.968006e-06	-9.528137e-09	-3.513376e+01	-6.281187e+02
2.300000e-07	-4.926897e-06	-9.586941e-09	-3.484304e+01	-6.259841e+02
2.400000e-07	-4.883825e-06	-9.593683e-09	-3.453843e+01	-6.237896e+02
2.500000e-07	-4.839021e-06	-9.509088e-09	-3.422157e+01	-6.215477e+02
2.600000e-07	-4.792511e-06	-9.441833e-09	-3.389266e+01	-6.192548e+02
2.700000e-07	-4.744023e-06	-9.356980e-09	-3.354975e+01	-6.168908e+02
2.800000e-07	-4.693472e-06	-9.391433e-09	-3.319225e+01	-6.144222e+02
2.900000e-07	-4.640940e-06	-9.390679e-09	-3.282074e+01	-6.118096e+02
3.000000e-07	-4.586727e-06	-9.312672e-09	-3.243735e+01	-6.090163e+02
3.100000e-07	-4.530868e-06	-9.213187e-09	-3.204231e+01	-6.060170e+02
3.200000e-07	-4.473283e-06	-9.165277e-09	-3.163508e+01	-6.028035e+02
3.300000e-07	-4.414013e-06	-9.159421e-09	-3.121592e+01	-5.993870e+02
3.400000e-07	-4.353166e-06	-9.068700e-09	-3.078561e+01	-5.957950e+02
3.500000e-07	-4.290877e-06	-9.015214e-09	-3.034510e+01	-5.920655e+02
3.600000e-07	-4.227140e-06	-8.967739e-09	-2.989435e+01	-5.882376e+02
3.700000e-07	-4.161856e-06	-8.922236e-09	-2.943266e+01	-5.843432e+02
3.800000e-07	-4.094878e-06	-8.886697e-09	-2.895899e+01	-5.803998e+02
3.900000e-07	-4.026370e-06	-8.788182e-09	-2.847450e+01	-5.764078e+02
4.000000e-07	-3.956527e-06	-8.701838e-09	-2.798057e+01	-5.723514e+02
4.100000e-07	-3.885331e-06	-8.644166e-09	-2.747707e+01	-5.682040e+02
4.200000e-07	-3.812837e-06	-8.611467e-09	-2.696440e+01	-5.639358e+02
4.300000e-07	-3.738901e-06	-8.562832e-09	-2.644152e+01	-5.595219e+02
4.400000e-07	-3.663336e-06	-8.465836e-09	-2.590713e+01	-5.549483e+02
4.500000e-07	-3.586243e-06	-8.373562e-09	-2.536192e+01	-5.502157e+02
4.600000e-07	-3.507674e-06	-8.302561e-09	-2.480629e+01	-5.453384e+02
4.700000e-07	-3.427719e-06	-8.243121e-09	-2.424084e+01	-5.403399e+02
4.800000e-07	-3.346461e-06	-8.163574e-09	-2.366619e+01	-5.352469e+02
4.900000e-07	-3.263980e-06	-8.074226e-09	-2.308288e+01	-5.300821e+02
5.000000e-07	-3.180452e-06	-8.007654e-09	-2.249217e+01	-5.248582e+02
5.100000e-07	-3.096005e-06	-7.932489e-09	-2.189496e+01	-5.195759e+02
5.200000e-07	-3.010638e-06	-7.839830e-09	-2.129124e+01	-5.142235e+02
5.300000e-07	-2.924302e-06	-7.741694e-09	-2.068067e+01	-5.087813e+02
5.400000e-07	-2.837039e-06	-7.661345e-09	-2.006355e+01	-5.032269e+02
5.500000e-07	-2.748825e-06	-7.588423e-09	-1.943970e+01	-4.975408e+02
5.600000e-07	-2.659568e-06	-7.498317e-09	-1.880847e+01	-4.917119e+02
5.700000e-07	-2.569219e-06	-7.400048e-09	-1.816953e+01	-4.857389e+02
5.800000e-07	-2.477796e-06	-7.295901e-09	-1.752298e+01	-4.796304e+02
5.900000e-07	-2.385483e-06	-7.196309e-09	-1.687015e+01	-4.734013e+02
6.000000e-07	-2.292430e-06	-7.095868e-09	-1.621207e+01	-4.670683e+02
6.100000e-07	-2.198609e-06	-6.999359e-09	-1.554857e+01	-4.606453e+02
6.200000e-07	-2.104058e-06	-6.906131e-09	-1.487991e+01	-4.541394e+02
6.300000e-07	-2.008822e-06	-6.811351e-09	-1.420639e+01	-4.475493e+02
6.400000e-07	-1.912869e-06	-6.710512e-09	-1.352782e+01	-4.408668e+02
6.500000e-07	-1.816191e-06	-6.598432e-09	-1.284411e+01	-4.340789e+02
6.600000e-07	-1.718824e-06	-6.484232e-09	-1.215553e+01	-4.271724e+02
6.700000e-07	-1.620793e-06	-6.377708e-09	-1.146226e+01	-4.201372e+02
6.800000e-07	-1.522102e-06	-6.280283e-09	-1.076431e+01	-4.129690e+02
6.900000e-07	-1.422715e-06	-6.169045e-09	-1.006145e+01	-4.056701e+02
7.000000e-07	-1.322723e-06	-6.043071e-09	-9.354304e+00	-3.982476e+02
7.100000e-07	-1.222340e-06	-5.919103e-09	-8.644393e+00	-3.907109e+02
7.200000e-07	-1.121637e-06	-5.806085e-09	-7.932221e+00	-3.830677e+02
7.300000e-07	-1.020587e-06	-5.695502e-09	-7.217599e+00	-3.753210e+02
7.400000e-07	-9.192306e-07	-5.575978e-09	-6.500802e+00	-3.674669e+02
7.500000e-07	-8.175957e-07	-5.453362e-09	-5.782040e+00	-3.594947e+02
7.600000e-07	-7.156167e-07	-5.330102e-09	-5.060844e+00	-3.513875e+02
7.700000e-07	-6.133461e-07	-5.206208e-09	-4.337586e+00	-3.431253e+02
7.800000e-07	-5.109056e-07	-5.073288e-09	-3.613126e+00	-3.346874e+02
7.900000e-07	-4.083106e-07	-4.931550e-09	-2.887574e+00	-3.260546e+02
8.000000e-07	-3.055796e-07	-4.791796e-09	-2.161060e+00	-3.172103e+02
8.100000e-07	-2.027713e-07	-4.659753e-09	-1.434000e+00	-3.081402e+02
8.200000e-07	-9.990081e-08	-4.525842e-09	-7.064989e-01	-2.988305e+02
8.300000e-07	3.043495e-09	-4.376856e-09	2.152361e-02	-2.892664e+02
8.400000e-07	1.059991e-07	-4.219094e-09	7.496258e-01	-2.794294e+02
8.500000e-07	2.088941e-07	-4.062756e-09	1.477300e+00	-2.692974e+02
8.600000e-07	3.117385e-07	-3.907882e-09	2.204616e+00	-2.588443e+02
8.700000e-07	4.145173e-07	-3.744379e-09	2.931468e+00	-2.480419e+02
8.800000e-07	5.171523e-07	-3.570921e-09	3.657303e+00	-2.368628e+02
8.900000e-07	6.196179e-07	-3.391822e-09	4.381940e+00	-2.252826e+02
9.000000e-07	7.218909e-07	-3.209603e-09	5.105215e+00	-2.132826e+02
9.100000e-07	8.238940e-07	-3.020194e-09	5.826581e+00	-2.008510e+02
9.200000e-07	9.255507e-07	-2.822054e-09	6.545498e+00	-1.879823e+02
9.300000e-07	1.026847e-06	-2.620180e-09	7.261867e+00	-1.746767e+02
9.400000e-07	1.127802e-06	-2.414653e-09	7.975819e+00	-1.609373e+02
9.500000e-07	1.228451e-06	-2.204579e-09	8.687608e+00	-1.467685e+02
9.600000e-07	1.328741e-06	-1.982948e-09	9.396858e+00	-1.321745e+02
9.700000e-07	1.428574e-06	-1.749260e-09	1.010288e+01	-1.171587e+02
9.800000e-07	1.527934e-06	-1.509016e-09	1.080555e+01	-1.017247e+02
9.900000e-07	1.626672e-06	-1.266418e-09	1.150383e+01	-8.587787e+01
1.000000e-06	1.724694e-06	-1.020005e-09	1.219704e+01	-6.962715e+01
1.010000e-06	1.821954e-06	-7.692223e-10	1.288487e+01	-5.298691e+01
1.020000e-06	1.918388e-06	-5.138433e-10	1.356685e+01	-3.597762e+01
1.030000e-06	2.014125e-06	-2.501275e-10	1.424390e+01	-1.862553e+01
1.040000e-06	2.109250e-06	1.829145e-11	1.491662e+01	-9.613372e-01
1.050000e-06	2.203689e-06	2.908745e-10	1.558450e+01	1.698192e+01
1.060000e-06	2.297349e-06	5.678865e-10	1.624686e+01	3.517090e+01
1.070000e-06	2.390230e-06	8.485869e-10	1.690371e+01	5.357360e+01
1.080000e-06	2.482409e-06	1.131914e-09	1.755560e+01	7.215993e+01
1.090000e-06	2.573876e-06	1.417318e-09	1.820246e+01	9.090136e+01
1.100000e-06	2.664361e-06	1.706019e-09	1.884237e+01	1.097696e+02
1.110000e-06	2.753575e-06	1.995662e-09	1.947329e+01	1.287352e+02
1.120000e-06	2.841686e-06	2.285945e-09	2.009641e+01	1.477656e+02
1.130000e-06	2.928915e-06	2.573343e-09	2.071330e+01	1.668252e+02
1.140000e-06	3.015217e-06	2.859900e-09	2.132363e+01	1.858750e+02
1.150000e-06	3.100537e-06	3.146227e-09	2.192701e+01	2.048741e+02
1.160000e-06	3.184903e-06	3.432937e-09	2.252364e+01	2.237814e+02
1.170000e-06	3.268296e-06	3.720326e-09	2.311340e+01	2.425574e+02
1.180000e-06	3.350455e-06	4.006154e-09	2.369443e+01	2.611650e+02
1.190000e-06	3.431317e-06	4.287796e-09	2.426629e+01	2.795705e+02
1.200000e-06	3.510994e-06	4.563308e-09	2.482976e+01	2.977419e+02
1.210000e-06	3.589376e-06	4.833739e-09	2.538408e+01	3.156481e+02
1.220000e-06	3.666466e-06	5.098384e-09	2.592926e+01	3.332567e+02
1.230000e-06	3.742278e-06	5.358316e-09	2.646540e+01	3.505327e+02
1.240000e-06	3.816493e-06	5.612436e-09	2.699026e+01	3.674379e+02
1.250000e-06	3.889038e-06	5.862033e-09	2.750329e+01	3.839316e+02
1.260000e-06	3.960212e-06	6.105588e-09	2.800664e+01	3.999726e+02
1.270000e-06	4.030058e-06	6.343879e-09	2.850058e+01	4.155217e+02
1.280000e-06	4.098556e-06	6.574328e-09	2.898500e+01	4.305439e+02
1.290000e-06	4.165663e-06	6.793890e-09	2.945959e+01	4.450110e+02
1.300000e-06	4.231109e-06	7.003235e-09	2.992242e+01	4.589019e+02
1.310000e-06	4.294926e-06	7.204233e-09	3.037373e+01	4.722023e+02
1.320000e-06	4.357323e-06	7.396247e-09	3.081501e+01	4.849032e+02
1.330000e-06	4.418359e-06	7.578733e-09	3.124665e+01	4.969985e+02
1.340000e-06	4.478091e-06	7.753174e-09	3.166907e+01	5.084834e+02
1.350000e-06	4.536169e-06	7.918936e-09	3.207980e+01	5.193532e+02
1.360000e-06	4.592410e-06	8.075333e-09	3.247754e+01	5.296036e+02
1.370000e-06	4.647017e-06	8.220340e-09	3.286372e+01	5.392325e+02
1.380000e-06	4.699952e-06	8.355448e-09	3.323808e+01	5.482421e+02
1.390000e-06	4.750956e-06	8.482572e-09	3.359878e+01	5.566423e+02
1.400000e-06	4.799871e-06	8.602022e-09	3.394471e+01	5.644520e+02
1.410000e-06	4.846937e-06	8.713238e-09	3.427756e+01	5.717005e+02
1.420000e-06	4.892368e-06	8.816379e-09	3.459885e+01	5.784253e+02
1.430000e-06	4.936269e-06	8.910912e-09	3.490931e+01	5.846701e+02
1.440000e-06	4.978341e-06	8.995814e-09	3.520685e+01	5.904800e+02
1.450000e-06	5.018462e-06	9.074923e-09	3.549058e+01	5.958976e+02
1.460000e-06	5.056896e-06	9.151047e-09	3.576239e+01	6.009586e+02
1.470000e-06	5.093723e-06	9.223527e-09	3.602283e+01	6.056905e+02
1.480000e-06	5.128891e-06	9.290763e-09	3.627154e+01	6.101115e+02
1.490000e-06	5.162078e-06	9.352602e-09	3.650623e+01	6.142326e+02
1.500000e-06	5.193334e-06	9.410444e-09	3.672728e+01	6.180599e+02
1.510000e-06	5.222904e-06	9.465355e-09	3.693640e+01	6.215987e+02
1.520000e-06	5.250795e-06	9.515511e-09	3.713364e+01	6.248557e+02
1.530000e-06	5.276697e-06	9.559705e-09	3.731682e+01	6.278411e+02
1.540000e-06	5.300499e-06	9.600041e-09	3.748515e+01	6.305686e+02
1.550000e-06	5.322504e-06	9.636186e-09	3.764077e+01	6.330548e+02
1.560000e-06	5.342846e-06	9.669533e-09	3.778462e+01	6.353168e+02
1.570000e-06	5.361393e-06	9.700315e-09	3.791579e+01	6.373705e+02
1.580000e-06	5.377946e-06	9.727309e-09	3.803286e+01	6.392290e+02
1.590000e-06	5.392531e-06	9.751517e-09	3.813600e+01	6.409026e+02
1.600000e-06	5.405162e-06	9.774130e-09	3.822533e+01	6.423990e+02
1.610000e-06	5.415593e-06	9.794277e-09	3.829909e+01	6.437250e+02
1.620000e-06	5.423827e-06	9.811091e-09	3.835732e+01	6.448881e+02
1.630000e-06	5.430185e-06	9.826149e-09	3.840229e+01	6.458972e+02
1.640000e-06	5.434831e-06	9.841028e-09	3.843514e+01	6.467630e+02
1.650000e-06	5.437597e-06	9.856021e-09	3.845471e+01	6.474963e+02
1.660000e-06	5.438346e-06	9.866153e-09	3.846000e+01	6.481063e+02
1.670000e-06	5.437288e-06	9.870779e-09	3.845252e+01	6.485981e+02
1.680000e-06	5.434618e-06	9.879502e-09	3.843364e+01	6.489714e+02
1.690000e-06	5.430315e-06	9.882866e-09	3.840321e+01	6.492201e+02
1.700000e-06	5.424087e-06	9.881341e-09	3.835916e+01	6.493336e+02
1.710000e-06	5.415944e-06	9.881100e-09	3.830158e+01	6.493004e+02
1.720000e-06	5.406182e-06	9.884769e-09	3.823254e+01	6.491112e+02
1.730000e-06	5.394720e-06	9.899270e-09	3.815148e+01	6.487632e+02
1.740000e-06	5.381354e-06	9.861684e-09	3.805696e+01	6.482623e+02
1.750000e-06	5.365951e-06	9.801744e-09	3.794802e+01	6.476233e+02
1.760000e-06	5.348262e-06	9.818142e-09	3.782293e+01	6.468676e+02
1.770000e-06	5.328106e-06	9.812323e-09	3.768039e+01	6.460189e+02
1.780000e-06	5.305605e-06	9.862206e-09	3.752126e+01	6.450977e+02
1.790000e-06	5.281458e-06	9.915609e-09	3.735049e+01	6.441165e+02
1.800000e-06	5.256350e-06	9.736533e-09	3.717292e+01	6.430760e+02
1.810000e-06	5.229872e-06	9.751253e-09	3.698567e+01	6.419648e+02
1.820000e-06	5.201357e-06	9.749684e-09	3.678402e+01	6.407622e+02
1.830000e-06	5.170959e-06	9.593330e-09	3.656904e+01	6.394431e+02
1.840000e-06	5.138804e-06	9.744297e-09	3.634164e+01	6.379847e+02
1.850000e-06	5.104824e-06	9.718130e-09	3.610134e+01	6.363730e+02
1.860000e-06	5.069234e-06	9.585348e-09	3.584964e+01	6.346067e+02
1.870000e-06	5.031830e-06	9.712476e-09	3.558512e+01	6.326983e+02
1.880000e-06	4.992518e-06	9.595062e-09	3.530710e+01	6.306715e+02
1.890000e-06	4.951488e-06	9.489448e-09	3.501694e+01	6.285545e+02
1.900000e-06	4.908657e-06	9.511895e-09	3.471404e+01	6.263731e+02
1.910000e-06	4.864167e-06	9.469275e-09	3.439940e+01	6.241430e+02
1.920000e-06	4.818014e-06	9.576072e-09	3.407301e+01	6.218641e+02
1.930000e-06	4.770019e-06	9.435730e-09	3.373359e+01	6.195197e+02
1.940000e-06	4.720279e-06	9.312471e-09	3.338183e+01	6.170786e+02
1.950000e-06	4.668714e-06	9.376820e-09	3.301716e+01	6.145020e+02
1.960000e-06	4.615224e-06	9.323891e-09	3.263888e+01	6.117520e+02
1.970000e-06	4.559830e-06	9.323082e-09	3.224714e+01	6.088000e+02
1.980000e-06	4.502652e-06	9.209327e-09	3.184277e+01	6.056340e+02
1.990000e-06	4.444032e-06	9.178827e-09	3.142821e+01	6.022610e+02
2.000000e-06	4.383914e-06	9.179889e-09	3.100306e+01	5.987056e+02
2.010000e-06	4.322145e-06	9.039315e-09	3.056623e+01	5.950040e+02
2.020000e-06	4.258747e-06	9.015596e-09	3.011788e+01	5.911961e+02
2.030000e-06	4.193834e-06	8.900890e-09	2.965881e+01	5.873158e+02
2.040000e-06	4.127502e-06	8.881639e-09	2.918971e+01	5.833842e+02
2.050000e-06	4.059655e-06	8.888207e-09	2.870990e+01	5.794053e+02
2.060000e-06	3.990347e-06	8.808248e-09	2.821975e+01	5.753665e+02
2.070000e-06	3.919525e-06	8.737394e-09	2.771889e+01	5.712430e+02
2.080000e-06	3.847236e-06	8.570638e-09	2.720767e+01	5.670050e+02
2.090000e-06	3.773538e-06	8.553408e-09	2.668648e+01	5.626258e+02
2.100000e-06	3.698406e-06	8.536366e-09	2.615514e+01	5.580888e+02
2.110000e-06	3.621850e-06	8.463627e-09	2.561374e+01	5.533914e+02
2.120000e-06	3.543736e-06	8.365491e-09	2.506131e+01	5.485452e+02
2.130000e-06	3.464158e-06	8.260478e-09	2.449854e+01	5.435723e+02
2.140000e-06	3.383369e-06	8.232513e-09	2.392720e+01	5.384993e+02
2.150000e-06	3.301514e-06	8.133410e-09	2.334832e+01	5.333503e+02
2.160000e-06	3.218620e-06	8.052858e-09	2.276209e+01	5.281405e+02
2.170000e-06	3.134653e-06	7.975774e-09	2.216828e+01	5.228732e+02
2.180000e-06	3.049601e-06	7.909636e-09	2.156679e+01	5.175391e+02
2.190000e-06	2.963304e-06	7.827096e-09	2.095649e+01	5.121200e+02
2.200000e-06	2.875704e-06	7.716931e-09	2.033699e+01	5.065933e+02
2.210000e-06	2.787125e-06	7.638029e-09	1.971056e+01	5.009386e+02
2.220000e-06	2.697692e-06	7.536747e-09	1.907809e+01	4.951426e+02
2.230000e-06	2.607377e-06	7.459230e-09	1.843938e+01	4.892020e+02
2.240000e-06	2.516238e-06	7.384505e-09	1.779485e+01	4.831233e+02
2.250000e-06	2.424243e-06	7.307663e-09	1.714425e+01	4.769204e+02
2.260000e-06	2.331408e-06	7.205267e-09	1.648773e+01	4.706103e+02
2.270000e-06	2.237764e-06	7.088852e-09	1.582547e+01	4.642076e+02
2.280000e-06	2.143166e-06	6.991502e-09	1.515648e+01	4.577211e+02
2.290000e-06	2.047638e-06	6.893641e-09	1.448090e+01	4.511515e+02
2.300000e-06	1.951394e-06	6.796349e-09	1.380027e+01	4.444916e+02
2.310000e-06	1.854581e-06	6.691944e-09	1.311560e+01	4.377294e+02
2.320000e-06	1.757197e-06	6.584798e-09	1.242691e+01	4.308512e+02
2.330000e-06	1.659181e-06	6.467583e-09	1.173373e+01	4.238461e+02
2.340000e-06	1.560652e-06	6.359722e-09	1.103694e+01	4.167083e+02
2.350000e-06	1.461687e-06	6.265384e-09	1.033705e+01	4.094388e+02
2.360000e-06	1.362248e-06	6.162974e-09	9.633819e+00	4.020439e+02
2.370000e-06	1.262347e-06	6.042298e-09	8.927321e+00	3.945327e+02
2.380000e-06	1.162020e-06	5.917415e-09	8.217812e+00	3.869138e+02
2.390000e-06	1.061311e-06	5.804599e-09	7.505596e+00	3.791912e+02
2.400000e-06	9.602474e-07	5.688580e-09	6.790873e+00	3.713628e+02
2.410000e-06	8.587716e-07	5.558620e-09	6.073236e+00	3.634190e+02
2.420000e-06	7.569419e-07	5.425689e-09	5.353096e+00	3.553442e+02
2.430000e-06	6.547768e-07	5.303825e-09	4.630584e+00	3.471189e+02
2.440000e-06	5.522540e-07	5.190408e-09	3.905542e+00	3.387222e+02
2.450000e-06	4.494768e-07	5.066979e-09	3.178702e+00	3.301345e+02
2.460000e-06	3.465175e-07	4.923159e-09	2.450573e+00	3.213387e+02
2.470000e-06	2.434102e-07	4.775141e-09	1.721398e+00	3.123200e+02
2.480000e-06	1.402036e-07	4.638261e-09	9.915207e-01	3.030648e+02
2.490000e-06	3.696163e-08	4.507711e-09	2.613928e-01	2.935584e+02
2.500000e-06	-6.629268e-08	4.362402e-09	-4.688221e-01	2.837835e+02
2.510000e-06	-1.694986e-07	4.198386e-09	-1.198695e+00	2.737187e+02
2.520000e-06	-2.726079e-07	4.031322e-09	-1.927884e+00	2.633386e+02
2.530000e-06	-3.756001e-07	3.869619e-09	-2.656245e+00	2.526154e+02
2.540000e-06	-4.784431e-07	3.709596e-09	-3.383551e+00	2.415211e+02
2.550000e-06	-5.809832e-07	3.536783e-09	-4.108715e+00	2.300305e+02
2.560000e-06	-6.832106e-07	3.350892e-09	-4.831668e+00	2.181236e+02
2.570000e-06	-7.851376e-07	3.160938e-09	-5.552496e+00	2.057870e+02
2.580000e-06	-8.867174e-07	2.971857e-09	-6.270869e+00	1.930140e+02
2.590000e-06	-9.879071e-07	2.774886e-09	-6.986482e+00	1.798037e+02
2.600000e-06	-1.088575e-06	2.560888e-09	-7.698408e+00	1.661588e+02
2.610000e-06	-1.188804e-06	2.338349e-09	-8.407226e+00	1.520835e+02
2.620000e-06	-1.288664e-06	2.116800e-09	-9.113434e+00	1.375822e+02
2.630000e-06	-1.388109e-06	1.894093e-09	-9.816713e+00	1.226584e+02
2.640000e-06	-1.487160e-06	1.663022e-09	-1.051720e+01	1.073156e+02
2.650000e-06	-1.585752e-06	1.420439e-09	-1.121445e+01	9.155846e+01
2.660000e-06	-1.683778e-06	1.169584e-09	-1.190768e+01	7.539517e+01
2.670000e-06	-1.781225e-06	9.158082e-10	-1.259683e+01	5.883877e+01
2.680000e-06	-1.878075e-06	6.592226e-10	-1.328175e+01	4.190841e+01
2.690000e-06	-1.974366e-06	3.969158e-10	-1.396272e+01	2.462921e+01
2.700000e-06	-2.070147e-06	1.266919e-10	-1.464009e+01	7.031043e+00
2.710000e-06	-2.165242e-06	-1.481150e-10	-1.531260e+01	-1.085336e+01
2.720000e-06	-2.259462e-06	-4.242000e-10	-1.597893e+01	-2.899056e+01
2.730000e-06	-2.352688e-06	-7.046783e-10	-1.663822e+01	-4.734817e+01
2.740000e-06	-2.444908e-06	-9.900395e-10	-1.729040e+01	-6.589571e+01
2.750000e-06	-2.536251e-06	-1.277158e-09	-1.793638e+01	-8.460438e+01
2.760000e-06	-2.626664e-06	-1.563880e-09	-1.857577e+01	-1.034460e+02
2.770000e-06	-2.716100e-06	-1.852935e-09	-1.920827e+01	-1.223914e+02
2.780000e-06	-2.804636e-06	-2.143092e-09	-1.983440e+01	-1.414090e+02
2.790000e-06	-2.892341e-06	-2.432921e-09	-2.045464e+01	-1.604636e+02
2.800000e-06	-2.979170e-06	-2.725460e-09	-2.106870e+01	-1.795170e+02
2.810000e-06	-3.064742e-06	-3.018639e-09	-2.167387e+01	-1.985286e+02
2.820000e-06	-3.148971e-06	-3.308033e-09	-2.226954e+01	-2.174571e+02
2.830000e-06	-3.232156e-06	-3.592697e-09	-2.285782e+01	-2.362625e+02
2.840000e-06	-3.314314e-06	-3.876911e-09	-2.343884e+01	-2.549073e+02
2.850000e-06	-3.395367e-06	-4.162296e-09	-2.401205e+01	-2.733569e+02
2.860000e-06	-3.475350e-06	-4.444649e-09	-2.457769e+01	-2.915792e+02
2.870000e-06	-3.554040e-06	-4.720497e-09	-2.513419e+01	-3.095431e+02
2.880000e-06	-3.631132e-06	-4.990080e-09	-2.567938e+01	-3.272164e+02
2.890000e-06	-3.706775e-06	-5.254630e-09	-2.621433e+01	-3.445649e+02
2.900000e-06	-3.781050e-06	-5.516509e-09	-2.673960e+01	-3.615510e+02
2.910000e-06	-3.853948e-06	-5.773882e-09	-2.725513e+01	-3.781345e+02
2.920000e-06	-3.925611e-06	-6.021200e-09	-2.776193e+01	-3.942741e+02
2.930000e-06	-3.995806e-06	-6.258348e-09	-2.825835e+01	-4.099298e+02
2.940000e-06	-4.064414e-06	-6.489097e-09	-2.874355e+01	-4.250656e+02
2.950000e-06	-4.131616e-06	-6.715492e-09	-2.921881e+01	-4.396518e+02
2.960000e-06	-4.197385e-06	-6.933693e-09	-2.968392e+01	-4.536657e+02
2.970000e-06	-4.261797e-06	-7.140166e-09	-3.013944e+01	-4.670917e+02
2.980000e-06	-4.324799e-06	-7.337179e-09	-3.058500e+01	-4.799197e+02
2.990000e-06	-4.386040e-06	-7.525881e-09	-3.101809e+01	-4.921433e+02
3.000000e-06	-4.445628e-06	-7.703809e-09	-3.143950e+01	-5.037576e+02
3.010000e-06	-4.503777e-06	-7.869830e-09	-3.185073e+01	-5.147577e+02
3.020000e-06	-4.560406e-06	-8.027756e-09	-3.225121e+01	-5.251392e+02
3.030000e-06	-4.615346e-06	-8.179270e-09	-3.263974e+01	-5.348994e+02
3.040000e-06	-4.668368e-06	-8.320547e-09	-3.301472e+01	-5.440393e+02
3.050000e-06	-4.719523e-06	-8.450768e-09	-3.337648e+01	-5.525669e+02
3.060000e-06	-4.768770e-06	-8.572932e-09	-3.372476e+01	-5.604992e+02
3.070000e-06	-4.815967e-06	-8.686265e-09	-3.405853e+01	-5.678631e+02
3.080000e-06	-4.861392e-06	-8.790992e-09	-3.437978e+01	-5.746947e+02
3.090000e-06	-4.905353e-06	-8.889111e-09	-3.469067e+01	-5.810367e+02
3.100000e-06	-4.947842e-06	-8.980822e-09	-3.499116e+01	-5.869342e+02
3.110000e-06	-4.988773e-06	-9.065764e-09	-3.528062e+01	-5.924306e+02
3.120000e-06	-5.028061e-06	-9.144263e-09	-3.555847e+01	-5.975636e+02
3.130000e-06	-5.065430e-06	-9.219304e-09	-3.582274e+01	-6.023623e+02
3.140000e-06	-5.100889e-06	-9.289011e-09	-3.607351e+01	-6.068469e+02
3.150000e-06	-5.134650e-06	-9.352249e-09	-3.631226e+01	-6.110297e+02
3.160000e-06	-5.166642e-06	-9.411492e-09	-3.653851e+01	-6.149177e+02
3.170000e-06	-5.196636e-06	-9.465235e-09	-3.675063e+01	-6.185159e+02
3.180000e-06	-5.224687e-06	-9.514840e-09	-3.694901e+01	-6.218307e+02
3.190000e-06	-5.250971e-06	-9.560560e-09	-3.713489e+01	-6.248713e+02
3.200000e-06	-5.275537e-06	-9.604696e-09	-3.730862e+01	-6.276509e+02
3.210000e-06	-5.298244e-06	-9.646961e-09	-3.746920e+01	-6.301855e+02
3.220000e-06	-5.318940e-06	-9.685386e-09	-3.761556e+01	-6.324922e+02
3.230000e-06	-5.337809e-06	-9.718302e-09	-3.774901e+01	-6.345874e+02
3.240000e-06	-5.354957e-06	-9.747422e-09	-3.787027e+01	-6.364849e+02
3.250000e-06	-5.370165e-06	-9.772725e-09	-3.797783e+01	-6.381956e+02
3.260000e-06	-5.383150e-06	-9.794200e-09	-3.806965e+01	-6.397274e+02
3.270000e-06	-5.394034e-06	-9.813518e-09	-3.814663e+01	-6.410875e+02
3.280000e-06	-5.403077e-06	-9.830659e-09	-3.821058e+01	-6.422829e+02
3.290000e-06	-5.410242e-06	-9.847127e-09	-3.826125e+01	-6.433223e+02
3.300000e-06	-5.415349e-06	-9.862884e-09	-3.829737e+01	-6.442160e+02
3.310000e-06	-5.418539e-06	-9.874928e-09	-3.831992e+01	-6.449749e+02
3.320000e-06	-5.419972e-06	-9.884001e-09	-3.833006e+01	-6.456089e+02
