# Temperatura_=_68.9
# Concentracion g/m^3_=_32800.0
# C_Vs_to_Am_M_A/Vsm_=_65563218390.804596
# pendiente_HvsI_1/m_=_3716.3
# ordenada_HvsI_A/m_=_1297.0
# frecuencia_Hz_=_300813.30302749586

Tiempo_(s)	Campo_(V.s)	Magnetizacion_(V.s)	Campo_(kA/m)	Magnetizacion_(A/m)
0.000000e+00	-5.392823e-06	-1.234486e-08	-3.832615e+01	-8.060312e+02
1.000000e-08	-5.390371e-06	-1.235640e-08	-3.830872e+01	-8.067419e+02
2.000000e-08	-5.386108e-06	-1.236330e-08	-3.827842e+01	-8.073354e+02
3.000000e-08	-5.380195e-06	-1.236975e-08	-3.823640e+01	-8.078030e+02
4.000000e-08	-5.372664e-06	-1.237442e-08	-3.818288e+01	-8.081322e+02
5.000000e-08	-5.363380e-06	-1.237709e-08	-3.811690e+01	-8.083113e+02
6.000000e-08	-5.352084e-06	-1.237323e-08	-3.803662e+01	-8.083328e+02
7.000000e-08	-5.338795e-06	-1.235960e-08	-3.794217e+01	-8.081958e+02
8.000000e-08	-5.323328e-06	-1.238561e-08	-3.783225e+01	-8.079074e+02
9.000000e-08	-5.305532e-06	-1.243134e-08	-3.770578e+01	-8.074809e+02
1.000000e-07	-5.285688e-06	-1.239813e-08	-3.756475e+01	-8.069328e+02
1.100000e-07	-5.264040e-06	-1.235009e-08	-3.741090e+01	-8.062783e+02
1.200000e-07	-5.240818e-06	-1.230533e-08	-3.724586e+01	-8.055273e+02
1.300000e-07	-5.216164e-06	-1.223472e-08	-3.707065e+01	-8.046824e+02
1.400000e-07	-5.189855e-06	-1.233042e-08	-3.688368e+01	-8.037385e+02
1.500000e-07	-5.161763e-06	-1.238936e-08	-3.668403e+01	-8.026855e+02
1.600000e-07	-5.132100e-06	-1.226214e-08	-3.647322e+01	-8.015135e+02
1.700000e-07	-5.100862e-06	-1.231257e-08	-3.625121e+01	-8.002176e+02
1.800000e-07	-5.067591e-06	-1.228807e-08	-3.601476e+01	-7.988023e+02
1.900000e-07	-5.032448e-06	-1.214206e-08	-3.576500e+01	-7.972830e+02
2.000000e-07	-4.995791e-06	-1.218605e-08	-3.550449e+01	-7.956847e+02
2.100000e-07	-4.957351e-06	-1.212951e-08	-3.523130e+01	-7.940359e+02
2.200000e-07	-4.917068e-06	-1.207234e-08	-3.494501e+01	-7.923615e+02
2.300000e-07	-4.874876e-06	-1.216146e-08	-3.464515e+01	-7.906746e+02
2.400000e-07	-4.830845e-06	-1.210389e-08	-3.433223e+01	-7.889698e+02
2.500000e-07	-4.785114e-06	-1.198790e-08	-3.400723e+01	-7.872209e+02
2.600000e-07	-4.737499e-06	-1.193407e-08	-3.366884e+01	-7.853829e+02
2.700000e-07	-4.687834e-06	-1.194615e-08	-3.331587e+01	-7.833989e+02
2.800000e-07	-4.636145e-06	-1.199124e-08	-3.294853e+01	-7.812108e+02
2.900000e-07	-4.582688e-06	-1.193859e-08	-3.256861e+01	-7.787708e+02
3.000000e-07	-4.527658e-06	-1.182738e-08	-3.217752e+01	-7.760515e+02
3.100000e-07	-4.470977e-06	-1.173941e-08	-3.177470e+01	-7.730521e+02
3.200000e-07	-4.412512e-06	-1.172770e-08	-3.135920e+01	-7.697984e+02
3.300000e-07	-4.352482e-06	-1.169776e-08	-3.093257e+01	-7.663374e+02
3.400000e-07	-4.291062e-06	-1.161231e-08	-3.049606e+01	-7.627271e+02
3.500000e-07	-4.228227e-06	-1.157812e-08	-3.004950e+01	-7.590236e+02
3.600000e-07	-4.163908e-06	-1.153811e-08	-2.959240e+01	-7.552694e+02
3.700000e-07	-4.097908e-06	-1.148361e-08	-2.912334e+01	-7.514851e+02
3.800000e-07	-4.030256e-06	-1.140911e-08	-2.864255e+01	-7.476663e+02
3.900000e-07	-3.961178e-06	-1.130907e-08	-2.815161e+01	-7.437867e+02
4.000000e-07	-3.890800e-06	-1.125789e-08	-2.765145e+01	-7.398062e+02
4.100000e-07	-3.819194e-06	-1.122805e-08	-2.714255e+01	-7.356823e+02
4.200000e-07	-3.746224e-06	-1.118418e-08	-2.662397e+01	-7.313809e+02
4.300000e-07	-3.671616e-06	-1.109142e-08	-2.609373e+01	-7.268848e+02
4.400000e-07	-3.595389e-06	-1.099167e-08	-2.555200e+01	-7.221977e+02
4.500000e-07	-3.517756e-06	-1.092901e-08	-2.500027e+01	-7.173420e+02
4.600000e-07	-3.438735e-06	-1.086996e-08	-2.443868e+01	-7.123524e+02
4.700000e-07	-3.358337e-06	-1.079545e-08	-2.386730e+01	-7.072661e+02
4.800000e-07	-3.276664e-06	-1.070473e-08	-2.328686e+01	-7.021135e+02
4.900000e-07	-3.193888e-06	-1.063372e-08	-2.269858e+01	-6.969107e+02
5.000000e-07	-3.110114e-06	-1.056450e-08	-2.210321e+01	-6.916554e+02
5.100000e-07	-3.025403e-06	-1.046404e-08	-2.150117e+01	-6.863296e+02
5.200000e-07	-2.939787e-06	-1.036361e-08	-2.089271e+01	-6.809041e+02
5.300000e-07	-2.853188e-06	-1.029547e-08	-2.027727e+01	-6.753473e+02
5.400000e-07	-2.765648e-06	-1.023524e-08	-1.965513e+01	-6.696334e+02
5.500000e-07	-2.677258e-06	-1.013983e-08	-1.902695e+01	-6.637487e+02
5.600000e-07	-2.587803e-06	-1.002406e-08	-1.839120e+01	-6.576942e+02
5.700000e-07	-2.497130e-06	-9.920415e-09	-1.774680e+01	-6.514839e+02
5.800000e-07	-2.405472e-06	-9.826873e-09	-1.709540e+01	-6.451401e+02
5.900000e-07	-2.313081e-06	-9.726229e-09	-1.643879e+01	-6.386860e+02
6.000000e-07	-2.220019e-06	-9.615112e-09	-1.577741e+01	-6.321393e+02
6.100000e-07	-2.126205e-06	-9.511244e-09	-1.511069e+01	-6.255069e+02
6.200000e-07	-2.031659e-06	-9.423269e-09	-1.443876e+01	-6.187834e+02
6.300000e-07	-1.936400e-06	-9.331619e-09	-1.376176e+01	-6.119531e+02
6.400000e-07	-1.840466e-06	-9.217592e-09	-1.307997e+01	-6.049944e+02
6.500000e-07	-1.743951e-06	-9.091769e-09	-1.239405e+01	-5.978862e+02
6.600000e-07	-1.646811e-06	-8.981857e-09	-1.170369e+01	-5.906135e+02
6.700000e-07	-1.548863e-06	-8.887627e-09	-1.100758e+01	-5.831706e+02
6.800000e-07	-1.450094e-06	-8.774051e-09	-1.030564e+01	-5.755618e+02
6.900000e-07	-1.350701e-06	-8.628174e-09	-9.599271e+00	-5.677989e+02
7.000000e-07	-1.250865e-06	-8.486507e-09	-8.889749e+00	-5.598965e+02
7.100000e-07	-1.150714e-06	-8.376511e-09	-8.177989e+00	-5.518666e+02
7.200000e-07	-1.050286e-06	-8.273827e-09	-7.464255e+00	-5.437132e+02
7.300000e-07	-9.495395e-07	-8.147996e-09	-6.748263e+00	-5.354304e+02
7.400000e-07	-8.484945e-07	-8.008067e-09	-6.030148e+00	-5.270016e+02
7.500000e-07	-7.471243e-07	-7.878868e-09	-5.309722e+00	-5.184024e+02
7.600000e-07	-6.454318e-07	-7.753176e-09	-4.587007e+00	-5.096041e+02
7.700000e-07	-5.435088e-07	-7.611287e-09	-3.862652e+00	-5.005784e+02
7.800000e-07	-4.413940e-07	-7.452207e-09	-3.136934e+00	-4.912999e+02
7.900000e-07	-3.391646e-07	-7.294560e-09	-2.410402e+00	-4.817480e+02
8.000000e-07	-2.368048e-07	-7.152754e-09	-1.682943e+00	-4.719054e+02
8.100000e-07	-1.343766e-07	-7.010957e-09	-9.549987e-01	-4.617554e+02
8.200000e-07	-3.195417e-08	-6.848203e-09	-2.270944e-01	-4.512785e+02
8.300000e-07	7.043921e-08	-6.672061e-09	5.006030e-01	-4.404494e+02
8.400000e-07	1.727763e-07	-6.503744e-09	1.227901e+00	-4.292355e+02
8.500000e-07	2.750985e-07	-6.339262e-09	1.955092e+00	-4.175980e+02
8.600000e-07	3.773928e-07	-6.157425e-09	2.682085e+00	-4.054947e+02
8.700000e-07	4.795304e-07	-5.955295e-09	3.407965e+00	-3.928845e+02
8.800000e-07	5.814922e-07	-5.747179e-09	4.132595e+00	-3.797317e+02
8.900000e-07	6.832429e-07	-5.539796e-09	4.855725e+00	-3.660101e+02
9.000000e-07	7.847785e-07	-5.324693e-09	5.577326e+00	-3.517035e+02
9.100000e-07	8.860971e-07	-5.094477e-09	6.297385e+00	-3.368055e+02
9.200000e-07	9.870813e-07	-4.856160e-09	7.015068e+00	-3.213160e+02
9.300000e-07	1.087727e-06	-4.617469e-09	7.730343e+00	-3.052366e+02
9.400000e-07	1.188053e-06	-4.371853e-09	8.443353e+00	-2.885668e+02
9.500000e-07	1.288081e-06	-4.109014e-09	9.154239e+00	-2.713008e+02
9.600000e-07	1.387748e-06	-3.829587e-09	9.862559e+00	-2.534263e+02
9.700000e-07	1.486866e-06	-3.542295e-09	1.056698e+01	-2.349263e+02
9.800000e-07	1.585252e-06	-3.250170e-09	1.126619e+01	-2.157822e+02
9.900000e-07	1.682885e-06	-2.948900e-09	1.196006e+01	-1.959780e+02
1.000000e-06	1.779864e-06	-2.633541e-09	1.264928e+01	-1.755041e+02
1.010000e-06	1.876249e-06	-2.310176e-09	1.333427e+01	-1.543596e+02
1.020000e-06	1.971934e-06	-1.982208e-09	1.401430e+01	-1.325528e+02
1.030000e-06	2.066803e-06	-1.643871e-09	1.468852e+01	-1.100996e+02
1.040000e-06	2.160949e-06	-1.292410e-09	1.535760e+01	-8.701988e+01
1.050000e-06	2.254374e-06	-9.284323e-10	1.602157e+01	-6.333484e+01
1.060000e-06	2.347048e-06	-5.569481e-10	1.668019e+01	-3.906379e+01
1.070000e-06	2.439094e-06	-1.766366e-10	1.733435e+01	-1.422335e+01
1.080000e-06	2.530389e-06	2.164099e-10	1.798317e+01	1.117133e+01
1.090000e-06	2.620596e-06	6.167278e-10	1.862426e+01	3.710364e+01
1.100000e-06	2.709656e-06	1.019048e-09	1.925720e+01	6.355135e+01
1.110000e-06	2.797732e-06	1.422846e-09	1.988315e+01	9.048251e+01
1.120000e-06	2.884842e-06	1.835933e-09	2.050222e+01	1.178524e+02
1.130000e-06	2.970950e-06	2.259313e-09	2.111419e+01	1.456022e+02
1.140000e-06	3.056086e-06	2.687208e-09	2.171924e+01	1.736597e+02
1.150000e-06	3.140287e-06	3.116445e-09	2.231764e+01	2.019417e+02
1.160000e-06	3.223453e-06	3.547988e-09	2.290869e+01	2.303568e+02
1.170000e-06	3.305507e-06	3.985004e-09	2.349184e+01	2.588086e+02
1.180000e-06	3.386374e-06	4.422134e-09	2.406655e+01	2.871970e+02
1.190000e-06	3.465973e-06	4.851872e-09	2.463225e+01	3.154193e+02
1.200000e-06	3.544353e-06	5.273519e-09	2.518929e+01	3.433687e+02
1.210000e-06	3.621508e-06	5.690615e-09	2.573762e+01	3.709335e+02
1.220000e-06	3.697375e-06	6.100910e-09	2.627680e+01	3.979961e+02
1.230000e-06	3.771686e-06	6.500591e-09	2.680492e+01	4.244340e+02
1.240000e-06	3.844371e-06	6.887739e-09	2.732148e+01	4.501229e+02
1.250000e-06	3.915656e-06	7.263762e-09	2.782810e+01	4.749413e+02
1.260000e-06	3.985624e-06	7.628932e-09	2.832535e+01	4.987782e+02
1.270000e-06	4.054297e-06	7.979324e-09	2.881340e+01	5.215394e+02
1.280000e-06	4.121627e-06	8.310546e-09	2.929191e+01	5.431539e+02
1.290000e-06	4.187364e-06	8.618913e-09	2.975910e+01	5.635776e+02
1.300000e-06	4.251427e-06	8.908207e-09	3.021438e+01	5.827939e+02
1.310000e-06	4.313994e-06	9.180403e-09	3.065904e+01	6.008103e+02
1.320000e-06	4.375204e-06	9.433896e-09	3.109405e+01	6.176535e+02
1.330000e-06	4.435159e-06	9.669519e-09	3.152014e+01	6.333624e+02
1.340000e-06	4.493682e-06	9.887941e-09	3.193606e+01	6.479812e+02
1.350000e-06	4.550370e-06	1.009154e-08	3.233894e+01	6.615548e+02
1.360000e-06	4.605282e-06	1.028079e-08	3.272919e+01	6.741262e+02
1.370000e-06	4.658563e-06	1.045525e-08	3.310784e+01	6.857363e+02
1.380000e-06	4.709975e-06	1.061588e-08	3.347323e+01	6.964269e+02
1.390000e-06	4.759326e-06	1.076694e-08	3.382396e+01	7.062433e+02
1.400000e-06	4.806756e-06	1.090834e-08	3.416104e+01	7.152379e+02
1.410000e-06	4.852516e-06	1.103561e-08	3.448625e+01	7.234714e+02
1.420000e-06	4.896772e-06	1.114655e-08	3.480077e+01	7.310120e+02
1.430000e-06	4.939365e-06	1.124532e-08	3.510348e+01	7.379327e+02
1.440000e-06	4.979982e-06	1.133815e-08	3.539213e+01	7.443065e+02
1.450000e-06	5.018808e-06	1.142616e-08	3.566807e+01	7.502013e+02
1.460000e-06	5.056021e-06	1.150901e-08	3.593253e+01	7.556754e+02
1.470000e-06	5.091573e-06	1.158661e-08	3.618520e+01	7.607750e+02
1.480000e-06	5.125211e-06	1.165876e-08	3.642426e+01	7.655335e+02
1.490000e-06	5.156896e-06	1.172524e-08	3.664944e+01	7.699733e+02
1.500000e-06	5.186897e-06	1.178684e-08	3.686265e+01	7.741089e+02
1.510000e-06	5.215309e-06	1.184363e-08	3.706457e+01	7.779508e+02
1.520000e-06	5.241936e-06	1.189612e-08	3.725381e+01	7.815087e+02
1.530000e-06	5.266459e-06	1.194533e-08	3.742809e+01	7.847938e+02
1.540000e-06	5.288992e-06	1.199040e-08	3.758823e+01	7.878194e+02
1.550000e-06	5.309810e-06	1.203054e-08	3.773618e+01	7.906001e+02
1.560000e-06	5.328936e-06	1.206724e-08	3.787211e+01	7.931507e+02
1.570000e-06	5.346151e-06	1.210260e-08	3.799445e+01	7.954844e+02
1.580000e-06	5.361323e-06	1.213536e-08	3.810228e+01	7.976125e+02
1.590000e-06	5.374524e-06	1.216340e-08	3.819610e+01	7.995441e+02
1.600000e-06	5.385627e-06	1.218650e-08	3.827500e+01	8.012875e+02
1.610000e-06	5.394573e-06	1.220725e-08	3.833858e+01	8.028519e+02
1.620000e-06	5.401574e-06	1.222735e-08	3.838833e+01	8.042477e+02
1.630000e-06	5.406790e-06	1.224643e-08	3.842541e+01	8.054878e+02
1.640000e-06	5.410228e-06	1.226497e-08	3.844984e+01	8.065863e+02
1.650000e-06	5.411658e-06	1.228336e-08	3.846000e+01	8.075562e+02
1.660000e-06	5.411127e-06	1.229627e-08	3.845623e+01	8.084078e+02
1.670000e-06	5.408942e-06	1.230609e-08	3.844070e+01	8.091455e+02
1.680000e-06	5.405164e-06	1.231702e-08	3.841385e+01	8.097675e+02
1.690000e-06	5.399610e-06	1.232261e-08	3.837438e+01	8.102657e+02
1.700000e-06	5.392142e-06	1.232603e-08	3.832131e+01	8.106284e+02
1.710000e-06	5.382976e-06	1.233138e-08	3.825616e+01	8.108432e+02
1.720000e-06	5.372235e-06	1.234497e-08	3.817983e+01	8.109015e+02
1.730000e-06	5.359682e-06	1.235450e-08	3.809062e+01	8.108008e+02
1.740000e-06	5.345088e-06	1.228760e-08	3.798690e+01	8.105467e+02
1.750000e-06	5.328300e-06	1.225024e-08	3.786758e+01	8.101511e+02
1.760000e-06	5.309102e-06	1.228900e-08	3.773115e+01	8.096304e+02
1.770000e-06	5.287409e-06	1.231876e-08	3.757698e+01	8.090004e+02
1.780000e-06	5.263798e-06	1.240833e-08	3.740918e+01	8.082723e+02
1.790000e-06	5.239155e-06	1.232962e-08	3.723404e+01	8.074505e+02
1.800000e-06	5.213380e-06	1.214628e-08	3.705086e+01	8.065312e+02
1.810000e-06	5.185725e-06	1.222253e-08	3.685433e+01	8.055052e+02
1.820000e-06	5.156103e-06	1.216971e-08	3.664381e+01	8.043621e+02
1.830000e-06	5.124679e-06	1.211467e-08	3.642048e+01	8.030955e+02
1.840000e-06	5.091369e-06	1.228237e-08	3.618375e+01	8.017075e+02
1.850000e-06	5.056413e-06	1.217403e-08	3.593532e+01	8.002115e+02
1.860000e-06	5.019764e-06	1.213015e-08	3.567486e+01	7.986304e+02
1.870000e-06	4.981141e-06	1.221179e-08	3.540037e+01	7.969928e+02
1.880000e-06	4.940819e-06	1.201397e-08	3.511380e+01	7.953250e+02
1.890000e-06	4.898768e-06	1.199721e-08	3.481495e+01	7.936432e+02
1.900000e-06	4.855023e-06	1.208492e-08	3.450406e+01	7.919465e+02
1.910000e-06	4.809711e-06	1.208561e-08	3.418204e+01	7.902130e+02
1.920000e-06	4.762566e-06	1.208765e-08	3.384699e+01	7.884014e+02
1.930000e-06	4.713648e-06	1.189383e-08	3.349933e+01	7.864564e+02
1.940000e-06	4.663029e-06	1.187551e-08	3.313959e+01	7.843193e+02
1.950000e-06	4.610525e-06	1.194693e-08	3.276645e+01	7.819391e+02
1.960000e-06	4.556090e-06	1.190509e-08	3.237958e+01	7.792834e+02
1.970000e-06	4.499853e-06	1.187298e-08	3.197991e+01	7.763454e+02
1.980000e-06	4.442034e-06	1.176351e-08	3.156900e+01	7.731456e+02
1.990000e-06	4.382742e-06	1.176787e-08	3.114762e+01	7.697271e+02
2.000000e-06	4.321902e-06	1.169707e-08	3.071524e+01	7.661465e+02
2.010000e-06	4.259393e-06	1.158091e-08	3.027100e+01	7.624614e+02
2.020000e-06	4.195266e-06	1.155802e-08	2.981525e+01	7.587182e+02
2.030000e-06	4.129706e-06	1.147421e-08	2.934932e+01	7.549427e+02
2.040000e-06	4.062718e-06	1.150097e-08	2.887325e+01	7.511356e+02
2.050000e-06	3.994329e-06	1.146191e-08	2.838722e+01	7.472748e+02
2.060000e-06	3.924473e-06	1.135066e-08	2.789076e+01	7.433223e+02
2.070000e-06	3.852998e-06	1.124378e-08	2.738279e+01	7.392351e+02
2.080000e-06	3.780093e-06	1.115546e-08	2.686467e+01	7.349766e+02
2.090000e-06	3.705849e-06	1.117939e-08	2.633702e+01	7.305253e+02
2.100000e-06	3.630193e-06	1.110535e-08	2.579935e+01	7.258806e+02
2.110000e-06	3.553039e-06	1.099533e-08	2.525102e+01	7.210611e+02
2.120000e-06	3.474300e-06	1.090061e-08	2.469143e+01	7.160997e+02
2.130000e-06	3.394211e-06	1.083689e-08	2.412225e+01	7.110339e+02
2.140000e-06	3.313019e-06	1.077790e-08	2.354523e+01	7.058964e+02
2.150000e-06	3.230790e-06	1.067124e-08	2.296084e+01	7.007065e+02
2.160000e-06	3.147471e-06	1.062377e-08	2.236870e+01	6.954663e+02
2.170000e-06	3.063093e-06	1.055989e-08	2.176903e+01	6.901605e+02
2.180000e-06	2.977633e-06	1.046006e-08	2.116168e+01	6.847617e+02
2.190000e-06	2.890890e-06	1.033843e-08	2.054521e+01	6.792383e+02
2.200000e-06	2.802995e-06	1.024593e-08	1.992055e+01	6.735624e+02
2.210000e-06	2.714279e-06	1.018066e-08	1.929006e+01	6.677175e+02
2.220000e-06	2.624732e-06	1.008931e-08	1.865366e+01	6.617013e+02
2.230000e-06	2.534248e-06	1.000782e-08	1.801059e+01	6.555254e+02
2.240000e-06	2.442941e-06	9.920615e-09	1.736169e+01	6.492109e+02
2.250000e-06	2.350914e-06	9.832650e-09	1.670767e+01	6.427814e+02
2.260000e-06	2.258081e-06	9.727618e-09	1.604791e+01	6.362563e+02
2.270000e-06	2.164320e-06	9.616830e-09	1.538156e+01	6.296450e+02
2.280000e-06	2.069586e-06	9.511035e-09	1.470830e+01	6.229448e+02
2.290000e-06	1.973957e-06	9.408714e-09	1.402867e+01	6.161418e+02
2.300000e-06	1.877675e-06	9.315939e-09	1.334441e+01	6.092152e+02
2.310000e-06	1.780916e-06	9.202513e-09	1.265675e+01	6.021433e+02
2.320000e-06	1.683578e-06	9.067018e-09	1.196499e+01	5.949094e+02
2.330000e-06	1.585618e-06	8.943094e-09	1.126880e+01	5.875056e+02
2.340000e-06	1.487160e-06	8.861638e-09	1.056907e+01	5.799343e+02
2.350000e-06	1.388266e-06	8.778014e-09	9.866241e+00	5.722059e+02
2.360000e-06	1.288920e-06	8.646715e-09	9.160201e+00	5.643350e+02
2.370000e-06	1.189105e-06	8.494994e-09	8.450828e+00	5.563344e+02
2.380000e-06	1.088914e-06	8.368930e-09	7.738782e+00	5.482104e+02
2.390000e-06	9.884054e-07	8.262731e-09	7.024479e+00	5.399590e+02
2.400000e-06	8.875859e-07	8.135037e-09	6.307966e+00	5.315661e+02
2.410000e-06	7.864486e-07	7.986153e-09	5.589196e+00	5.230085e+02
2.420000e-06	6.850338e-07	7.846032e-09	4.868453e+00	5.142581e+02
2.430000e-06	5.834467e-07	7.726364e-09	4.146485e+00	5.052861e+02
2.440000e-06	4.816730e-07	7.604756e-09	3.423192e+00	4.960664e+02
2.450000e-06	3.796051e-07	7.455134e-09	2.697808e+00	4.865773e+02
2.460000e-06	2.772816e-07	7.287624e-09	1.970607e+00	4.768011e+02
2.470000e-06	1.748227e-07	7.133767e-09	1.242444e+00	4.667211e+02
2.480000e-06	7.225294e-08	6.995356e-09	5.134930e-01	4.563189e+02
2.490000e-06	-3.031800e-08	6.841342e-09	-2.154664e-01	4.455705e+02
2.500000e-06	-1.328509e-07	6.656401e-09	-9.441550e-01	4.344449e+02
2.510000e-06	-2.353193e-07	6.462201e-09	-1.672386e+00	4.229044e+02
2.520000e-06	-3.375808e-07	6.280446e-09	-2.399146e+00	4.109072e+02
2.530000e-06	-4.396186e-07	6.104604e-09	-3.124317e+00	3.984115e+02
2.540000e-06	-5.414919e-07	5.912237e-09	-3.848318e+00	3.853804e+02
2.550000e-06	-6.431587e-07	5.697709e-09	-4.570852e+00	3.717850e+02
2.560000e-06	-7.445101e-07	5.475627e-09	-5.291144e+00	3.576074e+02
2.570000e-06	-8.455335e-07	5.254729e-09	-6.009105e+00	3.428390e+02
2.580000e-06	-9.462878e-07	5.027450e-09	-6.725153e+00	3.274788e+02
2.590000e-06	-1.046786e-06	4.784149e-09	-7.439384e+00	3.115284e+02
2.600000e-06	-1.146893e-06	4.526487e-09	-8.150832e+00	2.949882e+02
2.610000e-06	-1.246528e-06	4.262950e-09	-8.858921e+00	2.778534e+02
2.620000e-06	-1.345687e-06	3.994655e-09	-9.563632e+00	2.601134e+02
2.630000e-06	-1.444402e-06	3.716135e-09	-1.026519e+01	2.417517e+02
2.640000e-06	-1.542682e-06	3.424443e-09	-1.096366e+01	2.227499e+02
2.650000e-06	-1.640444e-06	3.122225e-09	-1.165844e+01	2.030909e+02
2.660000e-06	-1.737644e-06	2.812794e-09	-1.234923e+01	1.827636e+02
2.670000e-06	-1.834322e-06	2.495427e-09	-1.303631e+01	1.617651e+02
2.680000e-06	-1.930539e-06	2.168836e-09	-1.372011e+01	1.401019e+02
2.690000e-06	-2.026163e-06	1.830394e-09	-1.439970e+01	1.177883e+02
2.700000e-06	-2.120945e-06	1.478385e-09	-1.507330e+01	9.484376e+01
2.710000e-06	-2.214803e-06	1.117407e-09	-1.574034e+01	7.128945e+01
2.720000e-06	-2.307799e-06	7.501056e-10	-1.640125e+01	4.714520e+01
2.730000e-06	-2.399979e-06	3.744360e-10	-1.705636e+01	2.242821e+01
2.740000e-06	-2.491310e-06	-1.102302e-11	-1.770544e+01	-2.846275e+00
2.750000e-06	-2.581654e-06	-4.063789e-10	-1.834751e+01	-2.866227e+01
2.760000e-06	-2.671014e-06	-8.094670e-10	-1.898257e+01	-5.499912e+01
2.770000e-06	-2.759545e-06	-1.218286e-09	-1.961175e+01	-8.182726e+01
2.780000e-06	-2.847227e-06	-1.631526e-09	-2.023490e+01	-1.091049e+02
2.790000e-06	-2.933884e-06	-2.051932e-09	-2.085076e+01	-1.367762e+02
2.800000e-06	-3.019351e-06	-2.482145e-09	-2.145816e+01	-1.647717e+02
2.810000e-06	-3.103689e-06	-2.916662e-09	-2.205754e+01	-1.930103e+02
2.820000e-06	-3.186977e-06	-3.348670e-09	-2.264947e+01	-2.214022e+02
2.830000e-06	-3.269194e-06	-3.781270e-09	-2.323377e+01	-2.498517e+02
2.840000e-06	-3.350326e-06	-4.218349e-09	-2.381037e+01	-2.782596e+02
2.850000e-06	-3.430313e-06	-4.654465e-09	-2.437882e+01	-3.065236e+02
2.860000e-06	-3.509018e-06	-5.082123e-09	-2.493817e+01	-3.345379e+02
2.870000e-06	-3.586272e-06	-5.501119e-09	-2.548721e+01	-3.621921e+02
2.880000e-06	-3.662027e-06	-5.915244e-09	-2.602559e+01	-3.893697e+02
2.890000e-06	-3.736383e-06	-6.325311e-09	-2.655403e+01	-4.159493e+02
2.900000e-06	-3.809421e-06	-6.725352e-09	-2.707309e+01	-4.418064e+02
2.910000e-06	-3.881156e-06	-7.107895e-09	-2.758291e+01	-4.668184e+02
2.920000e-06	-3.951484e-06	-7.472291e-09	-2.808273e+01	-4.908715e+02
2.930000e-06	-4.020251e-06	-7.823982e-09	-2.857144e+01	-5.138673e+02
2.940000e-06	-4.087598e-06	-8.162877e-09	-2.905007e+01	-5.357295e+02
2.950000e-06	-4.153610e-06	-8.480826e-09	-2.951921e+01	-5.564080e+02
2.960000e-06	-4.218274e-06	-8.777549e-09	-2.997876e+01	-5.758804e+02
2.970000e-06	-4.281451e-06	-9.058893e-09	-3.042776e+01	-5.941495e+02
2.980000e-06	-4.342922e-06	-9.324726e-09	-3.086463e+01	-6.112384e+02
2.990000e-06	-4.402802e-06	-9.572006e-09	-3.129019e+01	-6.271840e+02
3.000000e-06	-4.461202e-06	-9.800914e-09	-3.170523e+01	-6.420299e+02
3.010000e-06	-4.518106e-06	-1.001480e-08	-3.210963e+01	-6.558211e+02
3.020000e-06	-4.573412e-06	-1.021422e-08	-3.250269e+01	-6.686010e+02
3.030000e-06	-4.626818e-06	-1.039523e-08	-3.288224e+01	-6.804109e+02
3.040000e-06	-4.678272e-06	-1.055866e-08	-3.324792e+01	-6.912922e+02
3.050000e-06	-4.727859e-06	-1.070904e-08	-3.360032e+01	-7.012891e+02
3.060000e-06	-4.775510e-06	-1.084985e-08	-3.393897e+01	-7.104522e+02
3.070000e-06	-4.821363e-06	-1.098161e-08	-3.426485e+01	-7.188405e+02
3.080000e-06	-4.865703e-06	-1.110330e-08	-3.457997e+01	-7.265209e+02
3.090000e-06	-4.908597e-06	-1.121403e-08	-3.488481e+01	-7.335655e+02
3.100000e-06	-4.949957e-06	-1.131462e-08	-3.517875e+01	-7.400478e+02
3.110000e-06	-4.989706e-06	-1.140828e-08	-3.546124e+01	-7.460372e+02
3.120000e-06	-5.027589e-06	-1.149557e-08	-3.573047e+01	-7.515944e+02
3.130000e-06	-5.063527e-06	-1.157527e-08	-3.598588e+01	-7.567683e+02
3.140000e-06	-5.097681e-06	-1.164883e-08	-3.622861e+01	-7.615950e+02
3.150000e-06	-5.130147e-06	-1.171840e-08	-3.645934e+01	-7.660989e+02
3.160000e-06	-5.160744e-06	-1.178440e-08	-3.667678e+01	-7.702960e+02
3.170000e-06	-5.189394e-06	-1.184463e-08	-3.688040e+01	-7.741973e+02
3.180000e-06	-5.216259e-06	-1.190011e-08	-3.707133e+01	-7.778125e+02
3.190000e-06	-5.241381e-06	-1.195261e-08	-3.724987e+01	-7.811523e+02
3.200000e-06	-5.264711e-06	-1.200325e-08	-3.741567e+01	-7.842296e+02
3.210000e-06	-5.286070e-06	-1.204927e-08	-3.756746e+01	-7.870588e+02
3.220000e-06	-5.305506e-06	-1.208805e-08	-3.770559e+01	-7.896548e+02
3.230000e-06	-5.323202e-06	-1.212245e-08	-3.783136e+01	-7.920312e+02
3.240000e-06	-5.339070e-06	-1.215543e-08	-3.794413e+01	-7.941998e+02
3.250000e-06	-5.352795e-06	-1.218672e-08	-3.804167e+01	-7.961700e+02
3.260000e-06	-5.364337e-06	-1.221445e-08	-3.812370e+01	-7.979504e+02
3.270000e-06	-5.373940e-06	-1.223901e-08	-3.819194e+01	-7.995496e+02
3.280000e-06	-5.381720e-06	-1.226269e-08	-3.824723e+01	-8.009778e+02
3.290000e-06	-5.387495e-06	-1.228607e-08	-3.828828e+01	-8.022474e+02
3.300000e-06	-5.391344e-06	-1.230398e-08	-3.831564e+01	-8.033723e+02
3.310000e-06	-5.393485e-06	-1.231528e-08	-3.833085e+01	-8.043660e+02
3.320000e-06	-5.393826e-06	-1.232786e-08	-3.833328e+01	-8.052396e+02
