# Temperatura_=_60.54
# Concentracion g/m^3_=_32800.0
# C_Vs_to_Am_M_A/Vsm_=_65563218390.804596
# pendiente_HvsI_1/m_=_3716.3
# ordenada_HvsI_A/m_=_1297.0
# frecuencia_Hz_=_301514.0296677212

Tiempo_(s)	Campo_(V.s)	Magnetizacion_(V.s)	Campo_(kA/m)	Magnetizacion_(A/m)
0.000000e+00	-8.285679e-06	-1.930780e-08	-5.764902e+01	-1.264142e+03
1.000000e-08	-8.282115e-06	-1.930622e-08	-5.762422e+01	-1.263974e+03
2.000000e-08	-8.275902e-06	-1.930270e-08	-5.758099e+01	-1.263807e+03
3.000000e-08	-8.266878e-06	-1.930152e-08	-5.751821e+01	-1.263640e+03
4.000000e-08	-8.254910e-06	-1.929909e-08	-5.743494e+01	-1.263460e+03
5.000000e-08	-8.239962e-06	-1.929166e-08	-5.733094e+01	-1.263241e+03
6.000000e-08	-8.222184e-06	-1.927808e-08	-5.720724e+01	-1.262962e+03
7.000000e-08	-8.201878e-06	-1.926141e-08	-5.706596e+01	-1.262613e+03
8.000000e-08	-8.178782e-06	-1.930272e-08	-5.690526e+01	-1.262203e+03
9.000000e-08	-8.152324e-06	-1.933543e-08	-5.672118e+01	-1.261755e+03
1.000000e-07	-8.122625e-06	-1.929757e-08	-5.651454e+01	-1.261309e+03
1.100000e-07	-8.090061e-06	-1.926719e-08	-5.628797e+01	-1.260901e+03
1.200000e-07	-8.054690e-06	-1.925322e-08	-5.604187e+01	-1.260557e+03
1.300000e-07	-8.016751e-06	-1.920869e-08	-5.577790e+01	-1.260282e+03
1.400000e-07	-7.976666e-06	-1.916571e-08	-5.549900e+01	-1.260052e+03
1.500000e-07	-7.934084e-06	-1.925327e-08	-5.520274e+01	-1.259821e+03
1.600000e-07	-7.888500e-06	-1.924925e-08	-5.488557e+01	-1.259527e+03
1.700000e-07	-7.840101e-06	-1.915660e-08	-5.454883e+01	-1.259111e+03
1.800000e-07	-7.788648e-06	-1.920409e-08	-5.419084e+01	-1.258527e+03
1.900000e-07	-7.734084e-06	-1.918160e-08	-5.381120e+01	-1.257757e+03
2.000000e-07	-7.676661e-06	-1.918254e-08	-5.341167e+01	-1.256811e+03
2.100000e-07	-7.616481e-06	-1.917850e-08	-5.299296e+01	-1.255729e+03
2.200000e-07	-7.553716e-06	-1.912384e-08	-5.255626e+01	-1.254566e+03
2.300000e-07	-7.488158e-06	-1.912860e-08	-5.210013e+01	-1.253376e+03
2.400000e-07	-7.419797e-06	-1.909110e-08	-5.162450e+01	-1.252203e+03
2.500000e-07	-7.348772e-06	-1.910342e-08	-5.113033e+01	-1.251066e+03
2.600000e-07	-7.274832e-06	-1.908513e-08	-5.061588e+01	-1.249956e+03
2.700000e-07	-7.198053e-06	-1.904805e-08	-5.008168e+01	-1.248845e+03
2.800000e-07	-7.118491e-06	-1.900703e-08	-4.952811e+01	-1.247688e+03
2.900000e-07	-7.036224e-06	-1.899649e-08	-4.895572e+01	-1.246447e+03
3.000000e-07	-6.951574e-06	-1.902588e-08	-4.836676e+01	-1.245093e+03
3.100000e-07	-6.864538e-06	-1.896253e-08	-4.776119e+01	-1.243622e+03
3.200000e-07	-6.775078e-06	-1.893851e-08	-4.713876e+01	-1.242048e+03
3.300000e-07	-6.683266e-06	-1.892345e-08	-4.649996e+01	-1.240403e+03
3.400000e-07	-6.589131e-06	-1.890683e-08	-4.584500e+01	-1.238723e+03
3.500000e-07	-6.492627e-06	-1.888336e-08	-4.517355e+01	-1.237037e+03
3.600000e-07	-6.393669e-06	-1.885442e-08	-4.448504e+01	-1.235356e+03
3.700000e-07	-6.292399e-06	-1.884105e-08	-4.378043e+01	-1.233670e+03
3.800000e-07	-6.188923e-06	-1.880937e-08	-4.306048e+01	-1.231952e+03
3.900000e-07	-6.083090e-06	-1.877685e-08	-4.232413e+01	-1.230165e+03
4.000000e-07	-5.975076e-06	-1.873310e-08	-4.157260e+01	-1.228272e+03
4.100000e-07	-5.865048e-06	-1.871539e-08	-4.080707e+01	-1.226252e+03
4.200000e-07	-5.752907e-06	-1.868516e-08	-4.002683e+01	-1.224100e+03
4.300000e-07	-5.638497e-06	-1.864845e-08	-3.923080e+01	-1.221832e+03
4.400000e-07	-5.521763e-06	-1.861671e-08	-3.841860e+01	-1.219481e+03
4.500000e-07	-5.402969e-06	-1.858936e-08	-3.759207e+01	-1.217081e+03
4.600000e-07	-5.282325e-06	-1.854563e-08	-3.675267e+01	-1.214662e+03
4.700000e-07	-5.159684e-06	-1.849039e-08	-3.589938e+01	-1.212237e+03
4.800000e-07	-5.035135e-06	-1.845396e-08	-3.503280e+01	-1.209796e+03
4.900000e-07	-4.908862e-06	-1.842571e-08	-3.415424e+01	-1.207314e+03
5.000000e-07	-4.780906e-06	-1.839035e-08	-3.326396e+01	-1.204754e+03
5.100000e-07	-4.651185e-06	-1.834374e-08	-3.236141e+01	-1.202077e+03
5.200000e-07	-4.519688e-06	-1.830129e-08	-3.144650e+01	-1.199258e+03
5.300000e-07	-4.386559e-06	-1.825190e-08	-3.052023e+01	-1.196286e+03
5.400000e-07	-4.251884e-06	-1.820384e-08	-2.958320e+01	-1.193172e+03
5.500000e-07	-4.115711e-06	-1.816081e-08	-2.863575e+01	-1.189939e+03
5.600000e-07	-3.977926e-06	-1.811613e-08	-2.767709e+01	-1.186615e+03
5.700000e-07	-3.838465e-06	-1.805585e-08	-2.670677e+01	-1.183222e+03
5.800000e-07	-3.697454e-06	-1.799846e-08	-2.572567e+01	-1.179765e+03
5.900000e-07	-3.555006e-06	-1.795473e-08	-2.473456e+01	-1.176234e+03
6.000000e-07	-3.411192e-06	-1.789894e-08	-2.373395e+01	-1.172599e+03
6.100000e-07	-3.266059e-06	-1.782672e-08	-2.272416e+01	-1.168826e+03
6.200000e-07	-3.119726e-06	-1.776027e-08	-2.170602e+01	-1.164881e+03
6.300000e-07	-2.972437e-06	-1.771104e-08	-2.068123e+01	-1.160744e+03
6.400000e-07	-2.824230e-06	-1.764913e-08	-1.965006e+01	-1.156415e+03
6.500000e-07	-2.675065e-06	-1.757215e-08	-1.861221e+01	-1.151914e+03
6.600000e-07	-2.525032e-06	-1.749592e-08	-1.756834e+01	-1.147270e+03
6.700000e-07	-2.374236e-06	-1.742756e-08	-1.651915e+01	-1.142515e+03
6.800000e-07	-2.222592e-06	-1.735680e-08	-1.546406e+01	-1.137668e+03
6.900000e-07	-2.070019e-06	-1.727944e-08	-1.440251e+01	-1.132730e+03
7.000000e-07	-1.916612e-06	-1.720145e-08	-1.333515e+01	-1.127674e+03
7.100000e-07	-1.762504e-06	-1.711669e-08	-1.226292e+01	-1.122454e+03
7.200000e-07	-1.607710e-06	-1.702912e-08	-1.118591e+01	-1.117017e+03
7.300000e-07	-1.452313e-06	-1.694000e-08	-1.010472e+01	-1.111311e+03
7.400000e-07	-1.296388e-06	-1.684877e-08	-9.019842e+00	-1.105302e+03
7.500000e-07	-1.139939e-06	-1.675297e-08	-7.931321e+00	-1.098980e+03
7.600000e-07	-9.830477e-07	-1.665522e-08	-6.839721e+00	-1.092355e+03
7.700000e-07	-8.258021e-07	-1.655495e-08	-5.745658e+00	-1.085449e+03
7.800000e-07	-6.682580e-07	-1.644501e-08	-4.649519e+00	-1.078278e+03
7.900000e-07	-5.104685e-07	-1.632690e-08	-3.551671e+00	-1.070836e+03
8.000000e-07	-3.525582e-07	-1.620531e-08	-2.452984e+00	-1.063080e+03
8.100000e-07	-1.945987e-07	-1.608323e-08	-1.353953e+00	-1.054930e+03
8.200000e-07	-3.656317e-08	-1.595148e-08	-2.543945e-01	-1.046272e+03
8.300000e-07	1.215090e-07	-1.580453e-08	8.454197e-01	-1.036974e+03
8.400000e-07	2.795053e-07	-1.564724e-08	1.944706e+00	-1.026913e+03
8.500000e-07	4.373918e-07	-1.548251e-08	3.043227e+00	-1.015990e+03
8.600000e-07	5.952235e-07	-1.530566e-08	4.141369e+00	-1.004147e+03
8.700000e-07	7.529356e-07	-1.511334e-08	5.238677e+00	-9.913670e+02
8.800000e-07	9.103338e-07	-1.490607e-08	6.333802e+00	-9.776639e+02
8.900000e-07	1.067362e-06	-1.468610e-08	7.426353e+00	-9.630608e+02
9.000000e-07	1.223976e-06	-1.445236e-08	8.516019e+00	-9.475636e+02
9.100000e-07	1.380117e-06	-1.419807e-08	9.602400e+00	-9.311391e+02
9.200000e-07	1.535765e-06	-1.392585e-08	1.068534e+01	-9.137022e+02
9.300000e-07	1.690857e-06	-1.363721e-08	1.176442e+01	-8.951179e+02
9.400000e-07	1.845267e-06	-1.333064e-08	1.283876e+01	-8.752147e+02
9.500000e-07	1.998947e-06	-1.300180e-08	1.390801e+01	-8.538072e+02
9.600000e-07	2.151890e-06	-1.264882e-08	1.497214e+01	-8.307153e+02
9.700000e-07	2.303978e-06	-1.227024e-08	1.603032e+01	-8.057728e+02
9.800000e-07	2.455186e-06	-1.186267e-08	1.708238e+01	-7.788174e+02
9.900000e-07	2.605559e-06	-1.142133e-08	1.812862e+01	-7.496593e+02
1.000000e-06	2.755042e-06	-1.093691e-08	1.916867e+01	-7.180341e+02
1.010000e-06	2.903512e-06	-1.040448e-08	2.020167e+01	-6.835512e+02
1.020000e-06	3.050920e-06	-9.818669e-09	2.122729e+01	-6.456541e+02
1.030000e-06	3.197234e-06	-9.171860e-09	2.224530e+01	-6.036092e+02
1.040000e-06	3.342386e-06	-8.445438e-09	2.325522e+01	-5.565367e+02
1.050000e-06	3.486334e-06	-7.624178e-09	2.425676e+01	-5.034899e+02
1.060000e-06	3.629081e-06	-6.704398e-09	2.524995e+01	-4.435757e+02
1.070000e-06	3.770529e-06	-5.676734e-09	2.623410e+01	-3.761032e+02
1.080000e-06	3.910506e-06	-4.528486e-09	2.720801e+01	-3.007343e+02
1.090000e-06	4.048926e-06	-3.255466e-09	2.817109e+01	-2.176092e+02
1.100000e-06	4.185824e-06	-1.871245e-09	2.912358e+01	-1.274201e+02
1.110000e-06	4.321225e-06	-3.985085e-10	3.006566e+01	-3.141563e+01
1.120000e-06	4.455080e-06	1.134897e-09	3.099698e+01	6.867208e+01
1.130000e-06	4.587390e-06	2.697705e-09	3.191754e+01	1.707677e+02
1.140000e-06	4.718029e-06	4.252449e-09	3.282649e+01	2.726417e+02
1.150000e-06	4.846926e-06	5.763989e-09	3.372331e+01	3.721183e+02
1.160000e-06	4.974043e-06	7.205103e-09	3.460775e+01	4.672687e+02
1.170000e-06	5.099383e-06	8.553848e-09	3.547982e+01	5.565627e+02
1.180000e-06	5.222995e-06	9.796775e-09	3.633987e+01	6.389558e+02
1.190000e-06	5.344761e-06	1.092673e-08	3.718708e+01	7.139070e+02
1.200000e-06	5.464595e-06	1.194277e-08	3.802084e+01	7.813305e+02
1.210000e-06	5.582417e-06	1.285167e-08	3.884062e+01	8.414993e+02
1.220000e-06	5.698170e-06	1.366511e-08	3.964599e+01	8.949237e+02
1.230000e-06	5.811726e-06	1.438779e-08	4.043607e+01	9.422298e+02
1.240000e-06	5.923018e-06	1.502152e-08	4.121040e+01	9.840585e+02
1.250000e-06	6.032236e-06	1.557518e-08	4.197030e+01	1.020998e+03
1.260000e-06	6.139349e-06	1.606102e-08	4.271556e+01	1.053554e+03
1.270000e-06	6.244228e-06	1.648693e-08	4.344528e+01	1.082150e+03
1.280000e-06	6.346863e-06	1.685929e-08	4.415938e+01	1.107153e+03
1.290000e-06	6.447252e-06	1.718511e-08	4.485785e+01	1.128902e+03
1.300000e-06	6.545286e-06	1.746804e-08	4.553994e+01	1.147730e+03
1.310000e-06	6.640853e-06	1.771294e-08	4.620486e+01	1.163979e+03
1.320000e-06	6.734130e-06	1.792748e-08	4.685385e+01	1.177995e+03
1.330000e-06	6.825180e-06	1.811464e-08	4.748735e+01	1.190113e+03
1.340000e-06	6.913799e-06	1.827793e-08	4.810393e+01	1.200634e+03
1.350000e-06	6.999934e-06	1.841906e-08	4.870322e+01	1.209810e+03
1.360000e-06	7.083652e-06	1.854040e-08	4.928571e+01	1.217834e+03
1.370000e-06	7.164826e-06	1.864292e-08	4.985049e+01	1.224843e+03
1.380000e-06	7.243405e-06	1.872800e-08	5.039722e+01	1.230930e+03
1.390000e-06	7.319363e-06	1.880092e-08	5.092571e+01	1.236167e+03
1.400000e-06	7.392556e-06	1.886588e-08	5.143496e+01	1.240624e+03
1.410000e-06	7.463029e-06	1.892570e-08	5.192529e+01	1.244384e+03
1.420000e-06	7.530841e-06	1.897841e-08	5.239710e+01	1.247546e+03
1.430000e-06	7.595932e-06	1.902197e-08	5.284998e+01	1.250224e+03
1.440000e-06	7.658351e-06	1.905922e-08	5.328428e+01	1.252531e+03
1.450000e-06	7.718152e-06	1.909055e-08	5.370035e+01	1.254565e+03
1.460000e-06	7.775175e-06	1.911614e-08	5.409710e+01	1.256398e+03
1.470000e-06	7.829382e-06	1.913857e-08	5.447425e+01	1.258067e+03
1.480000e-06	7.880558e-06	1.915795e-08	5.483032e+01	1.259577e+03
1.490000e-06	7.928508e-06	1.917606e-08	5.516394e+01	1.260914e+03
1.500000e-06	7.973591e-06	1.919328e-08	5.547761e+01	1.262056e+03
1.510000e-06	8.015870e-06	1.920860e-08	5.577177e+01	1.262990e+03
1.520000e-06	8.055299e-06	1.922246e-08	5.604611e+01	1.263724e+03
1.530000e-06	8.092015e-06	1.923322e-08	5.630157e+01	1.264286e+03
1.540000e-06	8.125869e-06	1.923957e-08	5.653711e+01	1.264723e+03
1.550000e-06	8.156797e-06	1.924467e-08	5.675230e+01	1.265088e+03
1.560000e-06	8.184951e-06	1.925288e-08	5.694818e+01	1.265426e+03
1.570000e-06	8.210191e-06	1.926142e-08	5.712380e+01	1.265769e+03
1.580000e-06	8.232451e-06	1.926739e-08	5.727867e+01	1.266120e+03
1.590000e-06	8.251887e-06	1.927236e-08	5.741390e+01	1.266466e+03
1.600000e-06	8.268402e-06	1.927833e-08	5.752881e+01	1.266774e+03
1.610000e-06	8.281887e-06	1.928462e-08	5.762263e+01	1.267012e+03
1.620000e-06	8.292225e-06	1.928848e-08	5.769456e+01	1.267156e+03
1.630000e-06	8.299459e-06	1.928919e-08	5.774489e+01	1.267195e+03
1.640000e-06	8.303806e-06	1.928935e-08	5.777514e+01	1.267143e+03
1.650000e-06	8.305189e-06	1.929263e-08	5.778476e+01	1.267022e+03
1.660000e-06	8.303702e-06	1.929129e-08	5.777442e+01	1.266864e+03
1.670000e-06	8.299584e-06	1.929122e-08	5.774576e+01	1.266695e+03
1.680000e-06	8.292738e-06	1.928918e-08	5.769813e+01	1.266528e+03
1.690000e-06	8.283077e-06	1.928351e-08	5.763091e+01	1.266360e+03
1.700000e-06	8.270579e-06	1.927853e-08	5.754395e+01	1.266174e+03
1.710000e-06	8.255220e-06	1.928435e-08	5.743709e+01	1.265946e+03
1.720000e-06	8.237313e-06	1.930027e-08	5.731250e+01	1.265654e+03
1.730000e-06	8.217011e-06	1.926166e-08	5.717125e+01	1.265293e+03
1.740000e-06	8.193692e-06	1.919158e-08	5.700900e+01	1.264873e+03
1.750000e-06	8.166671e-06	1.921333e-08	5.682100e+01	1.264423e+03
1.760000e-06	8.135968e-06	1.923024e-08	5.660737e+01	1.263980e+03
1.770000e-06	8.102296e-06	1.921918e-08	5.637310e+01	1.263582e+03
1.780000e-06	8.066275e-06	1.926748e-08	5.612247e+01	1.263251e+03
1.790000e-06	8.027922e-06	1.931077e-08	5.585563e+01	1.262986e+03
1.800000e-06	7.987274e-06	1.922468e-08	5.557282e+01	1.262759e+03
1.810000e-06	7.944036e-06	1.924331e-08	5.527198e+01	1.262521e+03
1.820000e-06	7.898002e-06	1.924821e-08	5.495169e+01	1.262210e+03
1.830000e-06	7.849213e-06	1.921445e-08	5.461223e+01	1.261766e+03
1.840000e-06	7.797328e-06	1.927061e-08	5.425123e+01	1.261149e+03
1.850000e-06	7.742421e-06	1.917414e-08	5.386921e+01	1.260345e+03
1.860000e-06	7.684672e-06	1.923491e-08	5.346741e+01	1.259371e+03
1.870000e-06	7.624216e-06	1.923499e-08	5.304677e+01	1.258270e+03
1.880000e-06	7.561018e-06	1.917966e-08	5.260706e+01	1.257098e+03
1.890000e-06	7.494894e-06	1.920486e-08	5.214700e+01	1.255908e+03
1.900000e-06	7.426037e-06	1.909366e-08	5.166791e+01	1.254740e+03
1.910000e-06	7.354329e-06	1.912134e-08	5.116899e+01	1.253609e+03
1.920000e-06	7.279776e-06	1.911589e-08	5.065028e+01	1.252502e+03
1.930000e-06	7.202420e-06	1.914432e-08	5.011206e+01	1.251385e+03
1.940000e-06	7.122325e-06	1.911184e-08	4.955478e+01	1.250216e+03
1.950000e-06	7.039768e-06	1.902206e-08	4.898038e+01	1.248956e+03
1.960000e-06	6.954684e-06	1.906365e-08	4.838839e+01	1.247580e+03
1.970000e-06	6.866998e-06	1.899866e-08	4.777830e+01	1.246088e+03
1.980000e-06	6.776816e-06	1.901286e-08	4.715085e+01	1.244499e+03
1.990000e-06	6.684401e-06	1.895863e-08	4.650785e+01	1.242845e+03
2.000000e-06	6.589651e-06	1.894289e-08	4.584861e+01	1.241162e+03
2.010000e-06	6.492477e-06	1.893309e-08	4.517251e+01	1.239476e+03
2.020000e-06	6.393088e-06	1.888294e-08	4.448099e+01	1.237795e+03
2.030000e-06	6.291346e-06	1.886372e-08	4.377311e+01	1.236105e+03
2.040000e-06	6.187178e-06	1.881030e-08	4.304834e+01	1.234377e+03
2.050000e-06	6.080812e-06	1.881762e-08	4.230828e+01	1.232573e+03
2.060000e-06	5.972479e-06	1.877878e-08	4.155453e+01	1.230659e+03
2.070000e-06	5.861966e-06	1.876261e-08	4.078563e+01	1.228614e+03
2.080000e-06	5.749155e-06	1.870764e-08	4.000072e+01	1.226440e+03
2.090000e-06	5.634230e-06	1.866318e-08	3.920111e+01	1.224154e+03
2.100000e-06	5.517137e-06	1.862644e-08	3.838642e+01	1.221791e+03
2.110000e-06	5.397857e-06	1.860820e-08	3.755651e+01	1.219386e+03
2.120000e-06	5.276560e-06	1.859374e-08	3.671256e+01	1.216965e+03
2.130000e-06	5.153428e-06	1.854547e-08	3.585585e+01	1.214538e+03
2.140000e-06	5.028514e-06	1.850113e-08	3.498674e+01	1.212092e+03
2.150000e-06	4.901719e-06	1.845220e-08	3.410454e+01	1.209598e+03
2.160000e-06	4.773080e-06	1.841653e-08	3.320952e+01	1.207019e+03
2.170000e-06	4.642805e-06	1.836782e-08	3.230310e+01	1.204318e+03
2.180000e-06	4.510988e-06	1.833884e-08	3.138597e+01	1.201472e+03
2.190000e-06	4.377617e-06	1.829968e-08	3.045801e+01	1.198473e+03
2.200000e-06	4.242484e-06	1.824710e-08	2.951780e+01	1.195336e+03
2.210000e-06	4.105744e-06	1.818705e-08	2.856641e+01	1.192084e+03
2.220000e-06	3.967556e-06	1.814515e-08	2.760494e+01	1.188746e+03
2.230000e-06	3.827875e-06	1.810078e-08	2.663309e+01	1.185341e+03
2.240000e-06	3.686766e-06	1.804319e-08	2.565130e+01	1.181872e+03
2.250000e-06	3.544226e-06	1.798694e-08	2.465955e+01	1.178324e+03
2.260000e-06	3.400320e-06	1.793596e-08	2.365830e+01	1.174667e+03
2.270000e-06	3.255121e-06	1.787516e-08	2.264806e+01	1.170865e+03
2.280000e-06	3.108830e-06	1.780072e-08	2.163021e+01	1.166886e+03
2.290000e-06	2.961567e-06	1.773337e-08	2.060561e+01	1.162714e+03
2.300000e-06	2.813292e-06	1.767665e-08	1.957395e+01	1.158353e+03
2.310000e-06	2.664012e-06	1.762430e-08	1.853532e+01	1.153823e+03
2.320000e-06	2.513752e-06	1.756220e-08	1.748986e+01	1.149156e+03
2.330000e-06	2.362473e-06	1.748716e-08	1.643731e+01	1.144384e+03
2.340000e-06	2.210295e-06	1.739920e-08	1.537850e+01	1.139522e+03
2.350000e-06	2.057330e-06	1.731396e-08	1.431422e+01	1.134564e+03
2.360000e-06	1.903659e-06	1.724163e-08	1.324503e+01	1.129483e+03
2.370000e-06	1.749373e-06	1.716936e-08	1.217156e+01	1.124228e+03
2.380000e-06	1.594530e-06	1.708323e-08	1.109421e+01	1.118745e+03
2.390000e-06	1.439222e-06	1.699328e-08	1.001363e+01	1.112987e+03
2.400000e-06	1.283393e-06	1.690639e-08	8.929427e+00	1.106922e+03
2.410000e-06	1.127053e-06	1.681492e-08	7.841665e+00	1.100544e+03
2.420000e-06	9.703146e-07	1.671123e-08	6.751128e+00	1.093867e+03
2.430000e-06	8.132403e-07	1.660092e-08	5.658257e+00	1.086913e+03
2.440000e-06	6.558675e-07	1.649245e-08	4.563309e+00	1.079694e+03
2.450000e-06	4.982440e-07	1.638333e-08	3.466617e+00	1.072200e+03
2.460000e-06	3.404475e-07	1.626239e-08	2.368721e+00	1.064380e+03
2.470000e-06	1.825237e-07	1.612930e-08	1.269940e+00	1.056148e+03
2.480000e-06	2.451258e-08	1.599029e-08	1.705504e-01	1.047385e+03
2.490000e-06	-1.334878e-07	1.584801e-08	-9.287637e-01	1.037960e+03
2.500000e-06	-2.914023e-07	1.570017e-08	-2.027481e+00	1.027751e+03
2.510000e-06	-4.491998e-07	1.553834e-08	-3.125384e+00	1.016666e+03
2.520000e-06	-6.068253e-07	1.535460e-08	-4.222090e+00	1.004655e+03
2.530000e-06	-7.641941e-07	1.515050e-08	-5.317010e+00	9.917082e+02
2.540000e-06	-9.212737e-07	1.493435e-08	-6.409918e+00	9.778426e+02
2.550000e-06	-1.078006e-06	1.471080e-08	-7.500408e+00	9.630799e+02
2.560000e-06	-1.234269e-06	1.447647e-08	-8.587637e+00	9.474206e+02
2.570000e-06	-1.389994e-06	1.422611e-08	-9.671117e+00	9.308227e+02
2.580000e-06	-1.545191e-06	1.395804e-08	-1.075093e+01	9.131918e+02
2.590000e-06	-1.699906e-06	1.367118e-08	-1.182738e+01	8.943849e+02
2.600000e-06	-1.854094e-06	1.336252e-08	-1.290017e+01	8.742265e+02
2.610000e-06	-2.007634e-06	1.302788e-08	-1.396846e+01	8.525306e+02
2.620000e-06	-2.160397e-06	1.266947e-08	-1.503133e+01	8.291197e+02
2.630000e-06	-2.312349e-06	1.228955e-08	-1.608856e+01	8.038296e+02
2.640000e-06	-2.463477e-06	1.188132e-08	-1.714006e+01	7.764959e+02
2.650000e-06	-2.613712e-06	1.143646e-08	-1.818534e+01	7.469192e+02
2.660000e-06	-2.762997e-06	1.095044e-08	-1.922402e+01	7.148164e+02
2.670000e-06	-2.911220e-06	1.041622e-08	-2.025531e+01	6.797695e+02
2.680000e-06	-3.058389e-06	9.824166e-09	-2.127926e+01	6.411901e+02
2.690000e-06	-3.204552e-06	9.167464e-09	-2.229622e+01	5.983148e+02
2.700000e-06	-3.349583e-06	8.436366e-09	-2.330529e+01	5.502448e+02
2.710000e-06	-3.493398e-06	7.615547e-09	-2.430591e+01	4.960330e+02
2.720000e-06	-3.635912e-06	6.689576e-09	-2.529747e+01	4.348112e+02
2.730000e-06	-3.777006e-06	5.649221e-09	-2.627916e+01	3.659407e+02
2.740000e-06	-3.916582e-06	4.491047e-09	-2.725028e+01	2.891608e+02
2.750000e-06	-4.054681e-06	3.216104e-09	-2.821113e+01	2.047068e+02
2.760000e-06	-4.191333e-06	1.832783e-09	-2.916191e+01	1.133720e+02
2.770000e-06	-4.326435e-06	3.560701e-10	-3.010191e+01	1.649889e+01
2.780000e-06	-4.459918e-06	-1.185916e-09	-3.103063e+01	-8.410704e+01
2.790000e-06	-4.591871e-06	-2.754276e-09	-3.194872e+01	-1.863281e+02
2.800000e-06	-4.722276e-06	-4.309506e-09	-3.285604e+01	-2.879292e+02
2.810000e-06	-4.850964e-06	-5.820461e-09	-3.375141e+01	-3.867652e+02
2.820000e-06	-4.977912e-06	-7.263469e-09	-3.463466e+01	-4.809692e+02
2.830000e-06	-5.103108e-06	-8.613047e-09	-3.550574e+01	-5.690931e+02
2.840000e-06	-5.226534e-06	-9.851978e-09	-3.636449e+01	-6.501833e+02
2.850000e-06	-5.348127e-06	-1.097863e-08	-3.721050e+01	-7.237851e+02
2.860000e-06	-5.467731e-06	-1.199770e-08	-3.804267e+01	-7.898850e+02
2.870000e-06	-5.585175e-06	-1.291224e-08	-3.885980e+01	-8.488074e+02
2.880000e-06	-5.700341e-06	-1.372285e-08	-3.966109e+01	-9.010921e+02
2.890000e-06	-5.813211e-06	-1.443731e-08	-4.044640e+01	-9.473743e+02
2.900000e-06	-5.923884e-06	-1.507045e-08	-4.121643e+01	-9.882894e+02
2.910000e-06	-6.032493e-06	-1.563191e-08	-4.197209e+01	-1.024412e+03
2.920000e-06	-6.139082e-06	-1.612377e-08	-4.271370e+01	-1.056232e+03
2.930000e-06	-6.243535e-06	-1.654879e-08	-4.344045e+01	-1.084161e+03
2.940000e-06	-6.345670e-06	-1.691875e-08	-4.415108e+01	-1.108559e+03
2.950000e-06	-6.445449e-06	-1.724403e-08	-4.484531e+01	-1.129762e+03
2.960000e-06	-6.542996e-06	-1.752875e-08	-4.552400e+01	-1.148104e+03
2.970000e-06	-6.638315e-06	-1.777563e-08	-4.618720e+01	-1.163930e+03
2.980000e-06	-6.731251e-06	-1.798961e-08	-4.683382e+01	-1.177584e+03
2.990000e-06	-6.821798e-06	-1.817488e-08	-4.746382e+01	-1.189396e+03
3.000000e-06	-6.910036e-06	-1.833571e-08	-4.807775e+01	-1.199660e+03
3.010000e-06	-6.995792e-06	-1.847560e-08	-4.867441e+01	-1.208618e+03
3.020000e-06	-7.079012e-06	-1.859551e-08	-4.925342e+01	-1.216453e+03
3.030000e-06	-7.159764e-06	-1.869832e-08	-4.981527e+01	-1.223291e+03
3.040000e-06	-7.237841e-06	-1.878471e-08	-5.035850e+01	-1.229222e+03
3.050000e-06	-7.313111e-06	-1.886072e-08	-5.088221e+01	-1.234315e+03
3.060000e-06	-7.385672e-06	-1.892810e-08	-5.138706e+01	-1.238641e+03
3.070000e-06	-7.455558e-06	-1.898444e-08	-5.187331e+01	-1.242287e+03
3.080000e-06	-7.522808e-06	-1.903213e-08	-5.234121e+01	-1.245355e+03
3.090000e-06	-7.587475e-06	-1.907686e-08	-5.279115e+01	-1.247958e+03
3.100000e-06	-7.649433e-06	-1.911686e-08	-5.322223e+01	-1.250210e+03
3.110000e-06	-7.708623e-06	-1.914902e-08	-5.363405e+01	-1.252205e+03
3.120000e-06	-7.764998e-06	-1.917436e-08	-5.402629e+01	-1.254007e+03
3.130000e-06	-7.818409e-06	-1.919675e-08	-5.439790e+01	-1.255648e+03
3.140000e-06	-7.868742e-06	-1.921673e-08	-5.474811e+01	-1.257129e+03
3.150000e-06	-7.915947e-06	-1.923644e-08	-5.507654e+01	-1.258433e+03
3.160000e-06	-7.960412e-06	-1.925586e-08	-5.538592e+01	-1.259539e+03
3.170000e-06	-8.002364e-06	-1.927026e-08	-5.567781e+01	-1.260437e+03
3.180000e-06	-8.041501e-06	-1.927995e-08	-5.595011e+01	-1.261138e+03
3.190000e-06	-8.077779e-06	-1.928678e-08	-5.620252e+01	-1.261674e+03
3.200000e-06	-8.111302e-06	-1.929469e-08	-5.643576e+01	-1.262094e+03
3.210000e-06	-8.141920e-06	-1.930162e-08	-5.664879e+01	-1.262451e+03
3.220000e-06	-8.169604e-06	-1.930764e-08	-5.684140e+01	-1.262790e+03
3.230000e-06	-8.194518e-06	-1.931124e-08	-5.701475e+01	-1.263134e+03
3.240000e-06	-8.216551e-06	-1.931308e-08	-5.716805e+01	-1.263487e+03
3.250000e-06	-8.235672e-06	-1.931437e-08	-5.730108e+01	-1.263828e+03
3.260000e-06	-8.251983e-06	-1.931468e-08	-5.741457e+01	-1.264127e+03
3.270000e-06	-8.265114e-06	-1.931422e-08	-5.750593e+01	-1.264350e+03
3.280000e-06	-8.274998e-06	-1.931551e-08	-5.757470e+01	-1.264475e+03
3.290000e-06	-8.281861e-06	-1.931592e-08	-5.762245e+01	-1.264498e+03
3.300000e-06	-8.285791e-06	-1.931332e-08	-5.764980e+01	-1.264431e+03
3.310000e-06	-8.286925e-06	-1.930864e-08	-5.765768e+01	-1.264301e+03
