# Temperatura_=_40.5
# Concentracion g/m^3_=_24000.0
# C_Vs_to_Am_M_A/Vsm_=_65563218390.804596
# pendiente_HvsI_1/m_=_3716.3
# ordenada_HvsI_A/m_=_1297.0
# frecuencia_Hz_=_301436.11078959843

Tiempo_(s)	Campo_(V.s)	Magnetizacion_(V.s)	Campo_(kA/m)	Magnetizacion_(A/m)
0.000000e+00	-8.092193e-06	-2.064264e-08	-5.693064e+01	-1.351794e+03
1.000000e-08	-8.089819e-06	-2.064756e-08	-5.691394e+01	-1.351745e+03
2.000000e-08	-8.084701e-06	-2.064660e-08	-5.687794e+01	-1.351634e+03
3.000000e-08	-8.076958e-06	-2.064155e-08	-5.682346e+01	-1.351476e+03
4.000000e-08	-8.066449e-06	-2.063434e-08	-5.674953e+01	-1.351280e+03
5.000000e-08	-8.052981e-06	-2.062610e-08	-5.665478e+01	-1.351046e+03
6.000000e-08	-8.036610e-06	-2.061778e-08	-5.653960e+01	-1.350769e+03
7.000000e-08	-8.017702e-06	-2.060562e-08	-5.640659e+01	-1.350439e+03
8.000000e-08	-7.996450e-06	-2.060199e-08	-5.625707e+01	-1.350045e+03
9.000000e-08	-7.972507e-06	-2.063955e-08	-5.608863e+01	-1.349583e+03
1.000000e-07	-7.945405e-06	-2.064535e-08	-5.589796e+01	-1.349055e+03
1.100000e-07	-7.915207e-06	-2.061474e-08	-5.568550e+01	-1.348468e+03
1.200000e-07	-7.882092e-06	-2.058231e-08	-5.545253e+01	-1.347835e+03
1.300000e-07	-7.846187e-06	-2.055551e-08	-5.519993e+01	-1.347168e+03
1.400000e-07	-7.807849e-06	-2.053480e-08	-5.493021e+01	-1.346473e+03
1.500000e-07	-7.767180e-06	-2.051149e-08	-5.464410e+01	-1.345746e+03
1.600000e-07	-7.724063e-06	-2.054821e-08	-5.434076e+01	-1.344978e+03
1.700000e-07	-7.678291e-06	-2.053287e-08	-5.401874e+01	-1.344149e+03
1.800000e-07	-7.629704e-06	-2.047636e-08	-5.367692e+01	-1.343239e+03
1.900000e-07	-7.578227e-06	-2.052199e-08	-5.331477e+01	-1.342230e+03
2.000000e-07	-7.523815e-06	-2.046116e-08	-5.293196e+01	-1.341113e+03
2.100000e-07	-7.466573e-06	-2.039718e-08	-5.252925e+01	-1.339891e+03
2.200000e-07	-7.406655e-06	-2.040731e-08	-5.210771e+01	-1.338577e+03
2.300000e-07	-7.344215e-06	-2.039599e-08	-5.166843e+01	-1.337193e+03
2.400000e-07	-7.279190e-06	-2.039446e-08	-5.121096e+01	-1.335760e+03
2.500000e-07	-7.211348e-06	-2.033345e-08	-5.073368e+01	-1.334298e+03
2.600000e-07	-7.140760e-06	-2.030515e-08	-5.023707e+01	-1.332814e+03
2.700000e-07	-7.067484e-06	-2.029521e-08	-4.972156e+01	-1.331305e+03
2.800000e-07	-6.991467e-06	-2.030176e-08	-4.918676e+01	-1.329754e+03
2.900000e-07	-6.912669e-06	-2.027508e-08	-4.863239e+01	-1.328138e+03
3.000000e-07	-6.831175e-06	-2.022580e-08	-4.805906e+01	-1.326432e+03
3.100000e-07	-6.747380e-06	-2.021674e-08	-4.746954e+01	-1.324617e+03
3.200000e-07	-6.661391e-06	-2.017840e-08	-4.686459e+01	-1.322683e+03
3.300000e-07	-6.573057e-06	-2.014578e-08	-4.624313e+01	-1.320634e+03
3.400000e-07	-6.482337e-06	-2.010358e-08	-4.560490e+01	-1.318483e+03
3.500000e-07	-6.389283e-06	-2.006398e-08	-4.495024e+01	-1.316250e+03
3.600000e-07	-6.293914e-06	-2.004214e-08	-4.427930e+01	-1.313954e+03
3.700000e-07	-6.196249e-06	-2.002032e-08	-4.359220e+01	-1.311609e+03
3.800000e-07	-6.096330e-06	-1.998179e-08	-4.288924e+01	-1.309219e+03
3.900000e-07	-5.994235e-06	-1.992377e-08	-4.217098e+01	-1.306775e+03
4.000000e-07	-5.889989e-06	-1.988505e-08	-4.143758e+01	-1.304263e+03
4.100000e-07	-5.783579e-06	-1.985540e-08	-4.068896e+01	-1.301663e+03
4.200000e-07	-5.675119e-06	-1.982304e-08	-3.992591e+01	-1.298959e+03
4.300000e-07	-5.564648e-06	-1.976739e-08	-3.914872e+01	-1.296142e+03
4.400000e-07	-5.452106e-06	-1.971574e-08	-3.835696e+01	-1.293214e+03
4.500000e-07	-5.337429e-06	-1.967995e-08	-3.755017e+01	-1.290186e+03
4.600000e-07	-5.220620e-06	-1.963824e-08	-3.672840e+01	-1.287074e+03
4.700000e-07	-5.101772e-06	-1.957836e-08	-3.589227e+01	-1.283895e+03
4.800000e-07	-4.981101e-06	-1.952951e-08	-3.504332e+01	-1.280661e+03
4.900000e-07	-4.858676e-06	-1.949693e-08	-3.418203e+01	-1.277376e+03
5.000000e-07	-4.734454e-06	-1.944377e-08	-3.330810e+01	-1.274028e+03
5.100000e-07	-4.608554e-06	-1.937244e-08	-3.242235e+01	-1.270602e+03
5.200000e-07	-4.481015e-06	-1.931331e-08	-3.152509e+01	-1.267075e+03
5.300000e-07	-4.351879e-06	-1.927131e-08	-3.061658e+01	-1.263425e+03
5.400000e-07	-4.221153e-06	-1.921591e-08	-2.969689e+01	-1.259639e+03
5.500000e-07	-4.088893e-06	-1.915137e-08	-2.876640e+01	-1.255710e+03
5.600000e-07	-3.955181e-06	-1.909129e-08	-2.782571e+01	-1.251645e+03
5.700000e-07	-3.819998e-06	-1.903090e-08	-2.687466e+01	-1.247456e+03
5.800000e-07	-3.683430e-06	-1.896105e-08	-2.591387e+01	-1.243157e+03
5.900000e-07	-3.545514e-06	-1.889004e-08	-2.494360e+01	-1.238759e+03
6.000000e-07	-3.406118e-06	-1.882087e-08	-2.396291e+01	-1.234267e+03
6.100000e-07	-3.265271e-06	-1.874918e-08	-2.297202e+01	-1.229675e+03
6.200000e-07	-3.123183e-06	-1.867978e-08	-2.197239e+01	-1.224967e+03
6.300000e-07	-2.980019e-06	-1.861016e-08	-2.096520e+01	-1.220124e+03
6.400000e-07	-2.835748e-06	-1.852990e-08	-1.995021e+01	-1.215127e+03
6.500000e-07	-2.690334e-06	-1.844102e-08	-1.892719e+01	-1.209959e+03
6.600000e-07	-2.543928e-06	-1.836589e-08	-1.789718e+01	-1.204614e+03
6.700000e-07	-2.396615e-06	-1.829730e-08	-1.686080e+01	-1.199093e+03
6.800000e-07	-2.248507e-06	-1.821003e-08	-1.581882e+01	-1.193404e+03
6.900000e-07	-2.099712e-06	-1.810715e-08	-1.477201e+01	-1.187554e+03
7.000000e-07	-1.950178e-06	-1.801167e-08	-1.372000e+01	-1.181550e+03
7.100000e-07	-1.799953e-06	-1.792382e-08	-1.266313e+01	-1.175389e+03
7.200000e-07	-1.649149e-06	-1.782450e-08	-1.160218e+01	-1.169059e+03
7.300000e-07	-1.497804e-06	-1.771607e-08	-1.053743e+01	-1.162541e+03
7.400000e-07	-1.345945e-06	-1.761281e-08	-9.469066e+00	-1.155811e+03
7.500000e-07	-1.193574e-06	-1.751588e-08	-8.397099e+00	-1.148843e+03
7.600000e-07	-1.040778e-06	-1.741098e-08	-7.322142e+00	-1.141614e+03
7.700000e-07	-8.876068e-07	-1.729283e-08	-6.244541e+00	-1.134106e+03
7.800000e-07	-7.341047e-07	-1.716871e-08	-5.164614e+00	-1.126302e+03
7.900000e-07	-5.803110e-07	-1.704586e-08	-4.082636e+00	-1.118183e+03
8.000000e-07	-4.263126e-07	-1.692016e-08	-2.999218e+00	-1.109722e+03
8.100000e-07	-2.721820e-07	-1.678341e-08	-1.914870e+00	-1.100881e+03
8.200000e-07	-1.179453e-07	-1.663555e-08	-8.297751e-01	-1.091602e+03
8.300000e-07	3.631398e-08	-1.648231e-08	2.554781e-01	-1.081816e+03
8.400000e-07	1.905810e-07	-1.632627e-08	1.340786e+00	-1.071442e+03
8.500000e-07	3.447711e-07	-1.616034e-08	2.425553e+00	-1.060396e+03
8.600000e-07	4.987727e-07	-1.597975e-08	3.508993e+00	-1.048600e+03
8.700000e-07	6.525458e-07	-1.578542e-08	4.590827e+00	-1.035985e+03
8.800000e-07	8.060791e-07	-1.558035e-08	5.670972e+00	-1.022499e+03
8.900000e-07	9.593717e-07	-1.536184e-08	6.749425e+00	-1.008095e+03
9.000000e-07	1.112293e-06	-1.512521e-08	7.825265e+00	-9.927319e+02
9.100000e-07	1.264745e-06	-1.487085e-08	8.897806e+00	-9.763559e+02
9.200000e-07	1.416790e-06	-1.460241e-08	9.967480e+00	-9.588947e+02
9.300000e-07	1.568358e-06	-1.432179e-08	1.103380e+01	-9.402483e+02
9.400000e-07	1.719359e-06	-1.402042e-08	1.209613e+01	-9.202878e+02
9.500000e-07	1.869809e-06	-1.369033e-08	1.315458e+01	-8.988607e+02
9.600000e-07	2.019712e-06	-1.333491e-08	1.420919e+01	-8.758001e+02
9.700000e-07	2.168920e-06	-1.295672e-08	1.525890e+01	-8.509351e+02
9.800000e-07	2.317272e-06	-1.255081e-08	1.630260e+01	-8.240982e+02
9.900000e-07	2.464774e-06	-1.210648e-08	1.734032e+01	-7.951249e+02
1.000000e-06	2.611385e-06	-1.162398e-08	1.837176e+01	-7.638440e+02
1.010000e-06	2.757014e-06	-1.110823e-08	1.939630e+01	-7.300585e+02
1.020000e-06	2.901571e-06	-1.055068e-08	2.041329e+01	-6.935220e+02
1.030000e-06	3.045071e-06	-9.944836e-09	2.142285e+01	-6.539169e+02
1.040000e-06	3.187542e-06	-9.286769e-09	2.242517e+01	-6.108431e+02
1.050000e-06	3.328865e-06	-8.569372e-09	2.341942e+01	-5.638246e+02
1.060000e-06	3.468885e-06	-7.782688e-09	2.440449e+01	-5.123397e+02
1.070000e-06	3.607539e-06	-6.917911e-09	2.537996e+01	-4.558745e+02
1.080000e-06	3.744814e-06	-5.970846e-09	2.634572e+01	-3.939955e+02
1.090000e-06	3.880707e-06	-4.937247e-09	2.730177e+01	-3.264318e+02
1.100000e-06	4.015214e-06	-3.817864e-09	2.824806e+01	-2.531522e+02
1.110000e-06	4.148291e-06	-2.615523e-09	2.918429e+01	-1.744257e+02
1.120000e-06	4.279842e-06	-1.337465e-09	3.010978e+01	-9.084959e+01
1.130000e-06	4.409810e-06	8.620442e-13	3.102414e+01	-3.340723e+00
1.140000e-06	4.538232e-06	1.380051e-09	3.192762e+01	8.691378e+01
1.150000e-06	4.665096e-06	2.778600e-09	3.282015e+01	1.785396e+02
1.160000e-06	4.790363e-06	4.176235e-09	3.370143e+01	2.700810e+02
1.170000e-06	4.913960e-06	5.548193e-09	3.457096e+01	3.601142e+02
1.180000e-06	5.035754e-06	6.873467e-09	3.542782e+01	4.473512e+02
1.190000e-06	5.155714e-06	8.138949e-09	3.627176e+01	5.307219e+02
1.200000e-06	5.273757e-06	9.334885e-09	3.710223e+01	6.094234e+02
1.210000e-06	5.389693e-06	1.045168e-08	3.791787e+01	6.829339e+02
1.220000e-06	5.503537e-06	1.148378e-08	3.871879e+01	7.509948e+02
1.230000e-06	5.615428e-06	1.243301e-08	3.950597e+01	8.135685e+02
1.240000e-06	5.725401e-06	1.330143e-08	4.027966e+01	8.707830e+02
1.250000e-06	5.833332e-06	1.409245e-08	4.103898e+01	9.228744e+02
1.260000e-06	5.939079e-06	1.480916e-08	4.178294e+01	9.701369e+02
1.270000e-06	6.042661e-06	1.545572e-08	4.251166e+01	1.012887e+03
1.280000e-06	6.144087e-06	1.603828e-08	4.322522e+01	1.051440e+03
1.290000e-06	6.243241e-06	1.656158e-08	4.392280e+01	1.086106e+03
1.300000e-06	6.340125e-06	1.703097e-08	4.460440e+01	1.117185e+03
1.310000e-06	6.434808e-06	1.745038e-08	4.527052e+01	1.144972e+03
1.320000e-06	6.527268e-06	1.782369e-08	4.592100e+01	1.169763e+03
1.330000e-06	6.617393e-06	1.815955e-08	4.655505e+01	1.191846e+03
1.340000e-06	6.705117e-06	1.846098e-08	4.717221e+01	1.211503e+03
1.350000e-06	6.790531e-06	1.872636e-08	4.777312e+01	1.228994e+03
1.360000e-06	6.873604e-06	1.895973e-08	4.835756e+01	1.244553e+03
1.370000e-06	6.954208e-06	1.916772e-08	4.892463e+01	1.258385e+03
1.380000e-06	7.032270e-06	1.935350e-08	4.947382e+01	1.270657e+03
1.390000e-06	7.107736e-06	1.951843e-08	5.000474e+01	1.281512e+03
1.400000e-06	7.180541e-06	1.966410e-08	5.051694e+01	1.291072e+03
1.410000e-06	7.250737e-06	1.979114e-08	5.101079e+01	1.299449e+03
1.420000e-06	7.318370e-06	1.989984e-08	5.148660e+01	1.306756e+03
1.430000e-06	7.383326e-06	1.999372e-08	5.194358e+01	1.313107e+03
1.440000e-06	7.445711e-06	2.007666e-08	5.238248e+01	1.318624e+03
1.450000e-06	7.505593e-06	2.014996e-08	5.280377e+01	1.323424e+03
1.460000e-06	7.562790e-06	2.021448e-08	5.320616e+01	1.327619e+03
1.470000e-06	7.617194e-06	2.027225e-08	5.358891e+01	1.331306e+03
1.480000e-06	7.668631e-06	2.032355e-08	5.395078e+01	1.334561e+03
1.490000e-06	7.716959e-06	2.036631e-08	5.429078e+01	1.337436e+03
1.500000e-06	7.762404e-06	2.040255e-08	5.461050e+01	1.339968e+03
1.510000e-06	7.805170e-06	2.043442e-08	5.491136e+01	1.342179e+03
1.520000e-06	7.845104e-06	2.046396e-08	5.519231e+01	1.344087e+03
1.530000e-06	7.882293e-06	2.049109e-08	5.545395e+01	1.345712e+03
1.540000e-06	7.916814e-06	2.051175e-08	5.569681e+01	1.347081e+03
1.550000e-06	7.948476e-06	2.052744e-08	5.591956e+01	1.348231e+03
1.560000e-06	7.977405e-06	2.054216e-08	5.612309e+01	1.349201e+03
1.570000e-06	8.003537e-06	2.055671e-08	5.630693e+01	1.350032e+03
1.580000e-06	8.026708e-06	2.057013e-08	5.646994e+01	1.350757e+03
1.590000e-06	8.047125e-06	2.058135e-08	5.661358e+01	1.351400e+03
1.600000e-06	8.064777e-06	2.059112e-08	5.673777e+01	1.351969e+03
1.610000e-06	8.079457e-06	2.059952e-08	5.684105e+01	1.352464e+03
1.620000e-06	8.091058e-06	2.060582e-08	5.692266e+01	1.352875e+03
1.630000e-06	8.099553e-06	2.061019e-08	5.698243e+01	1.353190e+03
1.640000e-06	8.105158e-06	2.061300e-08	5.702186e+01	1.353404e+03
1.650000e-06	8.107950e-06	2.061577e-08	5.704150e+01	1.353516e+03
1.660000e-06	8.107905e-06	2.061719e-08	5.704118e+01	1.353537e+03
1.670000e-06	8.105248e-06	2.061903e-08	5.702249e+01	1.353480e+03
1.680000e-06	8.099916e-06	2.061998e-08	5.698498e+01	1.353363e+03
1.690000e-06	8.091802e-06	2.061764e-08	5.692790e+01	1.353201e+03
1.700000e-06	8.081004e-06	2.061607e-08	5.685193e+01	1.353001e+03
1.710000e-06	8.067424e-06	2.061885e-08	5.675639e+01	1.352763e+03
1.720000e-06	8.051137e-06	2.062102e-08	5.664181e+01	1.352481e+03
1.730000e-06	8.032440e-06	2.062267e-08	5.651027e+01	1.352144e+03
1.740000e-06	8.011271e-06	2.057153e-08	5.636134e+01	1.351743e+03
1.750000e-06	7.987076e-06	2.053496e-08	5.619112e+01	1.351274e+03
1.760000e-06	7.959298e-06	2.054277e-08	5.599570e+01	1.350739e+03
1.770000e-06	7.928019e-06	2.055640e-08	5.577564e+01	1.350147e+03
1.780000e-06	7.893966e-06	2.057397e-08	5.553607e+01	1.349510e+03
1.790000e-06	7.857533e-06	2.060402e-08	5.527975e+01	1.348839e+03
1.800000e-06	7.818664e-06	2.059110e-08	5.500630e+01	1.348141e+03
1.810000e-06	7.777630e-06	2.048420e-08	5.471761e+01	1.347411e+03
1.820000e-06	7.734360e-06	2.052241e-08	5.441320e+01	1.346637e+03
1.830000e-06	7.688365e-06	2.049761e-08	5.408961e+01	1.345801e+03
1.840000e-06	7.639525e-06	2.045579e-08	5.374601e+01	1.344881e+03
1.850000e-06	7.587661e-06	2.053040e-08	5.338113e+01	1.343860e+03
1.860000e-06	7.532825e-06	2.048820e-08	5.299535e+01	1.342732e+03
1.870000e-06	7.475327e-06	2.049566e-08	5.259084e+01	1.341499e+03
1.880000e-06	7.415118e-06	2.044246e-08	5.216725e+01	1.340177e+03
1.890000e-06	7.352225e-06	2.038901e-08	5.172478e+01	1.338786e+03
1.900000e-06	7.286647e-06	2.041203e-08	5.126342e+01	1.337349e+03
1.910000e-06	7.218360e-06	2.037801e-08	5.078301e+01	1.335885e+03
1.920000e-06	7.147284e-06	2.037673e-08	5.028297e+01	1.334399e+03
1.930000e-06	7.073432e-06	2.032637e-08	4.976341e+01	1.332886e+03
1.940000e-06	6.996971e-06	2.030675e-08	4.922548e+01	1.331330e+03
1.950000e-06	6.917835e-06	2.026836e-08	4.866874e+01	1.329705e+03
1.960000e-06	6.836190e-06	2.022867e-08	4.809434e+01	1.327988e+03
1.970000e-06	6.752156e-06	2.024997e-08	4.750314e+01	1.326160e+03
1.980000e-06	6.665600e-06	2.020026e-08	4.689420e+01	1.324214e+03
1.990000e-06	6.576559e-06	2.016738e-08	4.626777e+01	1.322153e+03
2.000000e-06	6.485227e-06	2.012364e-08	4.562523e+01	1.319992e+03
2.010000e-06	6.391662e-06	2.009792e-08	4.496698e+01	1.317752e+03
2.020000e-06	6.295801e-06	2.005695e-08	4.429257e+01	1.315450e+03
2.030000e-06	6.197698e-06	2.001133e-08	4.360239e+01	1.313101e+03
2.040000e-06	6.097437e-06	1.999805e-08	4.289703e+01	1.310705e+03
2.050000e-06	5.994964e-06	1.996943e-08	4.217610e+01	1.308255e+03
2.060000e-06	5.890221e-06	1.992938e-08	4.143921e+01	1.305734e+03
2.070000e-06	5.783366e-06	1.986852e-08	4.068746e+01	1.303124e+03
2.080000e-06	5.674526e-06	1.983115e-08	3.992174e+01	1.300408e+03
2.090000e-06	5.563641e-06	1.978427e-08	3.914164e+01	1.297579e+03
2.100000e-06	5.450634e-06	1.973500e-08	3.834660e+01	1.294640e+03
2.110000e-06	5.335520e-06	1.970093e-08	3.753674e+01	1.291601e+03
2.120000e-06	5.218361e-06	1.966707e-08	3.671250e+01	1.288481e+03
2.130000e-06	5.099148e-06	1.960507e-08	3.587381e+01	1.285296e+03
2.140000e-06	4.977990e-06	1.953738e-08	3.502143e+01	1.282057e+03
2.150000e-06	4.855019e-06	1.950108e-08	3.415630e+01	1.278765e+03
2.160000e-06	4.730392e-06	1.946743e-08	3.327952e+01	1.275411e+03
2.170000e-06	4.604152e-06	1.941075e-08	3.239138e+01	1.271975e+03
2.180000e-06	4.476194e-06	1.934334e-08	3.149117e+01	1.268436e+03
2.190000e-06	4.346597e-06	1.929058e-08	3.057942e+01	1.264772e+03
2.200000e-06	4.215450e-06	1.923070e-08	2.965677e+01	1.260970e+03
2.210000e-06	4.082857e-06	1.916248e-08	2.872394e+01	1.257027e+03
2.220000e-06	3.948885e-06	1.910435e-08	2.778141e+01	1.252947e+03
2.230000e-06	3.813382e-06	1.905405e-08	2.682812e+01	1.248746e+03
2.240000e-06	3.676285e-06	1.898827e-08	2.586360e+01	1.244436e+03
2.250000e-06	3.537868e-06	1.891745e-08	2.488981e+01	1.240028e+03
2.260000e-06	3.398267e-06	1.885661e-08	2.390768e+01	1.235526e+03
2.270000e-06	3.257444e-06	1.878617e-08	2.291695e+01	1.230922e+03
2.280000e-06	3.115372e-06	1.870185e-08	2.191744e+01	1.226201e+03
2.290000e-06	2.972036e-06	1.862577e-08	2.090903e+01	1.221342e+03
2.300000e-06	2.827540e-06	1.855985e-08	1.989247e+01	1.216327e+03
2.310000e-06	2.682030e-06	1.847718e-08	1.886876e+01	1.211140e+03
2.320000e-06	2.535588e-06	1.838356e-08	1.783851e+01	1.205776e+03
2.330000e-06	2.388246e-06	1.830159e-08	1.680192e+01	1.200237e+03
2.340000e-06	2.240092e-06	1.822767e-08	1.575962e+01	1.194530e+03
2.350000e-06	2.091199e-06	1.814379e-08	1.471212e+01	1.188664e+03
2.360000e-06	1.941696e-06	1.805050e-08	1.366033e+01	1.182643e+03
2.370000e-06	1.791639e-06	1.795622e-08	1.260463e+01	1.176465e+03
2.380000e-06	1.640926e-06	1.785661e-08	1.154433e+01	1.170116e+03
2.390000e-06	1.489515e-06	1.775175e-08	1.047912e+01	1.163577e+03
2.400000e-06	1.337477e-06	1.764742e-08	9.409490e+00	1.156822e+03
2.410000e-06	1.184943e-06	1.754402e-08	8.336376e+00	1.149827e+03
2.420000e-06	1.031926e-06	1.743585e-08	7.259866e+00	1.142569e+03
2.430000e-06	8.784607e-07	1.732058e-08	6.180195e+00	1.135030e+03
2.440000e-06	7.247060e-07	1.720339e-08	5.098492e+00	1.127193e+03
2.450000e-06	5.706904e-07	1.708246e-08	4.014953e+00	1.119039e+03
2.460000e-06	4.164600e-07	1.695202e-08	2.929902e+00	1.110540e+03
2.470000e-06	2.620873e-07	1.681451e-08	1.843851e+00	1.101655e+03
2.480000e-06	1.076463e-07	1.667347e-08	7.573195e-01	1.092325e+03
2.490000e-06	-4.681746e-08	1.652641e-08	-3.293728e-01	1.082481e+03
2.500000e-06	-2.012842e-07	1.636640e-08	-1.416085e+00	1.072039e+03
2.510000e-06	-3.556025e-07	1.619293e-08	-2.501754e+00	1.060916e+03
2.520000e-06	-5.097697e-07	1.601091e-08	-3.586360e+00	1.049035e+03
2.530000e-06	-6.637764e-07	1.582139e-08	-4.669836e+00	1.036329e+03
2.540000e-06	-8.175740e-07	1.561899e-08	-5.751842e+00	1.022746e+03
2.550000e-06	-9.710575e-07	1.540037e-08	-6.831638e+00	1.008242e+03
2.560000e-06	-1.124150e-06	1.516628e-08	-7.908686e+00	9.927731e+02
2.570000e-06	-1.276754e-06	1.491491e-08	-8.982289e+00	9.762848e+02
2.580000e-06	-1.428764e-06	1.464415e-08	-1.005172e+01	9.587020e+02
2.590000e-06	-1.580186e-06	1.435504e-08	-1.111701e+01	9.399214e+02
2.600000e-06	-1.731002e-06	1.404888e-08	-1.217804e+01	9.198114e+02
2.610000e-06	-1.881236e-06	1.371977e-08	-1.323498e+01	8.982175e+02
2.620000e-06	-2.030813e-06	1.336494e-08	-1.428729e+01	8.749717e+02
2.630000e-06	-2.179644e-06	1.298504e-08	-1.533435e+01	8.499034e+02
2.640000e-06	-2.327691e-06	1.257469e-08	-1.637590e+01	8.228455e+02
2.650000e-06	-2.474994e-06	1.212931e-08	-1.741222e+01	7.936334e+02
2.660000e-06	-2.621501e-06	1.164978e-08	-1.844293e+01	7.620943e+02
2.670000e-06	-2.767068e-06	1.113672e-08	-1.946703e+01	7.280270e+02
2.680000e-06	-2.911594e-06	1.057966e-08	-2.048381e+01	6.911783e+02
2.690000e-06	-3.054910e-06	9.969278e-09	-2.149207e+01	6.512222e+02
2.700000e-06	-3.196958e-06	9.303168e-09	-2.249142e+01	6.077496e+02
2.710000e-06	-3.337821e-06	8.576290e-09	-2.348243e+01	5.602780e+02
2.720000e-06	-3.477532e-06	7.782526e-09	-2.446533e+01	5.082833e+02
2.730000e-06	-3.616012e-06	6.916176e-09	-2.543957e+01	4.512566e+02
2.740000e-06	-3.753138e-06	5.970300e-09	-2.640429e+01	3.887780e+02
2.750000e-06	-3.888791e-06	4.937664e-09	-2.735864e+01	3.205984e+02
2.760000e-06	-4.022962e-06	3.814507e-09	-2.830256e+01	2.467168e+02
2.770000e-06	-4.155706e-06	2.608098e-09	-2.923646e+01	1.674362e+02
2.780000e-06	-4.287060e-06	1.329741e-09	-3.016056e+01	8.338961e+01
2.790000e-06	-4.416959e-06	-9.280930e-12	-3.107443e+01	-4.474294e+00
2.800000e-06	-4.545279e-06	-1.391962e-09	-3.197720e+01	-9.494381e+01
2.810000e-06	-4.671944e-06	-2.794599e-09	-3.286832e+01	-1.866306e+02
2.820000e-06	-4.796948e-06	-4.191847e-09	-3.374776e+01	-2.780769e+02
2.830000e-06	-4.920311e-06	-5.564152e-09	-3.461564e+01	-3.678688e+02
2.840000e-06	-5.041880e-06	-6.891847e-09	-3.547091e+01	-4.547383e+02
2.850000e-06	-5.161494e-06	-8.158972e-09	-3.631243e+01	-5.376422e+02
2.860000e-06	-5.279104e-06	-9.353817e-09	-3.713985e+01	-6.158075e+02
2.870000e-06	-5.394664e-06	-1.046873e-08	-3.795284e+01	-6.887421e+02
2.880000e-06	-5.508070e-06	-1.150213e-08	-3.875068e+01	-7.562134e+02
2.890000e-06	-5.619328e-06	-1.245426e-08	-3.953341e+01	-8.182045e+02
2.900000e-06	-5.728537e-06	-1.332727e-08	-4.030172e+01	-8.748574e+02
2.910000e-06	-5.835780e-06	-1.412152e-08	-4.105621e+01	-9.264166e+02
2.920000e-06	-5.941016e-06	-1.483968e-08	-4.179656e+01	-9.731804e+02
2.930000e-06	-6.044118e-06	-1.548794e-08	-4.252192e+01	-1.015466e+03
2.940000e-06	-6.145046e-06	-1.607334e-08	-4.323197e+01	-1.053588e+03
2.950000e-06	-6.243786e-06	-1.660157e-08	-4.392663e+01	-1.087855e+03
2.960000e-06	-6.340383e-06	-1.707306e-08	-4.460621e+01	-1.118567e+03
2.970000e-06	-6.434774e-06	-1.749082e-08	-4.527028e+01	-1.146020e+03
2.980000e-06	-6.526827e-06	-1.786333e-08	-4.591789e+01	-1.170506e+03
2.990000e-06	-6.616574e-06	-1.819891e-08	-4.654929e+01	-1.192316e+03
3.000000e-06	-6.703996e-06	-1.850056e-08	-4.716432e+01	-1.211729e+03
3.010000e-06	-6.788999e-06	-1.876909e-08	-4.776234e+01	-1.229002e+03
3.020000e-06	-6.871602e-06	-1.900704e-08	-4.834348e+01	-1.244367e+03
3.030000e-06	-6.951789e-06	-1.921851e-08	-4.890761e+01	-1.258024e+03
3.040000e-06	-7.029382e-06	-1.940428e-08	-4.945350e+01	-1.270138e+03
3.050000e-06	-7.104251e-06	-1.956586e-08	-4.998022e+01	-1.280849e+03
3.060000e-06	-7.176459e-06	-1.970726e-08	-5.048822e+01	-1.290276e+03
3.070000e-06	-7.246045e-06	-1.983188e-08	-5.097778e+01	-1.298534e+03
3.080000e-06	-7.313095e-06	-1.994267e-08	-5.144949e+01	-1.305732e+03
3.090000e-06	-7.377641e-06	-2.004151e-08	-5.190359e+01	-1.311989e+03
3.100000e-06	-7.439553e-06	-2.012714e-08	-5.233916e+01	-1.317423e+03
3.110000e-06	-7.498750e-06	-2.020010e-08	-5.275562e+01	-1.322153e+03
3.120000e-06	-7.555228e-06	-2.026454e-08	-5.315296e+01	-1.326290e+03
3.130000e-06	-7.608924e-06	-2.032245e-08	-5.353072e+01	-1.329927e+03
3.140000e-06	-7.659645e-06	-2.037263e-08	-5.388756e+01	-1.333138e+03
3.150000e-06	-7.707204e-06	-2.041306e-08	-5.422215e+01	-1.335976e+03
3.160000e-06	-7.751932e-06	-2.044737e-08	-5.453683e+01	-1.338473e+03
3.170000e-06	-7.794212e-06	-2.048077e-08	-5.483427e+01	-1.340650e+03
3.180000e-06	-7.833843e-06	-2.051068e-08	-5.511308e+01	-1.342527e+03
3.190000e-06	-7.870684e-06	-2.053427e-08	-5.537228e+01	-1.344123e+03
3.200000e-06	-7.904854e-06	-2.055347e-08	-5.561267e+01	-1.345467e+03
3.210000e-06	-7.936217e-06	-2.057082e-08	-5.583332e+01	-1.346595e+03
3.220000e-06	-7.964652e-06	-2.058773e-08	-5.603336e+01	-1.347548e+03
3.230000e-06	-7.990309e-06	-2.060285e-08	-5.621387e+01	-1.348366e+03
3.240000e-06	-8.013178e-06	-2.061364e-08	-5.637476e+01	-1.349082e+03
3.250000e-06	-8.033226e-06	-2.061995e-08	-5.651580e+01	-1.349716e+03
3.260000e-06	-8.050501e-06	-2.062579e-08	-5.663733e+01	-1.350278e+03
3.270000e-06	-8.064795e-06	-2.063240e-08	-5.673789e+01	-1.350765e+03
3.280000e-06	-8.075997e-06	-2.063731e-08	-5.681670e+01	-1.351165e+03
3.290000e-06	-8.084230e-06	-2.063905e-08	-5.687462e+01	-1.351470e+03
3.300000e-06	-8.089542e-06	-2.063820e-08	-5.691200e+01	-1.351673e+03
3.310000e-06	-8.092069e-06	-2.063744e-08	-5.692978e+01	-1.351775e+03
