# Temperatura_=_61.05
# Concentracion g/m^3_=_24000.0
# C_Vs_to_Am_M_A/Vsm_=_65563218390.804596
# pendiente_HvsI_1/m_=_3716.3
# ordenada_HvsI_A/m_=_1297.0
# frecuencia_Hz_=_301438.35118245985

Tiempo_(s)	Campo_(V.s)	Magnetizacion_(V.s)	Campo_(kA/m)	Magnetizacion_(A/m)
0.000000e+00	-8.193507e-06	-2.095952e-08	-5.692423e+01	-1.373351e+03
1.000000e-08	-8.191127e-06	-2.096816e-08	-5.690769e+01	-1.373274e+03
2.000000e-08	-8.185928e-06	-2.096615e-08	-5.687158e+01	-1.373158e+03
3.000000e-08	-8.178180e-06	-2.096224e-08	-5.681775e+01	-1.373015e+03
4.000000e-08	-8.167632e-06	-2.095592e-08	-5.674447e+01	-1.372846e+03
5.000000e-08	-8.154055e-06	-2.094405e-08	-5.665014e+01	-1.372642e+03
6.000000e-08	-8.137453e-06	-2.093247e-08	-5.653480e+01	-1.372387e+03
7.000000e-08	-8.118247e-06	-2.091935e-08	-5.640137e+01	-1.372064e+03
8.000000e-08	-8.096741e-06	-2.090943e-08	-5.625195e+01	-1.371660e+03
9.000000e-08	-8.072456e-06	-2.099851e-08	-5.608323e+01	-1.371171e+03
1.000000e-07	-8.044950e-06	-2.100138e-08	-5.589214e+01	-1.370604e+03
1.100000e-07	-8.014361e-06	-2.092389e-08	-5.567962e+01	-1.369974e+03
1.200000e-07	-7.980904e-06	-2.089829e-08	-5.544718e+01	-1.369301e+03
1.300000e-07	-7.944615e-06	-2.087961e-08	-5.519506e+01	-1.368603e+03
1.400000e-07	-7.905778e-06	-2.086171e-08	-5.492524e+01	-1.367890e+03
1.500000e-07	-7.864526e-06	-2.081396e-08	-5.463864e+01	-1.367161e+03
1.600000e-07	-7.820839e-06	-2.085224e-08	-5.433513e+01	-1.366402e+03
1.700000e-07	-7.774472e-06	-2.090553e-08	-5.401300e+01	-1.365593e+03
1.800000e-07	-7.725117e-06	-2.077207e-08	-5.367010e+01	-1.364712e+03
1.900000e-07	-7.672851e-06	-2.086660e-08	-5.330698e+01	-1.363741e+03
2.000000e-07	-7.617764e-06	-2.083524e-08	-5.292427e+01	-1.362670e+03
2.100000e-07	-7.559857e-06	-2.067776e-08	-5.252196e+01	-1.361503e+03
2.200000e-07	-7.499211e-06	-2.073069e-08	-5.210063e+01	-1.360253e+03
2.300000e-07	-7.435982e-06	-2.071520e-08	-5.166134e+01	-1.358939e+03
2.400000e-07	-7.370056e-06	-2.075517e-08	-5.120332e+01	-1.357581e+03
2.500000e-07	-7.301284e-06	-2.065136e-08	-5.072553e+01	-1.356191e+03
2.600000e-07	-7.229763e-06	-2.062306e-08	-5.022864e+01	-1.354773e+03
2.700000e-07	-7.155475e-06	-2.063106e-08	-4.971253e+01	-1.353317e+03
2.800000e-07	-7.078434e-06	-2.062412e-08	-4.917728e+01	-1.351804e+03
2.900000e-07	-6.998604e-06	-2.062141e-08	-4.862267e+01	-1.350213e+03
3.000000e-07	-6.916119e-06	-2.055261e-08	-4.804961e+01	-1.348524e+03
3.100000e-07	-6.831349e-06	-2.056692e-08	-4.746066e+01	-1.346725e+03
3.200000e-07	-6.744284e-06	-2.052069e-08	-4.685578e+01	-1.344816e+03
3.300000e-07	-6.654837e-06	-2.047549e-08	-4.623435e+01	-1.342807e+03
3.400000e-07	-6.563010e-06	-2.043717e-08	-4.559639e+01	-1.340716e+03
3.500000e-07	-6.468866e-06	-2.039043e-08	-4.494232e+01	-1.338562e+03
3.600000e-07	-6.372401e-06	-2.038162e-08	-4.427214e+01	-1.336361e+03
3.700000e-07	-6.273562e-06	-2.036567e-08	-4.358545e+01	-1.334118e+03
3.800000e-07	-6.172454e-06	-2.034163e-08	-4.288300e+01	-1.331829e+03
3.900000e-07	-6.069152e-06	-2.027507e-08	-4.216532e+01	-1.329481e+03
4.000000e-07	-5.963616e-06	-2.022758e-08	-4.143211e+01	-1.327055e+03
4.100000e-07	-5.855880e-06	-2.020109e-08	-4.068361e+01	-1.324535e+03
4.200000e-07	-5.746113e-06	-2.017323e-08	-3.992101e+01	-1.321910e+03
4.300000e-07	-5.634251e-06	-2.011971e-08	-3.914385e+01	-1.319177e+03
4.400000e-07	-5.520154e-06	-2.006263e-08	-3.835116e+01	-1.316345e+03
4.500000e-07	-5.403896e-06	-2.003522e-08	-3.754346e+01	-1.313429e+03
4.600000e-07	-5.285569e-06	-1.999889e-08	-3.672139e+01	-1.310446e+03
4.700000e-07	-5.165278e-06	-1.993402e-08	-3.588567e+01	-1.307406e+03
4.800000e-07	-5.043118e-06	-1.988214e-08	-3.503697e+01	-1.304313e+03
4.900000e-07	-4.919131e-06	-1.986014e-08	-3.417557e+01	-1.301161e+03
5.000000e-07	-4.793450e-06	-1.981911e-08	-3.330240e+01	-1.297933e+03
5.100000e-07	-4.666076e-06	-1.974281e-08	-3.241747e+01	-1.294608e+03
5.200000e-07	-4.536977e-06	-1.967679e-08	-3.152056e+01	-1.291164e+03
5.300000e-07	-4.406204e-06	-1.963700e-08	-3.061202e+01	-1.287587e+03
5.400000e-07	-4.273804e-06	-1.958754e-08	-2.969217e+01	-1.283870e+03
5.500000e-07	-4.139942e-06	-1.952422e-08	-2.876217e+01	-1.280018e+03
5.600000e-07	-4.004574e-06	-1.946480e-08	-2.782170e+01	-1.276042e+03
5.700000e-07	-3.867647e-06	-1.940834e-08	-2.687040e+01	-1.271957e+03
5.800000e-07	-3.729307e-06	-1.934043e-08	-2.590929e+01	-1.267776e+03
5.900000e-07	-3.589475e-06	-1.927242e-08	-2.493781e+01	-1.263502e+03
6.000000e-07	-3.448084e-06	-1.920324e-08	-2.395550e+01	-1.259133e+03
6.100000e-07	-3.305264e-06	-1.912997e-08	-2.296326e+01	-1.254655e+03
6.200000e-07	-3.161195e-06	-1.906107e-08	-2.196234e+01	-1.250049e+03
6.300000e-07	-3.016059e-06	-1.900015e-08	-2.095401e+01	-1.245297e+03
6.400000e-07	-2.869907e-06	-1.892642e-08	-1.993862e+01	-1.240384e+03
6.500000e-07	-2.722762e-06	-1.883181e-08	-1.891633e+01	-1.235302e+03
6.600000e-07	-2.574696e-06	-1.875152e-08	-1.788765e+01	-1.230049e+03
6.700000e-07	-2.425816e-06	-1.868700e-08	-1.685331e+01	-1.224628e+03
6.800000e-07	-2.276173e-06	-1.860844e-08	-1.581367e+01	-1.219045e+03
6.900000e-07	-2.125739e-06	-1.850727e-08	-1.476853e+01	-1.213300e+03
7.000000e-07	-1.974409e-06	-1.841153e-08	-1.371717e+01	-1.207387e+03
7.100000e-07	-1.822215e-06	-1.832564e-08	-1.265980e+01	-1.201293e+03
7.200000e-07	-1.669437e-06	-1.822746e-08	-1.159838e+01	-1.194999e+03
7.300000e-07	-1.516131e-06	-1.811520e-08	-1.053329e+01	-1.188486e+03
7.400000e-07	-1.362240e-06	-1.800693e-08	-9.464139e+00	-1.181734e+03
7.500000e-07	-1.207876e-06	-1.791042e-08	-8.391696e+00	-1.174732e+03
7.600000e-07	-1.053149e-06	-1.781051e-08	-7.316733e+00	-1.167470e+03
7.700000e-07	-8.980244e-07	-1.769807e-08	-6.239007e+00	-1.159942e+03
7.800000e-07	-7.424975e-07	-1.757331e-08	-5.158487e+00	-1.152134e+03
7.900000e-07	-5.866669e-07	-1.744628e-08	-4.075857e+00	-1.144020e+03
8.000000e-07	-4.305988e-07	-1.731777e-08	-2.991577e+00	-1.135555e+03
8.100000e-07	-2.743199e-07	-1.718205e-08	-1.905832e+00	-1.126674e+03
8.200000e-07	-1.179553e-07	-1.703224e-08	-8.194925e-01	-1.117289e+03
8.300000e-07	3.841598e-08	-1.687158e-08	2.668943e-01	-1.107305e+03
8.400000e-07	1.947901e-07	-1.670747e-08	1.353301e+00	-1.096624e+03
8.500000e-07	3.510365e-07	-1.653476e-08	2.438820e+00	-1.085158e+03
8.600000e-07	5.071476e-07	-1.635074e-08	3.523398e+00	-1.072838e+03
8.700000e-07	6.631273e-07	-1.615211e-08	4.607064e+00	-1.059614e+03
8.800000e-07	8.188045e-07	-1.593984e-08	5.688628e+00	-1.045450e+03
8.900000e-07	9.740813e-07	-1.571042e-08	6.767411e+00	-1.030316e+03
9.000000e-07	1.128980e-06	-1.546019e-08	7.843569e+00	-1.014169e+03
9.100000e-07	1.283475e-06	-1.518921e-08	8.916921e+00	-9.969408e+02
9.200000e-07	1.437571e-06	-1.490284e-08	9.987497e+00	-9.785306e+02
9.300000e-07	1.591216e-06	-1.460436e-08	1.105495e+01	-9.588018e+02
9.400000e-07	1.744289e-06	-1.428236e-08	1.211841e+01	-9.375901e+02
9.500000e-07	1.896704e-06	-1.392978e-08	1.317732e+01	-9.147160e+02
9.600000e-07	2.048404e-06	-1.354976e-08	1.423125e+01	-8.899996e+02
9.700000e-07	2.199304e-06	-1.314580e-08	1.527962e+01	-8.632700e+02
9.800000e-07	2.349312e-06	-1.271037e-08	1.632180e+01	-8.343645e+02
9.900000e-07	2.498501e-06	-1.223248e-08	1.735829e+01	-8.031144e+02
1.000000e-06	2.646861e-06	-1.171197e-08	1.838901e+01	-7.693192e+02
1.010000e-06	2.794217e-06	-1.115203e-08	1.941277e+01	-7.327123e+02
1.020000e-06	2.940532e-06	-1.054250e-08	2.042929e+01	-6.929306e+02
1.030000e-06	3.085868e-06	-9.876088e-09	2.143901e+01	-6.494950e+02
1.040000e-06	3.230174e-06	-9.145396e-09	2.244157e+01	-6.018166e+02
1.050000e-06	3.373256e-06	-8.339099e-09	2.343563e+01	-5.492316e+02
1.060000e-06	3.515058e-06	-7.449094e-09	2.442080e+01	-4.910692e+02
1.070000e-06	3.655556e-06	-6.468619e-09	2.539691e+01	-4.267445e+02
1.080000e-06	3.794620e-06	-5.389206e-09	2.636305e+01	-3.558644e+02
1.090000e-06	3.932250e-06	-4.204764e-09	2.731923e+01	-2.783300e+02
1.100000e-06	4.068356e-06	-2.921593e-09	2.826483e+01	-1.944153e+02
1.110000e-06	4.202942e-06	-1.551857e-09	2.919986e+01	-1.048069e+02
1.120000e-06	4.336114e-06	-1.092001e-10	3.012507e+01	-1.059359e+01
1.130000e-06	4.467736e-06	1.382545e-09	3.103951e+01	8.679549e+01
1.140000e-06	4.597739e-06	2.894417e-09	3.194271e+01	1.856984e+02
1.150000e-06	4.726028e-06	4.398018e-09	3.283399e+01	2.843571e+02
1.160000e-06	4.852586e-06	5.869780e-09	3.371325e+01	3.810642e+02
1.170000e-06	4.977538e-06	7.285471e-09	3.458135e+01	4.742972e+02
1.180000e-06	5.100782e-06	8.625284e-09	3.543759e+01	5.628222e+02
1.190000e-06	5.222185e-06	9.880677e-09	3.628103e+01	6.457537e+02
1.200000e-06	5.341625e-06	1.104564e-08	3.711084e+01	7.225673e+02
1.210000e-06	5.459059e-06	1.211783e-08	3.792671e+01	7.930690e+02
1.220000e-06	5.574436e-06	1.309578e-08	3.872829e+01	8.573319e+02
1.230000e-06	5.687687e-06	1.398348e-08	3.951509e+01	9.156170e+02
1.240000e-06	5.798856e-06	1.478473e-08	4.028744e+01	9.682926e+02
1.250000e-06	5.907979e-06	1.550505e-08	4.104557e+01	1.015767e+03
1.260000e-06	6.015007e-06	1.615010e-08	4.178914e+01	1.058442e+03
1.270000e-06	6.119819e-06	1.672600e-08	4.251733e+01	1.096689e+03
1.280000e-06	6.222413e-06	1.723969e-08	4.323010e+01	1.130845e+03
1.290000e-06	6.322756e-06	1.769796e-08	4.392723e+01	1.161224e+03
1.300000e-06	6.420831e-06	1.810603e-08	4.460860e+01	1.188130e+03
1.310000e-06	6.516618e-06	1.846598e-08	4.527408e+01	1.211870e+03
1.320000e-06	6.610132e-06	1.878125e-08	4.592377e+01	1.232755e+03
1.330000e-06	6.701403e-06	1.905973e-08	4.655787e+01	1.251098e+03
1.340000e-06	6.790249e-06	1.930739e-08	4.717512e+01	1.267203e+03
1.350000e-06	6.876689e-06	1.952408e-08	4.777567e+01	1.281347e+03
1.360000e-06	6.960812e-06	1.971171e-08	4.836011e+01	1.293773e+03
1.370000e-06	7.042466e-06	1.987445e-08	4.892740e+01	1.304681e+03
1.380000e-06	7.121513e-06	2.001739e-08	4.947657e+01	1.314232e+03
1.390000e-06	7.197937e-06	2.014265e-08	5.000753e+01	1.322556e+03
1.400000e-06	7.271606e-06	2.024990e-08	5.051934e+01	1.329764e+03
1.410000e-06	7.342606e-06	2.034140e-08	5.101261e+01	1.335964e+03
1.420000e-06	7.411115e-06	2.042070e-08	5.148858e+01	1.341270e+03
1.430000e-06	7.476893e-06	2.049081e-08	5.194557e+01	1.345799e+03
1.440000e-06	7.539961e-06	2.055214e-08	5.238373e+01	1.349679e+03
1.450000e-06	7.600552e-06	2.060569e-08	5.280469e+01	1.353031e+03
1.460000e-06	7.658487e-06	2.065133e-08	5.320719e+01	1.355963e+03
1.470000e-06	7.713600e-06	2.069077e-08	5.359009e+01	1.358563e+03
1.480000e-06	7.765729e-06	2.072637e-08	5.395226e+01	1.360888e+03
1.490000e-06	7.814643e-06	2.075892e-08	5.429209e+01	1.362974e+03
1.500000e-06	7.860629e-06	2.078745e-08	5.461157e+01	1.364832e+03
1.510000e-06	7.903948e-06	2.081070e-08	5.491253e+01	1.366467e+03
1.520000e-06	7.944405e-06	2.083198e-08	5.519360e+01	1.367881e+03
1.530000e-06	7.982024e-06	2.085329e-08	5.545496e+01	1.369085e+03
1.540000e-06	8.016937e-06	2.087235e-08	5.569751e+01	1.370101e+03
1.550000e-06	8.048995e-06	2.088719e-08	5.592024e+01	1.370960e+03
1.560000e-06	8.078237e-06	2.089824e-08	5.612339e+01	1.371699e+03
1.570000e-06	8.104649e-06	2.090830e-08	5.630689e+01	1.372351e+03
1.580000e-06	8.128118e-06	2.091763e-08	5.646995e+01	1.372940e+03
1.590000e-06	8.148854e-06	2.092692e-08	5.661401e+01	1.373479e+03
1.600000e-06	8.166809e-06	2.093666e-08	5.673875e+01	1.373963e+03
1.610000e-06	8.181719e-06	2.094434e-08	5.684233e+01	1.374381e+03
1.620000e-06	8.193432e-06	2.094937e-08	5.692371e+01	1.374716e+03
1.630000e-06	8.201963e-06	2.095288e-08	5.698298e+01	1.374956e+03
1.640000e-06	8.207600e-06	2.095596e-08	5.702214e+01	1.375098e+03
1.650000e-06	8.210386e-06	2.095974e-08	5.704150e+01	1.375148e+03
1.660000e-06	8.210290e-06	2.096007e-08	5.704083e+01	1.375122e+03
1.670000e-06	8.207553e-06	2.095359e-08	5.702181e+01	1.375040e+03
1.680000e-06	8.202076e-06	2.095670e-08	5.698376e+01	1.374921e+03
1.690000e-06	8.193807e-06	2.095707e-08	5.692632e+01	1.374775e+03
1.700000e-06	8.182846e-06	2.095547e-08	5.685017e+01	1.374603e+03
1.710000e-06	8.168973e-06	2.095952e-08	5.675378e+01	1.374394e+03
1.720000e-06	8.152332e-06	2.096438e-08	5.663817e+01	1.374133e+03
1.730000e-06	8.133378e-06	2.097936e-08	5.650649e+01	1.373802e+03
1.740000e-06	8.111919e-06	2.088221e-08	5.635740e+01	1.373388e+03
1.750000e-06	8.087261e-06	2.082551e-08	5.618609e+01	1.372890e+03
1.760000e-06	8.058958e-06	2.088847e-08	5.598945e+01	1.372316e+03
1.770000e-06	8.027175e-06	2.089909e-08	5.576864e+01	1.371680e+03
1.780000e-06	7.992690e-06	2.089776e-08	5.552906e+01	1.371004e+03
1.790000e-06	7.955810e-06	2.093470e-08	5.527283e+01	1.370304e+03
1.800000e-06	7.916435e-06	2.099076e-08	5.499928e+01	1.369589e+03
1.810000e-06	7.874906e-06	2.076985e-08	5.471076e+01	1.368858e+03
1.820000e-06	7.831068e-06	2.080890e-08	5.440620e+01	1.368094e+03
1.830000e-06	7.784431e-06	2.089359e-08	5.408218e+01	1.367279e+03
1.840000e-06	7.735002e-06	2.071439e-08	5.373877e+01	1.366389e+03
1.850000e-06	7.682425e-06	2.088051e-08	5.337350e+01	1.365408e+03
1.860000e-06	7.626863e-06	2.081651e-08	5.298749e+01	1.364326e+03
1.870000e-06	7.568771e-06	2.083836e-08	5.258389e+01	1.363149e+03
1.880000e-06	7.507850e-06	2.080897e-08	5.216064e+01	1.361891e+03
1.890000e-06	7.444113e-06	2.065798e-08	5.171783e+01	1.360571e+03
1.900000e-06	7.377638e-06	2.079517e-08	5.125600e+01	1.359209e+03
1.910000e-06	7.308346e-06	2.069012e-08	5.077459e+01	1.357817e+03
1.920000e-06	7.236236e-06	2.073055e-08	5.027361e+01	1.356395e+03
1.930000e-06	7.161421e-06	2.067770e-08	4.975384e+01	1.354934e+03
1.940000e-06	7.083846e-06	2.063541e-08	4.921488e+01	1.353414e+03
1.950000e-06	7.003524e-06	2.063156e-08	4.865685e+01	1.351813e+03
1.960000e-06	6.920827e-06	2.051484e-08	4.808231e+01	1.350113e+03
1.970000e-06	6.835635e-06	2.061400e-08	4.749044e+01	1.348302e+03
1.980000e-06	6.747807e-06	2.052942e-08	4.688026e+01	1.346382e+03
1.990000e-06	6.657609e-06	2.052206e-08	4.625361e+01	1.344363e+03
2.000000e-06	6.565165e-06	2.047226e-08	4.561136e+01	1.342264e+03
2.010000e-06	6.470415e-06	2.044109e-08	4.495308e+01	1.340104e+03
2.020000e-06	6.373348e-06	2.040884e-08	4.427871e+01	1.337898e+03
2.030000e-06	6.274016e-06	2.031871e-08	4.358860e+01	1.335651e+03
2.040000e-06	6.172366e-06	2.034701e-08	4.288239e+01	1.333356e+03
2.050000e-06	6.068433e-06	2.031475e-08	4.216032e+01	1.331001e+03
2.060000e-06	5.962370e-06	2.030135e-08	4.142345e+01	1.328566e+03
2.070000e-06	5.854280e-06	2.020936e-08	4.067250e+01	1.326035e+03
2.080000e-06	5.744098e-06	2.018026e-08	3.990701e+01	1.323397e+03
2.090000e-06	5.631754e-06	2.013369e-08	3.912650e+01	1.320654e+03
2.100000e-06	5.517206e-06	2.008149e-08	3.833069e+01	1.317812e+03
2.110000e-06	5.400461e-06	2.005427e-08	3.751960e+01	1.314888e+03
2.120000e-06	5.281648e-06	2.002932e-08	3.669415e+01	1.311898e+03
2.130000e-06	5.160879e-06	1.997944e-08	3.585511e+01	1.308852e+03
2.140000e-06	5.038259e-06	1.989325e-08	3.500321e+01	1.305754e+03
2.150000e-06	4.913835e-06	1.986023e-08	3.413878e+01	1.302595e+03
2.160000e-06	4.787619e-06	1.982816e-08	3.326189e+01	1.299357e+03
2.170000e-06	4.659633e-06	1.977945e-08	3.237271e+01	1.296020e+03
2.180000e-06	4.530008e-06	1.970325e-08	3.147214e+01	1.292563e+03
2.190000e-06	4.398814e-06	1.965980e-08	3.056068e+01	1.288970e+03
2.200000e-06	4.266071e-06	1.960223e-08	2.963845e+01	1.285239e+03
2.210000e-06	4.131839e-06	1.953110e-08	2.870587e+01	1.281372e+03
2.220000e-06	3.996062e-06	1.946671e-08	2.776256e+01	1.277384e+03
2.230000e-06	3.858765e-06	1.942425e-08	2.680870e+01	1.273289e+03
2.240000e-06	3.719969e-06	1.936757e-08	2.584441e+01	1.269097e+03
2.250000e-06	3.579791e-06	1.929880e-08	2.487053e+01	1.264814e+03
2.260000e-06	3.438277e-06	1.923830e-08	2.388736e+01	1.260433e+03
2.270000e-06	3.295450e-06	1.916334e-08	2.289508e+01	1.255942e+03
2.280000e-06	3.151366e-06	1.907264e-08	2.189405e+01	1.251322e+03
2.290000e-06	3.006150e-06	1.899291e-08	2.088517e+01	1.246554e+03
2.300000e-06	2.859931e-06	1.893923e-08	1.986932e+01	1.241623e+03
2.310000e-06	2.712649e-06	1.886603e-08	1.884608e+01	1.236522e+03
2.320000e-06	2.564391e-06	1.877587e-08	1.781606e+01	1.231251e+03
2.330000e-06	2.415249e-06	1.869027e-08	1.677990e+01	1.225813e+03
2.340000e-06	2.265228e-06	1.861508e-08	1.573763e+01	1.220212e+03
2.350000e-06	2.114471e-06	1.853012e-08	1.469025e+01	1.214449e+03
2.360000e-06	1.963060e-06	1.843599e-08	1.363832e+01	1.208517e+03
2.370000e-06	1.810926e-06	1.834453e-08	1.258138e+01	1.202403e+03
2.380000e-06	1.658132e-06	1.824741e-08	1.151984e+01	1.196087e+03
2.390000e-06	1.504774e-06	1.814208e-08	1.045439e+01	1.189548e+03
2.400000e-06	1.350910e-06	1.803496e-08	9.385424e+00	1.182770e+03
2.410000e-06	1.196488e-06	1.793122e-08	8.312580e+00	1.175740e+03
2.420000e-06	1.041579e-06	1.782465e-08	7.236352e+00	1.168451e+03
2.430000e-06	8.862926e-07	1.771279e-08	6.157501e+00	1.160893e+03
2.440000e-06	7.306883e-07	1.759621e-08	5.076443e+00	1.153054e+03
2.450000e-06	5.748912e-07	1.747409e-08	3.994046e+00	1.144905e+03
2.460000e-06	4.188910e-07	1.734155e-08	2.910237e+00	1.136399e+03
2.470000e-06	2.626976e-07	1.719948e-08	1.825086e+00	1.127468e+03
2.480000e-06	1.064346e-07	1.705446e-08	7.394520e-01	1.118024e+03
2.490000e-06	-4.985094e-08	1.690716e-08	-3.463385e-01	1.107970e+03
2.500000e-06	-2.061405e-07	1.675046e-08	-1.432157e+00	1.097208e+03
2.510000e-06	-3.623021e-07	1.657351e-08	-2.517087e+00	1.085654e+03
2.520000e-06	-5.182281e-07	1.638035e-08	-3.600380e+00	1.073239e+03
2.530000e-06	-6.739458e-07	1.617792e-08	-4.682226e+00	1.059915e+03
2.540000e-06	-8.294369e-07	1.596289e-08	-5.762497e+00	1.045650e+03
2.550000e-06	-9.846243e-07	1.573109e-08	-6.840658e+00	1.030409e+03
2.560000e-06	-1.139429e-06	1.548547e-08	-7.916163e+00	1.014150e+03
2.570000e-06	-1.293749e-06	1.522349e-08	-8.988296e+00	9.968006e+02
2.580000e-06	-1.447568e-06	1.493816e-08	-1.005695e+01	9.782562e+02
2.590000e-06	-1.600932e-06	1.463200e-08	-1.112245e+01	9.583768e+02
2.600000e-06	-1.753805e-06	1.430804e-08	-1.218453e+01	9.369956e+02
2.610000e-06	-1.906019e-06	1.395924e-08	-1.324203e+01	9.139325e+02
2.620000e-06	-2.057419e-06	1.357911e-08	-1.429388e+01	8.890084e+02
2.630000e-06	-2.208016e-06	1.317025e-08	-1.534015e+01	8.620534e+02
2.640000e-06	-2.357873e-06	1.272988e-08	-1.638128e+01	8.329050e+02
2.650000e-06	-2.506995e-06	1.225103e-08	-1.741730e+01	8.013926e+02
2.660000e-06	-2.655240e-06	1.172977e-08	-1.844723e+01	7.673103e+02
2.670000e-06	-2.802387e-06	1.116733e-08	-1.946953e+01	7.303826e+02
2.680000e-06	-2.948444e-06	1.055935e-08	-2.048426e+01	6.902344e+02
2.690000e-06	-3.093541e-06	9.893990e-09	-2.149232e+01	6.463741e+02
2.700000e-06	-3.237567e-06	9.160195e-09	-2.249293e+01	5.982024e+02
2.710000e-06	-3.380371e-06	8.348586e-09	-2.348507e+01	5.450512e+02
2.720000e-06	-3.521942e-06	7.451146e-09	-2.446862e+01	4.862540e+02
2.730000e-06	-3.662190e-06	6.463150e-09	-2.544299e+01	4.212413e+02
2.740000e-06	-3.800966e-06	5.379568e-09	-2.640714e+01	3.496470e+02
2.750000e-06	-3.938329e-06	4.194727e-09	-2.736146e+01	2.714087e+02
2.760000e-06	-4.074235e-06	2.909412e-09	-2.830567e+01	1.868437e+02
2.770000e-06	-4.208650e-06	1.534269e-09	-2.923952e+01	9.668307e+01
2.780000e-06	-4.341623e-06	9.002377e-11	-3.016334e+01	2.055987e+00
2.790000e-06	-4.473011e-06	-1.400584e-09	-3.107616e+01	-9.557772e+01
2.800000e-06	-4.602840e-06	-2.913473e-09	-3.197814e+01	-1.945389e+02
2.810000e-06	-4.731090e-06	-4.421325e-09	-3.286915e+01	-2.930680e+02
2.820000e-06	-4.857678e-06	-5.895107e-09	-3.374862e+01	-3.894714e+02
2.830000e-06	-4.982549e-06	-7.313593e-09	-3.461616e+01	-4.822532e+02
2.840000e-06	-5.105593e-06	-8.658616e-09	-3.547101e+01	-5.702148e+02
2.850000e-06	-5.226848e-06	-9.919092e-09	-3.631343e+01	-6.525097e+02
2.860000e-06	-5.346192e-06	-1.108682e-08	-3.714256e+01	-7.286511e+02
2.870000e-06	-5.463431e-06	-1.215589e-08	-3.795708e+01	-7.984768e+02
2.880000e-06	-5.578407e-06	-1.312994e-08	-3.875588e+01	-8.620843e+02
2.890000e-06	-5.691079e-06	-1.401585e-08	-3.953866e+01	-9.197496e+02
2.900000e-06	-5.801509e-06	-1.481912e-08	-4.030587e+01	-9.718483e+02
2.910000e-06	-5.909848e-06	-1.553961e-08	-4.105856e+01	-1.018790e+03
2.920000e-06	-6.016302e-06	-1.618564e-08	-4.179814e+01	-1.060973e+03
2.930000e-06	-6.120687e-06	-1.676685e-08	-4.252336e+01	-1.098766e+03
2.940000e-06	-6.222823e-06	-1.728542e-08	-4.323295e+01	-1.132503e+03
2.950000e-06	-6.322721e-06	-1.774370e-08	-4.392698e+01	-1.162495e+03
2.960000e-06	-6.420456e-06	-1.814929e-08	-4.460599e+01	-1.189047e+03
2.970000e-06	-6.515995e-06	-1.850915e-08	-4.526975e+01	-1.212466e+03
2.980000e-06	-6.609162e-06	-1.882608e-08	-4.591703e+01	-1.233064e+03
2.990000e-06	-6.700004e-06	-1.910373e-08	-4.654815e+01	-1.251154e+03
3.000000e-06	-6.788549e-06	-1.934851e-08	-4.716331e+01	-1.267036e+03
3.010000e-06	-6.874632e-06	-1.956514e-08	-4.776137e+01	-1.280985e+03
3.020000e-06	-6.958206e-06	-1.975531e-08	-4.834200e+01	-1.293240e+03
3.030000e-06	-7.039326e-06	-1.992120e-08	-4.890558e+01	-1.303995e+03
3.040000e-06	-7.117904e-06	-2.006447e-08	-4.945150e+01	-1.313409e+03
3.050000e-06	-7.193771e-06	-2.018861e-08	-4.997858e+01	-1.321607e+03
3.060000e-06	-7.266901e-06	-2.029569e-08	-5.048666e+01	-1.328703e+03
3.070000e-06	-7.337330e-06	-2.038799e-08	-5.097596e+01	-1.334802e+03
3.080000e-06	-7.405137e-06	-2.046741e-08	-5.144704e+01	-1.340018e+03
3.090000e-06	-7.470371e-06	-2.053729e-08	-5.190026e+01	-1.344472e+03
3.100000e-06	-7.533004e-06	-2.059931e-08	-5.233540e+01	-1.348290e+03
3.110000e-06	-7.592934e-06	-2.065204e-08	-5.275177e+01	-1.351592e+03
3.120000e-06	-7.650140e-06	-2.069719e-08	-5.314920e+01	-1.354485e+03
3.130000e-06	-7.704519e-06	-2.073446e-08	-5.352700e+01	-1.357053e+03
3.140000e-06	-7.755846e-06	-2.076778e-08	-5.388359e+01	-1.359351e+03
3.150000e-06	-7.803961e-06	-2.079555e-08	-5.421787e+01	-1.361412e+03
3.160000e-06	-7.849151e-06	-2.081941e-08	-5.453183e+01	-1.363247e+03
3.170000e-06	-7.891897e-06	-2.084259e-08	-5.482880e+01	-1.364858e+03
3.180000e-06	-7.932053e-06	-2.086345e-08	-5.510779e+01	-1.366249e+03
3.190000e-06	-7.969374e-06	-2.088239e-08	-5.536707e+01	-1.367431e+03
3.200000e-06	-8.003986e-06	-2.089701e-08	-5.560754e+01	-1.368429e+03
3.210000e-06	-8.035819e-06	-2.090971e-08	-5.582869e+01	-1.369273e+03
3.220000e-06	-8.064667e-06	-2.091998e-08	-5.602912e+01	-1.370001e+03
3.230000e-06	-8.090621e-06	-2.093180e-08	-5.620943e+01	-1.370645e+03
3.240000e-06	-8.113744e-06	-2.094334e-08	-5.637008e+01	-1.371229e+03
3.250000e-06	-8.133990e-06	-2.094976e-08	-5.651074e+01	-1.371762e+03
3.260000e-06	-8.151418e-06	-2.095169e-08	-5.663182e+01	-1.372240e+03
3.270000e-06	-8.165835e-06	-2.095275e-08	-5.673198e+01	-1.372650e+03
3.280000e-06	-8.177095e-06	-2.095504e-08	-5.681021e+01	-1.372975e+03
3.290000e-06	-8.185399e-06	-2.095747e-08	-5.686790e+01	-1.373205e+03
3.300000e-06	-8.190774e-06	-2.095877e-08	-5.690524e+01	-1.373336e+03
3.310000e-06	-8.193321e-06	-2.095677e-08	-5.692294e+01	-1.373377e+03
