# Temperatura_=_55.29
# Concentracion g/m^3_=_32800.0
# C_Vs_to_Am_M_A/Vsm_=_65563218390.804596
# pendiente_HvsI_1/m_=_3716.3
# ordenada_HvsI_A/m_=_1297.0
# frecuencia_Hz_=_300842.0247477206

Tiempo_(s)	Campo_(V.s)	Magnetizacion_(V.s)	Campo_(kA/m)	Magnetizacion_(A/m)
0.000000e+00	-5.395005e-06	-1.112191e-08	-3.832084e+01	-7.268009e+02
1.000000e-08	-5.392476e-06	-1.113149e-08	-3.830288e+01	-7.273752e+02
2.000000e-08	-5.388100e-06	-1.113883e-08	-3.827180e+01	-7.278265e+02
3.000000e-08	-5.382122e-06	-1.114152e-08	-3.822933e+01	-7.281587e+02
4.000000e-08	-5.374528e-06	-1.114053e-08	-3.817539e+01	-7.283706e+02
5.000000e-08	-5.365058e-06	-1.114059e-08	-3.810813e+01	-7.284567e+02
6.000000e-08	-5.353553e-06	-1.113820e-08	-3.802641e+01	-7.284081e+02
7.000000e-08	-5.340182e-06	-1.112779e-08	-3.793143e+01	-7.282158e+02
8.000000e-08	-5.324682e-06	-1.114781e-08	-3.782134e+01	-7.278734e+02
9.000000e-08	-5.306782e-06	-1.116516e-08	-3.769420e+01	-7.273803e+02
1.000000e-07	-5.286777e-06	-1.113031e-08	-3.755210e+01	-7.267433e+02
1.100000e-07	-5.264946e-06	-1.110091e-08	-3.739703e+01	-7.259765e+02
1.200000e-07	-5.241564e-06	-1.107029e-08	-3.723095e+01	-7.250996e+02
1.300000e-07	-5.216786e-06	-1.102934e-08	-3.705495e+01	-7.241342e+02
1.400000e-07	-5.190333e-06	-1.112625e-08	-3.686706e+01	-7.231002e+02
1.500000e-07	-5.162120e-06	-1.109721e-08	-3.666666e+01	-7.220119e+02
1.600000e-07	-5.132359e-06	-1.095588e-08	-3.645526e+01	-7.208752e+02
1.700000e-07	-5.101005e-06	-1.103000e-08	-3.623256e+01	-7.196869e+02
1.800000e-07	-5.067627e-06	-1.101858e-08	-3.599547e+01	-7.184359e+02
1.900000e-07	-5.032366e-06	-1.099248e-08	-3.574501e+01	-7.171058e+02
2.000000e-07	-4.995544e-06	-1.103346e-08	-3.548346e+01	-7.156783e+02
2.100000e-07	-4.956940e-06	-1.087229e-08	-3.520926e+01	-7.141372e+02
2.200000e-07	-4.916557e-06	-1.082118e-08	-3.492242e+01	-7.124708e+02
2.300000e-07	-4.874246e-06	-1.092268e-08	-3.462188e+01	-7.106729e+02
2.400000e-07	-4.830070e-06	-1.088708e-08	-3.430810e+01	-7.087428e+02
2.500000e-07	-4.784216e-06	-1.080997e-08	-3.398239e+01	-7.066830e+02
2.600000e-07	-4.736495e-06	-1.070166e-08	-3.364343e+01	-7.044970e+02
2.700000e-07	-4.686733e-06	-1.066231e-08	-3.328997e+01	-7.021869e+02
2.800000e-07	-4.634901e-06	-1.071783e-08	-3.292181e+01	-6.997516e+02
2.900000e-07	-4.581285e-06	-1.071913e-08	-3.254097e+01	-6.971866e+02
3.000000e-07	-4.526115e-06	-1.061855e-08	-3.214910e+01	-6.944852e+02
3.100000e-07	-4.469350e-06	-1.051044e-08	-3.174590e+01	-6.916405e+02
3.200000e-07	-4.410755e-06	-1.050367e-08	-3.132969e+01	-6.886479e+02
3.300000e-07	-4.350552e-06	-1.049413e-08	-3.090207e+01	-6.855073e+02
3.400000e-07	-4.288993e-06	-1.043201e-08	-3.046482e+01	-6.822237e+02
3.500000e-07	-4.225980e-06	-1.035027e-08	-3.001723e+01	-6.788073e+02
3.600000e-07	-4.161463e-06	-1.026410e-08	-2.955897e+01	-6.752716e+02
3.700000e-07	-4.095291e-06	-1.025115e-08	-2.908894e+01	-6.716305e+02
3.800000e-07	-4.027492e-06	-1.022416e-08	-2.860737e+01	-6.678957e+02
3.900000e-07	-3.958303e-06	-1.012394e-08	-2.811591e+01	-6.640743e+02
4.000000e-07	-3.887806e-06	-1.004641e-08	-2.761517e+01	-6.601674e+02
4.100000e-07	-3.816073e-06	-1.000070e-08	-2.710565e+01	-6.561705e+02
4.200000e-07	-3.742979e-06	-9.972177e-09	-2.658647e+01	-6.520747e+02
4.300000e-07	-3.668185e-06	-9.900274e-09	-2.605520e+01	-6.478699e+02
4.400000e-07	-3.591771e-06	-9.803309e-09	-2.551243e+01	-6.435468e+02
4.500000e-07	-3.514003e-06	-9.726520e-09	-2.496004e+01	-6.390998e+02
4.600000e-07	-3.434873e-06	-9.675375e-09	-2.439798e+01	-6.345280e+02
4.700000e-07	-3.354390e-06	-9.620241e-09	-2.382631e+01	-6.298349e+02
4.800000e-07	-3.272634e-06	-9.531283e-09	-2.324559e+01	-6.250276e+02
4.900000e-07	-3.189703e-06	-9.458764e-09	-2.265654e+01	-6.201143e+02
5.000000e-07	-3.105759e-06	-9.394994e-09	-2.206028e+01	-6.151021e+02
5.100000e-07	-3.020971e-06	-9.313288e-09	-2.145803e+01	-6.099954e+02
5.200000e-07	-2.935279e-06	-9.215765e-09	-2.084935e+01	-6.047946e+02
5.300000e-07	-2.848524e-06	-9.132538e-09	-2.023313e+01	-5.994967e+02
5.400000e-07	-2.760884e-06	-9.064723e-09	-1.961062e+01	-5.940960e+02
5.500000e-07	-2.672438e-06	-8.983702e-09	-1.898239e+01	-5.885860e+02
5.600000e-07	-2.582854e-06	-8.887508e-09	-1.834607e+01	-5.829615e+02
5.700000e-07	-2.492002e-06	-8.790521e-09	-1.770075e+01	-5.772194e+02
5.800000e-07	-2.400240e-06	-8.707006e-09	-1.704896e+01	-5.713597e+02
5.900000e-07	-2.307838e-06	-8.623666e-09	-1.639262e+01	-5.653845e+02
6.000000e-07	-2.214731e-06	-8.528511e-09	-1.573128e+01	-5.592972e+02
6.100000e-07	-2.120850e-06	-8.423704e-09	-1.506445e+01	-5.531008e+02
6.200000e-07	-2.026153e-06	-8.327295e-09	-1.439181e+01	-5.467963e+02
6.300000e-07	-1.930760e-06	-8.241574e-09	-1.371423e+01	-5.403821e+02
6.400000e-07	-1.834820e-06	-8.143341e-09	-1.303276e+01	-5.338538e+02
6.500000e-07	-1.738212e-06	-8.020679e-09	-1.234656e+01	-5.272047e+02
6.600000e-07	-1.640795e-06	-7.905054e-09	-1.165460e+01	-5.204277e+02
6.700000e-07	-1.542582e-06	-7.820377e-09	-1.095700e+01	-5.135162e+02
6.800000e-07	-1.443659e-06	-7.732754e-09	-1.025434e+01	-5.064660e+02
6.900000e-07	-1.344202e-06	-7.612039e-09	-9.547901e+00	-4.992751e+02
7.000000e-07	-1.244406e-06	-7.478360e-09	-8.839045e+00	-4.919441e+02
7.100000e-07	-1.144295e-06	-7.369015e-09	-8.127955e+00	-4.844744e+02
7.200000e-07	-1.043787e-06	-7.270879e-09	-7.414039e+00	-4.768674e+02
7.300000e-07	-9.428826e-07	-7.152979e-09	-6.697316e+00	-4.691217e+02
7.400000e-07	-8.417016e-07	-7.015988e-09	-5.978625e+00	-4.612325e+02
7.500000e-07	-7.402823e-07	-6.884410e-09	-5.258242e+00	-4.531896e+02
7.600000e-07	-6.385845e-07	-6.766662e-09	-4.535880e+00	-4.449779e+02
7.700000e-07	-5.366344e-07	-6.647968e-09	-3.811726e+00	-4.365778e+02
7.800000e-07	-4.344860e-07	-6.513700e-09	-3.086164e+00	-4.279656e+02
7.900000e-07	-3.321881e-07	-6.366787e-09	-2.359540e+00	-4.191156e+02
8.000000e-07	-2.297444e-07	-6.229716e-09	-1.631880e+00	-4.100007e+02
8.100000e-07	-1.271968e-07	-6.101734e-09	-9.034816e-01	-4.005934e+02
8.200000e-07	-2.463750e-08	-5.959244e-09	-1.750007e-01	-3.908667e+02
8.300000e-07	7.794089e-08	-5.792265e-09	5.536159e-01	-3.807941e+02
8.400000e-07	1.805264e-07	-5.623300e-09	1.282283e+00	-3.703495e+02
8.500000e-07	2.830106e-07	-5.467017e-09	2.010230e+00	-3.595079e+02
8.600000e-07	3.853581e-07	-5.305107e-09	2.737207e+00	-3.482447e+02
8.700000e-07	4.875756e-07	-5.121456e-09	3.463261e+00	-3.365369e+02
8.800000e-07	5.896412e-07	-4.924508e-09	4.188235e+00	-3.243629e+02
8.900000e-07	6.915235e-07	-4.732468e-09	4.911907e+00	-3.117034e+02
9.000000e-07	7.931178e-07	-4.540212e-09	5.633534e+00	-2.985413e+02
9.100000e-07	8.944120e-07	-4.334085e-09	6.353029e+00	-2.848622e+02
9.200000e-07	9.954129e-07	-4.111839e-09	7.070441e+00	-2.706539e+02
9.300000e-07	1.096060e-06	-3.883475e-09	7.785338e+00	-2.559066e+02
9.400000e-07	1.196364e-06	-3.654802e-09	8.497804e+00	-2.406119e+02
9.500000e-07	1.296365e-06	-3.416531e-09	9.208110e+00	-2.247631e+02
9.600000e-07	1.396011e-06	-3.162661e-09	9.915901e+00	-2.083553e+02
9.700000e-07	1.495142e-06	-2.899793e-09	1.062003e+01	-1.913860e+02
9.800000e-07	1.593628e-06	-2.634752e-09	1.131958e+01	-1.738551e+02
9.900000e-07	1.691323e-06	-2.362773e-09	1.201351e+01	-1.557665e+02
1.000000e-06	1.788202e-06	-2.079112e-09	1.270164e+01	-1.371281e+02
1.010000e-06	1.884386e-06	-1.782763e-09	1.338484e+01	-1.179515e+02
1.020000e-06	1.979912e-06	-1.479210e-09	1.406336e+01	-9.825219e+01
1.030000e-06	2.074804e-06	-1.172155e-09	1.473738e+01	-7.804815e+01
1.040000e-06	2.169018e-06	-8.576899e-10	1.540659e+01	-5.735873e+01
1.050000e-06	2.262495e-06	-5.343680e-10	1.607055e+01	-3.620365e+01
1.060000e-06	2.355226e-06	-2.025014e-10	1.672922e+01	-1.460226e+01
1.070000e-06	2.447273e-06	1.341410e-10	1.738304e+01	7.426302e+00
1.080000e-06	2.538588e-06	4.777444e-10	1.803165e+01	2.986223e+01
1.090000e-06	2.628843e-06	8.279646e-10	1.867273e+01	5.268349e+01
1.100000e-06	2.717865e-06	1.183167e-09	1.930506e+01	7.586380e+01
1.110000e-06	2.805854e-06	1.542222e-09	1.993004e+01	9.937073e+01
1.120000e-06	2.892967e-06	1.903735e-09	2.054881e+01	1.231642e+02
1.130000e-06	2.979135e-06	2.270536e-09	2.116086e+01	1.471959e+02
1.140000e-06	3.064281e-06	2.639664e-09	2.176566e+01	1.714096e+02
1.150000e-06	3.148491e-06	3.007928e-09	2.236380e+01	1.957419e+02
1.160000e-06	3.231769e-06	3.375787e-09	2.295533e+01	2.201242e+02
1.170000e-06	3.313858e-06	3.746994e-09	2.353841e+01	2.444841e+02
1.180000e-06	3.394692e-06	4.117401e-09	2.411257e+01	2.687467e+02
1.190000e-06	3.474280e-06	4.482962e-09	2.467789e+01	2.928351e+02
1.200000e-06	3.552581e-06	4.844915e-09	2.523406e+01	3.166709e+02
1.210000e-06	3.629619e-06	5.203336e-09	2.578127e+01	3.401736e+02
1.220000e-06	3.705414e-06	5.556551e-09	2.631964e+01	3.632606e+02
1.230000e-06	3.779686e-06	5.899785e-09	2.684719e+01	3.858470e+02
1.240000e-06	3.852312e-06	6.231364e-09	2.736306e+01	4.078478e+02
1.250000e-06	3.923538e-06	6.552962e-09	2.786898e+01	4.291792e+02
1.260000e-06	3.993385e-06	6.865958e-09	2.836511e+01	4.497620e+02
1.270000e-06	4.061934e-06	7.169585e-09	2.885201e+01	4.695256e+02
1.280000e-06	4.129217e-06	7.459437e-09	2.932992e+01	4.884109e+02
1.290000e-06	4.194897e-06	7.730470e-09	2.979644e+01	5.063731e+02
1.300000e-06	4.258894e-06	7.984036e-09	3.025102e+01	5.233831e+02
1.310000e-06	4.321452e-06	8.224119e-09	3.069537e+01	5.394271e+02
1.320000e-06	4.382617e-06	8.450931e-09	3.112983e+01	5.545049e+02
1.330000e-06	4.442528e-06	8.663070e-09	3.155538e+01	5.686275e+02
1.340000e-06	4.500924e-06	8.860360e-09	3.197017e+01	5.818139e+02
1.350000e-06	4.557414e-06	9.043752e-09	3.237141e+01	5.940886e+02
1.360000e-06	4.612191e-06	9.216204e-09	3.276050e+01	6.054804e+02
1.370000e-06	4.665364e-06	9.378645e-09	3.313818e+01	6.160217e+02
1.380000e-06	4.716687e-06	9.525947e-09	3.350273e+01	6.257491e+02
1.390000e-06	4.765933e-06	9.658834e-09	3.385253e+01	6.347046e+02
1.400000e-06	4.813222e-06	9.783240e-09	3.418843e+01	6.429364e+02
1.410000e-06	4.858820e-06	9.898420e-09	3.451231e+01	6.504991e+02
1.420000e-06	4.902907e-06	1.000078e-08	3.482546e+01	6.574527e+02
1.430000e-06	4.945220e-06	1.009188e-08	3.512601e+01	6.638596e+02
1.440000e-06	4.985587e-06	1.017750e-08	3.541274e+01	6.697813e+02
1.450000e-06	5.024283e-06	1.026203e-08	3.568760e+01	6.752746e+02
1.460000e-06	5.061404e-06	1.034365e-08	3.595127e+01	6.803876e+02
1.470000e-06	5.096903e-06	1.041641e-08	3.620342e+01	6.851579e+02
1.480000e-06	5.130468e-06	1.048262e-08	3.644183e+01	6.896116e+02
1.490000e-06	5.162109e-06	1.054592e-08	3.666658e+01	6.937650e+02
1.500000e-06	5.192060e-06	1.060520e-08	3.687932e+01	6.976276e+02
1.510000e-06	5.220399e-06	1.065800e-08	3.708061e+01	7.012055e+02
1.520000e-06	5.246870e-06	1.070379e-08	3.726864e+01	7.045052e+02
1.530000e-06	5.271186e-06	1.074693e-08	3.744135e+01	7.075364e+02
1.540000e-06	5.293548e-06	1.078911e-08	3.760019e+01	7.103136e+02
1.550000e-06	5.314190e-06	1.082815e-08	3.774681e+01	7.128551e+02
1.560000e-06	5.333124e-06	1.086257e-08	3.788130e+01	7.151816e+02
1.570000e-06	5.350118e-06	1.089258e-08	3.800201e+01	7.173133e+02
1.580000e-06	5.365164e-06	1.092022e-08	3.810888e+01	7.192677e+02
1.590000e-06	5.378304e-06	1.094715e-08	3.820222e+01	7.210574e+02
1.600000e-06	5.389295e-06	1.097151e-08	3.828029e+01	7.226899e+02
1.610000e-06	5.398089e-06	1.099081e-08	3.834275e+01	7.241680e+02
1.620000e-06	5.404950e-06	1.100777e-08	3.839148e+01	7.254922e+02
1.630000e-06	5.410022e-06	1.102548e-08	3.842751e+01	7.266625e+02
1.640000e-06	5.413307e-06	1.104429e-08	3.845084e+01	7.276809e+02
1.650000e-06	5.414596e-06	1.106189e-08	3.846000e+01	7.285520e+02
1.660000e-06	5.413924e-06	1.107243e-08	3.845522e+01	7.292830e+02
1.670000e-06	5.411619e-06	1.108205e-08	3.843885e+01	7.298825e+02
1.680000e-06	5.407803e-06	1.109134e-08	3.841175e+01	7.303579e+02
1.690000e-06	5.402158e-06	1.109682e-08	3.837165e+01	7.307139e+02
1.700000e-06	5.394511e-06	1.109977e-08	3.831733e+01	7.309501e+02
1.710000e-06	5.385227e-06	1.110110e-08	3.825139e+01	7.310618e+02
1.720000e-06	5.374333e-06	1.110604e-08	3.817401e+01	7.310405e+02
1.730000e-06	5.361647e-06	1.110756e-08	3.808390e+01	7.308770e+02
1.740000e-06	5.346963e-06	1.105478e-08	3.797960e+01	7.305642e+02
1.750000e-06	5.330053e-06	1.104807e-08	3.785949e+01	7.301003e+02
1.760000e-06	5.310690e-06	1.106592e-08	3.772195e+01	7.294907e+02
1.770000e-06	5.288786e-06	1.107118e-08	3.756636e+01	7.287483e+02
1.780000e-06	5.265034e-06	1.113046e-08	3.739765e+01	7.278920e+02
1.790000e-06	5.240270e-06	1.102190e-08	3.722176e+01	7.269434e+02
1.800000e-06	5.214389e-06	1.093912e-08	3.703792e+01	7.259230e+02
1.810000e-06	5.186689e-06	1.105364e-08	3.684117e+01	7.248463e+02
1.820000e-06	5.156989e-06	1.098249e-08	3.663021e+01	7.237207e+02
1.830000e-06	5.125454e-06	1.097012e-08	3.640622e+01	7.225448e+02
1.840000e-06	5.092045e-06	1.101916e-08	3.616891e+01	7.213087e+02
1.850000e-06	5.056996e-06	1.088137e-08	3.591996e+01	7.199965e+02
1.860000e-06	5.020248e-06	1.097030e-08	3.565894e+01	7.185903e+02
1.870000e-06	4.981511e-06	1.102237e-08	3.538379e+01	7.170731e+02
1.880000e-06	4.941116e-06	1.084449e-08	3.509686e+01	7.154322e+02
1.890000e-06	4.898926e-06	1.082939e-08	3.479718e+01	7.136606e+02
1.900000e-06	4.855015e-06	1.082205e-08	3.448528e+01	7.117565e+02
1.910000e-06	4.809625e-06	1.086941e-08	3.416287e+01	7.097221e+02
1.920000e-06	4.762351e-06	1.089582e-08	3.382709e+01	7.075610e+02
1.930000e-06	4.713285e-06	1.070916e-08	3.347857e+01	7.052756e+02
1.940000e-06	4.662458e-06	1.065701e-08	3.311755e+01	7.028654e+02
1.950000e-06	4.609743e-06	1.067017e-08	3.274311e+01	7.003266e+02
1.960000e-06	4.555163e-06	1.069319e-08	3.235543e+01	6.976526e+02
1.970000e-06	4.498740e-06	1.065056e-08	3.195465e+01	6.948365e+02
1.980000e-06	4.440755e-06	1.050353e-08	3.154278e+01	6.918731e+02
1.990000e-06	4.381348e-06	1.048624e-08	3.112081e+01	6.887612e+02
2.000000e-06	4.320410e-06	1.046978e-08	3.068797e+01	6.855051e+02
2.010000e-06	4.257789e-06	1.047188e-08	3.024317e+01	6.821141e+02
2.020000e-06	4.193506e-06	1.038852e-08	2.978657e+01	6.786011e+02
2.030000e-06	4.127783e-06	1.023137e-08	2.931974e+01	6.749804e+02
2.040000e-06	4.060654e-06	1.023460e-08	2.884292e+01	6.712643e+02
2.050000e-06	3.992189e-06	1.023231e-08	2.835661e+01	6.674607e+02
2.060000e-06	3.922125e-06	1.019312e-08	2.785895e+01	6.635718e+02
2.070000e-06	3.850381e-06	1.006177e-08	2.734935e+01	6.595940e+02
2.080000e-06	3.777310e-06	9.952617e-09	2.683032e+01	6.555192e+02
2.090000e-06	3.702888e-06	9.962472e-09	2.630170e+01	6.513371e+02
2.100000e-06	3.627102e-06	9.922703e-09	2.576339e+01	6.470383e+02
2.110000e-06	3.549769e-06	9.839638e-09	2.521409e+01	6.426162e+02
2.120000e-06	3.470839e-06	9.727279e-09	2.465345e+01	6.380691e+02
2.130000e-06	3.390690e-06	9.658882e-09	2.408414e+01	6.333998e+02
2.140000e-06	3.309482e-06	9.597589e-09	2.350732e+01	6.286148e+02
2.150000e-06	3.227209e-06	9.518806e-09	2.292294e+01	6.237224e+02
2.160000e-06	3.143874e-06	9.466223e-09	2.233101e+01	6.187300e+02
2.170000e-06	3.059521e-06	9.384758e-09	2.173185e+01	6.136425e+02
2.180000e-06	2.973928e-06	9.292386e-09	2.112388e+01	6.084613e+02
2.190000e-06	2.886977e-06	9.203109e-09	2.050626e+01	6.031836e+02
2.200000e-06	2.799016e-06	9.139558e-09	1.988147e+01	5.978042e+02
2.210000e-06	2.710176e-06	9.065415e-09	1.925044e+01	5.923168e+02
2.220000e-06	2.620416e-06	8.960867e-09	1.861287e+01	5.867156e+02
2.230000e-06	2.529804e-06	8.869369e-09	1.796926e+01	5.809972e+02
2.240000e-06	2.438417e-06	8.787278e-09	1.732013e+01	5.751609e+02
2.250000e-06	2.346307e-06	8.705293e-09	1.666587e+01	5.692086e+02
2.260000e-06	2.253447e-06	8.613413e-09	1.600628e+01	5.631437e+02
2.270000e-06	2.159562e-06	8.522235e-09	1.533942e+01	5.569692e+02
2.280000e-06	2.064599e-06	8.418758e-09	1.466490e+01	5.506866e+02
2.290000e-06	1.968869e-06	8.317107e-09	1.398492e+01	5.442948e+02
2.300000e-06	1.872565e-06	8.242421e-09	1.330087e+01	5.377898e+02
2.310000e-06	1.775687e-06	8.156815e-09	1.261275e+01	5.311653e+02
2.320000e-06	1.678210e-06	8.027147e-09	1.192037e+01	5.244142e+02
2.330000e-06	1.580146e-06	7.890923e-09	1.122381e+01	5.175298e+02
2.340000e-06	1.481487e-06	7.803822e-09	1.052304e+01	5.105071e+02
2.350000e-06	1.382369e-06	7.728749e-09	9.818996e+00	5.033439e+02
2.360000e-06	1.282948e-06	7.610796e-09	9.112811e+00	4.960403e+02
2.370000e-06	1.183205e-06	7.467452e-09	8.404333e+00	4.885979e+02
2.380000e-06	1.083157e-06	7.348916e-09	7.693691e+00	4.810179e+02
2.390000e-06	9.827706e-07	7.259272e-09	6.980642e+00	4.732998e+02
2.400000e-06	8.819145e-07	7.154717e-09	6.264259e+00	4.654393e+02
2.410000e-06	7.806123e-07	7.019622e-09	5.544707e+00	4.574274e+02
2.420000e-06	6.789554e-07	6.874069e-09	4.822635e+00	4.492497e+02
2.430000e-06	5.770449e-07	6.746472e-09	4.098763e+00	4.408874e+02
2.440000e-06	4.749156e-07	6.635557e-09	3.373336e+00	4.323175e+02
2.450000e-06	3.725421e-07	6.509884e-09	2.646175e+00	4.235145e+02
2.460000e-06	2.699410e-07	6.355264e-09	1.917397e+00	4.144515e+02
2.470000e-06	1.671534e-07	6.198903e-09	1.187295e+00	4.051010e+02
2.480000e-06	6.427038e-08	6.065215e-09	4.565140e-01	3.954358e+02
2.490000e-06	-3.855616e-08	5.932345e-09	-2.738653e-01	3.854294e+02
2.500000e-06	-1.413298e-07	5.770038e-09	-1.003869e+00	3.750557e+02
2.510000e-06	-2.440525e-07	5.585294e-09	-1.733510e+00	3.642893e+02
2.520000e-06	-3.466145e-07	5.408542e-09	-2.462011e+00	3.531057e+02
2.530000e-06	-4.489493e-07	5.245754e-09	-3.188897e+00	3.414815e+02
2.540000e-06	-5.510516e-07	5.072567e-09	-3.914132e+00	3.293948e+02
2.550000e-06	-6.528725e-07	4.875297e-09	-4.637368e+00	3.168259e+02
2.560000e-06	-7.543352e-07	4.666441e-09	-5.358060e+00	3.037572e+02
2.570000e-06	-8.554310e-07	4.461264e-09	-6.076146e+00	2.901739e+02
2.580000e-06	-9.561554e-07	4.254162e-09	-6.791594e+00	2.760635e+02
2.590000e-06	-1.056493e-06	4.031438e-09	-7.504292e+00	2.614157e+02
2.600000e-06	-1.156455e-06	3.793347e-09	-8.214327e+00	2.462218e+02
2.610000e-06	-1.256063e-06	3.550584e-09	-8.921845e+00	2.304749e+02
2.620000e-06	-1.355270e-06	3.304779e-09	-9.626514e+00	2.141698e+02
2.630000e-06	-1.454027e-06	3.048743e-09	-1.032798e+01	1.973033e+02
2.640000e-06	-1.552324e-06	2.780313e-09	-1.102619e+01	1.798751e+02
2.650000e-06	-1.650104e-06	2.503633e-09	-1.172073e+01	1.618883e+02
2.660000e-06	-1.747321e-06	2.220920e-09	-1.241126e+01	1.433498e+02
2.670000e-06	-1.843958e-06	1.932248e-09	-1.309767e+01	1.242708e+02
2.680000e-06	-1.940058e-06	1.634932e-09	-1.378027e+01	1.046661e+02
2.690000e-06	-2.035675e-06	1.327099e-09	-1.445945e+01	8.455339e+01
2.700000e-06	-2.130576e-06	1.011712e-09	-1.513353e+01	6.395176e+01
2.710000e-06	-2.224499e-06	6.922328e-10	-1.580067e+01	4.288095e+01
2.720000e-06	-2.317406e-06	3.670645e-10	-1.646059e+01	2.136040e+01
2.730000e-06	-2.409413e-06	3.300840e-11	-1.711412e+01	-5.907347e-01
2.740000e-06	-2.500651e-06	-3.064464e-10	-1.776218e+01	-2.295289e+01
2.750000e-06	-2.591025e-06	-6.520958e-10	-1.840411e+01	-4.570457e+01
2.760000e-06	-2.680382e-06	-1.006743e-09	-1.903881e+01	-6.882039e+01
2.770000e-06	-2.768816e-06	-1.366224e-09	-1.966696e+01	-9.226914e+01
2.780000e-06	-2.856491e-06	-1.725904e-09	-2.028972e+01	-1.160122e+02
2.790000e-06	-2.943246e-06	-2.087273e-09	-2.090594e+01	-1.400027e+02
2.800000e-06	-3.028730e-06	-2.456323e-09	-2.151314e+01	-1.641858e+02
2.810000e-06	-3.112952e-06	-2.833285e-09	-2.211137e+01	-1.884993e+02
2.820000e-06	-3.196124e-06	-3.210120e-09	-2.270214e+01	-2.128753e+02
2.830000e-06	-3.278231e-06	-3.582789e-09	-2.328535e+01	-2.372421e+02
2.840000e-06	-3.359244e-06	-3.954255e-09	-2.386079e+01	-2.615251e+02
2.850000e-06	-3.439148e-06	-4.325648e-09	-2.442834e+01	-2.856477e+02
2.860000e-06	-3.517751e-06	-4.692374e-09	-2.498667e+01	-3.095320e+02
2.870000e-06	-3.594854e-06	-5.051100e-09	-2.553433e+01	-3.330976e+02
2.880000e-06	-3.670496e-06	-5.402801e-09	-2.607161e+01	-3.562624e+02
2.890000e-06	-3.744785e-06	-5.750025e-09	-2.659929e+01	-3.789419e+02
2.900000e-06	-3.817747e-06	-6.090686e-09	-2.711754e+01	-4.010510e+02
2.910000e-06	-3.889459e-06	-6.418653e-09	-2.762691e+01	-4.225053e+02
2.920000e-06	-3.959723e-06	-6.733083e-09	-2.812600e+01	-4.432248e+02
2.930000e-06	-4.028365e-06	-7.037565e-09	-2.861357e+01	-4.631368e+02
2.940000e-06	-4.095586e-06	-7.333315e-09	-2.909104e+01	-4.821801e+02
2.950000e-06	-4.161442e-06	-7.614913e-09	-2.955882e+01	-5.003071e+02
2.960000e-06	-4.225926e-06	-7.877220e-09	-3.001685e+01	-5.174861e+02
2.970000e-06	-4.289036e-06	-8.124250e-09	-3.046512e+01	-5.337004e+02
2.980000e-06	-4.350428e-06	-8.361059e-09	-3.090119e+01	-5.489477e+02
2.990000e-06	-4.410100e-06	-8.586368e-09	-3.132504e+01	-5.632371e+02
3.000000e-06	-4.468332e-06	-8.795965e-09	-3.173866e+01	-5.765864e+02
3.010000e-06	-4.525127e-06	-8.986483e-09	-3.214208e+01	-5.890193e+02
3.020000e-06	-4.580358e-06	-9.161482e-09	-3.253439e+01	-6.005640e+02
3.030000e-06	-4.633606e-06	-9.324761e-09	-3.291261e+01	-6.112521e+02
3.040000e-06	-4.684870e-06	-9.477751e-09	-3.327674e+01	-6.211193e+02
3.050000e-06	-4.734370e-06	-9.619375e-09	-3.362834e+01	-6.302068e+02
3.060000e-06	-4.781963e-06	-9.747695e-09	-3.396639e+01	-6.385614e+02
3.070000e-06	-4.827757e-06	-9.865392e-09	-3.429167e+01	-6.462368e+02
3.080000e-06	-4.872056e-06	-9.977519e-09	-3.460632e+01	-6.532921e+02
3.090000e-06	-4.914858e-06	-1.008033e-08	-3.491035e+01	-6.597894e+02
3.100000e-06	-4.955991e-06	-1.017199e-08	-3.520252e+01	-6.657909e+02
3.110000e-06	-4.995502e-06	-1.025542e-08	-3.548316e+01	-6.713543e+02
3.120000e-06	-5.033146e-06	-1.033424e-08	-3.575055e+01	-6.765296e+02
3.130000e-06	-5.068911e-06	-1.041000e-08	-3.600459e+01	-6.813563e+02
3.140000e-06	-5.103026e-06	-1.048085e-08	-3.624691e+01	-6.858625e+02
3.150000e-06	-5.135387e-06	-1.054677e-08	-3.647677e+01	-6.900662e+02
3.160000e-06	-5.165822e-06	-1.060683e-08	-3.669295e+01	-6.939777e+02
3.170000e-06	-5.194289e-06	-1.066196e-08	-3.689515e+01	-6.976034e+02
3.180000e-06	-5.221017e-06	-1.071301e-08	-3.708500e+01	-7.009496e+02
3.190000e-06	-5.246006e-06	-1.076166e-08	-3.726250e+01	-7.040253e+02
3.200000e-06	-5.269146e-06	-1.080700e-08	-3.742686e+01	-7.068441e+02
3.210000e-06	-5.290283e-06	-1.084898e-08	-3.757700e+01	-7.094236e+02
3.220000e-06	-5.309530e-06	-1.088655e-08	-3.771371e+01	-7.117844e+02
3.230000e-06	-5.327077e-06	-1.092138e-08	-3.783835e+01	-7.139470e+02
3.240000e-06	-5.342797e-06	-1.095326e-08	-3.795001e+01	-7.159294e+02
3.250000e-06	-5.356292e-06	-1.098239e-08	-3.804586e+01	-7.177453e+02
3.260000e-06	-5.367595e-06	-1.100987e-08	-3.812615e+01	-7.194029e+02
3.270000e-06	-5.377036e-06	-1.103332e-08	-3.819321e+01	-7.209060e+02
3.280000e-06	-5.384622e-06	-1.105188e-08	-3.824709e+01	-7.222551e+02
3.290000e-06	-5.390204e-06	-1.106938e-08	-3.828674e+01	-7.234503e+02
3.300000e-06	-5.393875e-06	-1.108519e-08	-3.831282e+01	-7.244930e+02
3.310000e-06	-5.395822e-06	-1.109701e-08	-3.832665e+01	-7.253874e+02
3.320000e-06	-5.396037e-06	-1.110862e-08	-3.832817e+01	-7.261402e+02
