# Temperatura_=_67.44
# Concentracion g/m^3_=_32800.0
# C_Vs_to_Am_M_A/Vsm_=_65563218390.804596
# pendiente_HvsI_1/m_=_3716.3
# ordenada_HvsI_A/m_=_1297.0
# frecuencia_Hz_=_300837.1543270483

Tiempo_(s)	Campo_(V.s)	Magnetizacion_(V.s)	Campo_(kA/m)	Magnetizacion_(A/m)
0.000000e+00	-5.390820e-06	-1.183220e-08	-3.832026e+01	-7.739101e+02
1.000000e-08	-5.388484e-06	-1.184319e-08	-3.830365e+01	-7.745861e+02
2.000000e-08	-5.384375e-06	-1.185289e-08	-3.827445e+01	-7.751361e+02
3.000000e-08	-5.378596e-06	-1.185788e-08	-3.823337e+01	-7.755558e+02
4.000000e-08	-5.371208e-06	-1.186014e-08	-3.818085e+01	-7.758399e+02
5.000000e-08	-5.362038e-06	-1.186060e-08	-3.811567e+01	-7.759838e+02
6.000000e-08	-5.350773e-06	-1.185971e-08	-3.803559e+01	-7.759857e+02
7.000000e-08	-5.337573e-06	-1.186592e-08	-3.794176e+01	-7.758478e+02
8.000000e-08	-5.322300e-06	-1.187077e-08	-3.783319e+01	-7.755770e+02
9.000000e-08	-5.304719e-06	-1.184643e-08	-3.770822e+01	-7.751838e+02
1.000000e-07	-5.285025e-06	-1.184240e-08	-3.756823e+01	-7.746808e+02
1.100000e-07	-5.263453e-06	-1.183701e-08	-3.741488e+01	-7.740806e+02
1.200000e-07	-5.240253e-06	-1.179262e-08	-3.724996e+01	-7.733933e+02
1.300000e-07	-5.215605e-06	-1.180599e-08	-3.707476e+01	-7.726246e+02
1.400000e-07	-5.189300e-06	-1.181801e-08	-3.688777e+01	-7.717746e+02
1.500000e-07	-5.161263e-06	-1.173751e-08	-3.668847e+01	-7.708382e+02
1.600000e-07	-5.131738e-06	-1.178665e-08	-3.647859e+01	-7.698065e+02
1.700000e-07	-5.100667e-06	-1.176786e-08	-3.625773e+01	-7.686682e+02
1.800000e-07	-5.067564e-06	-1.167158e-08	-3.602242e+01	-7.674128e+02
1.900000e-07	-5.032555e-06	-1.172382e-08	-3.577356e+01	-7.660315e+02
2.000000e-07	-4.995996e-06	-1.167392e-08	-3.551369e+01	-7.645193e+02
2.100000e-07	-4.957665e-06	-1.164113e-08	-3.524121e+01	-7.628752e+02
2.200000e-07	-4.917553e-06	-1.167808e-08	-3.495607e+01	-7.611010e+02
2.300000e-07	-4.875556e-06	-1.160195e-08	-3.465755e+01	-7.592007e+02
2.400000e-07	-4.831681e-06	-1.155341e-08	-3.434566e+01	-7.571786e+02
2.500000e-07	-4.786103e-06	-1.152229e-08	-3.402167e+01	-7.550379e+02
2.600000e-07	-4.738649e-06	-1.145676e-08	-3.368435e+01	-7.527802e+02
2.700000e-07	-4.689166e-06	-1.146845e-08	-3.333260e+01	-7.504048e+02
2.800000e-07	-4.637704e-06	-1.144853e-08	-3.296679e+01	-7.479095e+02
2.900000e-07	-4.584426e-06	-1.138601e-08	-3.258807e+01	-7.452918e+02
3.000000e-07	-4.529493e-06	-1.132585e-08	-3.219758e+01	-7.425494e+02
3.100000e-07	-4.472946e-06	-1.128647e-08	-3.179562e+01	-7.396812e+02
3.200000e-07	-4.414655e-06	-1.124009e-08	-3.138126e+01	-7.366878e+02
3.300000e-07	-4.354733e-06	-1.118584e-08	-3.095531e+01	-7.335710e+02
3.400000e-07	-4.293350e-06	-1.116961e-08	-3.051898e+01	-7.303336e+02
3.500000e-07	-4.230535e-06	-1.110797e-08	-3.007246e+01	-7.269784e+02
3.600000e-07	-4.166315e-06	-1.104742e-08	-2.961595e+01	-7.235076e+02
3.700000e-07	-4.100503e-06	-1.099312e-08	-2.914814e+01	-7.199224e+02
3.800000e-07	-4.033015e-06	-1.091090e-08	-2.866841e+01	-7.162230e+02
3.900000e-07	-3.964021e-06	-1.086048e-08	-2.817796e+01	-7.124092e+02
4.000000e-07	-3.893737e-06	-1.081669e-08	-2.767835e+01	-7.084808e+02
4.100000e-07	-3.822217e-06	-1.076647e-08	-2.716996e+01	-7.044383e+02
4.200000e-07	-3.749305e-06	-1.069832e-08	-2.665167e+01	-7.002829e+02
4.300000e-07	-3.674784e-06	-1.061661e-08	-2.612194e+01	-6.960170e+02
4.400000e-07	-3.598689e-06	-1.054402e-08	-2.558103e+01	-6.916429e+02
4.500000e-07	-3.521166e-06	-1.047820e-08	-2.502996e+01	-6.871628e+02
4.600000e-07	-3.442184e-06	-1.041683e-08	-2.446852e+01	-6.825777e+02
4.700000e-07	-3.361870e-06	-1.034410e-08	-2.389761e+01	-6.778868e+02
4.800000e-07	-3.280294e-06	-1.027298e-08	-2.331774e+01	-6.730880e+02
4.900000e-07	-3.197545e-06	-1.020311e-08	-2.272952e+01	-6.681778e+02
5.000000e-07	-3.113814e-06	-1.011668e-08	-2.213433e+01	-6.631526e+02
5.100000e-07	-3.029229e-06	-1.002573e-08	-2.153306e+01	-6.580094e+02
5.200000e-07	-2.943747e-06	-9.939873e-09	-2.092542e+01	-6.527468e+02
5.300000e-07	-2.857263e-06	-9.870364e-09	-2.031065e+01	-6.473656e+02
5.400000e-07	-2.769907e-06	-9.801185e-09	-1.968969e+01	-6.418683e+02
5.500000e-07	-2.681654e-06	-9.711319e-09	-1.906235e+01	-6.362588e+02
5.600000e-07	-2.592268e-06	-9.609128e-09	-1.842695e+01	-6.305409e+02
5.700000e-07	-2.501730e-06	-9.508683e-09	-1.778337e+01	-6.247175e+02
5.800000e-07	-2.410244e-06	-9.421626e-09	-1.713305e+01	-6.187892e+02
5.900000e-07	-2.317988e-06	-9.337634e-09	-1.647726e+01	-6.127544e+02
6.000000e-07	-2.224992e-06	-9.246379e-09	-1.581620e+01	-6.066089e+02
6.100000e-07	-2.131213e-06	-9.146440e-09	-1.514958e+01	-6.003473e+02
6.200000e-07	-2.036714e-06	-9.046360e-09	-1.447784e+01	-5.939635e+02
6.300000e-07	-1.941574e-06	-8.948413e-09	-1.380154e+01	-5.874527e+02
6.400000e-07	-1.845788e-06	-8.842835e-09	-1.312065e+01	-5.808115e+02
6.500000e-07	-1.749251e-06	-8.731580e-09	-1.243442e+01	-5.740387e+02
6.600000e-07	-1.651942e-06	-8.626276e-09	-1.174272e+01	-5.671348e+02
6.700000e-07	-1.553961e-06	-8.528597e-09	-1.104622e+01	-5.601008e+02
6.800000e-07	-1.455318e-06	-8.422604e-09	-1.034502e+01	-5.529379e+02
6.900000e-07	-1.356113e-06	-8.303384e-09	-9.639833e+00	-5.456451e+02
7.000000e-07	-1.256451e-06	-8.179823e-09	-8.931390e+00	-5.382196e+02
7.100000e-07	-1.156401e-06	-8.064848e-09	-8.220196e+00	-5.306558e+02
7.200000e-07	-1.056012e-06	-7.957006e-09	-7.506584e+00	-5.229457e+02
7.300000e-07	-9.552770e-07	-7.842192e-09	-6.790519e+00	-5.150797e+02
7.400000e-07	-8.542539e-07	-7.715478e-09	-6.072403e+00	-5.070471e+02
7.500000e-07	-7.528781e-07	-7.583754e-09	-5.351781e+00	-4.988367e+02
7.600000e-07	-6.511263e-07	-7.452044e-09	-4.628485e+00	-4.904365e+02
7.700000e-07	-5.491783e-07	-7.318979e-09	-3.903795e+00	-4.818330e+02
7.800000e-07	-4.470666e-07	-7.184682e-09	-3.177941e+00	-4.730104e+02
7.900000e-07	-3.447678e-07	-7.048055e-09	-2.450757e+00	-4.639492e+02
8.000000e-07	-2.424416e-07	-6.907887e-09	-1.723379e+00	-4.546253e+02
8.100000e-07	-1.400824e-07	-6.763676e-09	-9.957655e-01	-4.450099e+02
8.200000e-07	-3.761864e-08	-6.612731e-09	-2.674095e-01	-4.350700e+02
8.300000e-07	6.483877e-08	-6.452571e-09	4.609018e-01	-4.247702e+02
8.400000e-07	1.673197e-07	-6.286465e-09	1.189380e+00	-4.140748e+02
8.500000e-07	2.698184e-07	-6.118484e-09	1.917985e+00	-4.029499e+02
8.600000e-07	3.722005e-07	-5.944106e-09	2.645761e+00	-3.913661e+02
8.700000e-07	4.744434e-07	-5.757799e-09	3.372547e+00	-3.792990e+02
8.800000e-07	5.765230e-07	-5.559992e-09	4.098173e+00	-3.667297e+02
8.900000e-07	6.783730e-07	-5.356048e-09	4.822166e+00	-3.536436e+02
9.000000e-07	7.799347e-07	-5.148815e-09	5.544110e+00	-3.400289e+02
9.100000e-07	8.811614e-07	-4.937585e-09	6.263674e+00	-3.258745e+02
9.200000e-07	9.820860e-07	-4.719405e-09	6.981089e+00	-3.111680e+02
9.300000e-07	1.082747e-06	-4.490343e-09	7.696629e+00	-2.958952e+02
9.400000e-07	1.183055e-06	-4.248643e-09	8.409665e+00	-2.800398e+02
9.500000e-07	1.283004e-06	-3.994545e-09	9.120144e+00	-2.635846e+02
9.600000e-07	1.382573e-06	-3.732115e-09	9.827925e+00	-2.465135e+02
9.700000e-07	1.481661e-06	-3.462893e-09	1.053228e+01	-2.288134e+02
9.800000e-07	1.580162e-06	-3.185481e-09	1.123247e+01	-2.104761e+02
9.900000e-07	1.677903e-06	-2.896670e-09	1.192726e+01	-1.914986e+02
1.000000e-06	1.774832e-06	-2.596779e-09	1.261627e+01	-1.718837e+02
1.010000e-06	1.871052e-06	-2.286867e-09	1.330024e+01	-1.516383e+02
1.020000e-06	1.966593e-06	-1.966719e-09	1.397939e+01	-1.307720e+02
1.030000e-06	2.061460e-06	-1.639395e-09	1.465374e+01	-1.092958e+02
1.040000e-06	2.155666e-06	-1.306288e-09	1.532340e+01	-8.722031e+01
1.050000e-06	2.249159e-06	-9.636982e-10	1.598799e+01	-6.455633e+01
1.060000e-06	2.341874e-06	-6.098603e-10	1.664705e+01	-4.131530e+01
1.070000e-06	2.433845e-06	-2.461103e-10	1.730081e+01	-1.751128e+01
1.080000e-06	2.525154e-06	1.276602e-10	1.794988e+01	6.836824e+00
1.090000e-06	2.615537e-06	5.098961e-10	1.859236e+01	3.170321e+01
1.100000e-06	2.704683e-06	8.963379e-10	1.922604e+01	5.705376e+01
1.110000e-06	2.792718e-06	1.287441e-09	1.985184e+01	8.284571e+01
1.120000e-06	2.879854e-06	1.684058e-09	2.047124e+01	1.090283e+02
1.130000e-06	2.966043e-06	2.089087e-09	2.108390e+01	1.355440e+02
1.140000e-06	3.051228e-06	2.499829e-09	2.168943e+01	1.623306e+02
1.150000e-06	3.135458e-06	2.910873e-09	2.228818e+01	1.893217e+02
1.160000e-06	3.218744e-06	3.323469e-09	2.288021e+01	2.164477e+02
1.170000e-06	3.300930e-06	3.738327e-09	2.346443e+01	2.436343e+02
1.180000e-06	3.381860e-06	4.153474e-09	2.403971e+01	2.708013e+02
1.190000e-06	3.461519e-06	4.567131e-09	2.460596e+01	2.978599e+02
1.200000e-06	3.539900e-06	4.978660e-09	2.516313e+01	3.247109e+02
1.210000e-06	3.617053e-06	5.383543e-09	2.571157e+01	3.512446e+02
1.220000e-06	3.692936e-06	5.780537e-09	2.625097e+01	3.773414e+02
1.230000e-06	3.767306e-06	6.166885e-09	2.677963e+01	4.028753e+02
1.240000e-06	3.840091e-06	6.541014e-09	2.729702e+01	4.277195e+02
1.250000e-06	3.911424e-06	6.902767e-09	2.780408e+01	4.517526e+02
1.260000e-06	3.981386e-06	7.253465e-09	2.830140e+01	4.748656e+02
1.270000e-06	4.050026e-06	7.592987e-09	2.878932e+01	4.969676e+02
1.280000e-06	4.117370e-06	7.917049e-09	2.926803e+01	5.179901e+02
1.290000e-06	4.183145e-06	8.220678e-09	2.973559e+01	5.378881e+02
1.300000e-06	4.247252e-06	8.500943e-09	3.019129e+01	5.566396e+02
1.310000e-06	4.309938e-06	8.762985e-09	3.063689e+01	5.742426e+02
1.320000e-06	4.371212e-06	9.011297e-09	3.107245e+01	5.907104e+02
1.330000e-06	4.431177e-06	9.245626e-09	3.149870e+01	6.060671e+02
1.340000e-06	4.489709e-06	9.462225e-09	3.191478e+01	6.203441e+02
1.350000e-06	4.546460e-06	9.660258e-09	3.231819e+01	6.335772e+02
1.360000e-06	4.601478e-06	9.843690e-09	3.270928e+01	6.458057e+02
1.370000e-06	4.654822e-06	1.001546e-08	3.308847e+01	6.570729e+02
1.380000e-06	4.706269e-06	1.017234e-08	3.345418e+01	6.674270e+02
1.390000e-06	4.755668e-06	1.031523e-08	3.380533e+01	6.769226e+02
1.400000e-06	4.803212e-06	1.044893e-08	3.414329e+01	6.856205e+02
1.410000e-06	4.849118e-06	1.057273e-08	3.446961e+01	6.935875e+02
1.420000e-06	4.893491e-06	1.068326e-08	3.478503e+01	7.008937e+02
1.430000e-06	4.936140e-06	1.077960e-08	3.508820e+01	7.076097e+02
1.440000e-06	4.976800e-06	1.086804e-08	3.537723e+01	7.138029e+02
1.450000e-06	5.015689e-06	1.095533e-08	3.565367e+01	7.195340e+02
1.460000e-06	5.052965e-06	1.104022e-08	3.591865e+01	7.248545e+02
1.470000e-06	5.088592e-06	1.111808e-08	3.617190e+01	7.298059e+02
1.480000e-06	5.122369e-06	1.118771e-08	3.641200e+01	7.344198e+02
1.490000e-06	5.154225e-06	1.125089e-08	3.663844e+01	7.387195e+02
1.500000e-06	5.184340e-06	1.131053e-08	3.685252e+01	7.427221e+02
1.510000e-06	5.212828e-06	1.136702e-08	3.705502e+01	7.464414e+02
1.520000e-06	5.239531e-06	1.141981e-08	3.724483e+01	7.498894e+02
1.530000e-06	5.264144e-06	1.146763e-08	3.741980e+01	7.530783e+02
1.540000e-06	5.286774e-06	1.151056e-08	3.758066e+01	7.560204e+02
1.550000e-06	5.307692e-06	1.155021e-08	3.772935e+01	7.587285e+02
1.560000e-06	5.326889e-06	1.158771e-08	3.786582e+01	7.612150e+02
1.570000e-06	5.344137e-06	1.162084e-08	3.798842e+01	7.634917e+02
1.580000e-06	5.359381e-06	1.165027e-08	3.809678e+01	7.655695e+02
1.590000e-06	5.372685e-06	1.167925e-08	3.819135e+01	7.674583e+02
1.600000e-06	5.383921e-06	1.170724e-08	3.827122e+01	7.691676e+02
1.610000e-06	5.393022e-06	1.173121e-08	3.833592e+01	7.707070e+02
1.620000e-06	5.400100e-06	1.174944e-08	3.838623e+01	7.720863e+02
1.630000e-06	5.405360e-06	1.176533e-08	3.842362e+01	7.733155e+02
1.640000e-06	5.408895e-06	1.178233e-08	3.844875e+01	7.744041e+02
1.650000e-06	5.410478e-06	1.179670e-08	3.846000e+01	7.753604e+02
1.660000e-06	5.410107e-06	1.180885e-08	3.845736e+01	7.761900e+02
1.670000e-06	5.407995e-06	1.182242e-08	3.844235e+01	7.768952e+02
1.680000e-06	5.404251e-06	1.183149e-08	3.841574e+01	7.774751e+02
1.690000e-06	5.398681e-06	1.183724e-08	3.837614e+01	7.779258e+02
1.700000e-06	5.391217e-06	1.184351e-08	3.832308e+01	7.782421e+02
1.710000e-06	5.382120e-06	1.184874e-08	3.825842e+01	7.784189e+02
1.720000e-06	5.371413e-06	1.184814e-08	3.818231e+01	7.784538e+02
1.730000e-06	5.358949e-06	1.182830e-08	3.809371e+01	7.783481e+02
1.740000e-06	5.344500e-06	1.183268e-08	3.799100e+01	7.781077e+02
1.750000e-06	5.327816e-06	1.184126e-08	3.787240e+01	7.777422e+02
1.760000e-06	5.308733e-06	1.181635e-08	3.773675e+01	7.772643e+02
1.770000e-06	5.287144e-06	1.183293e-08	3.758329e+01	7.766866e+02
1.780000e-06	5.263561e-06	1.181986e-08	3.741565e+01	7.760200e+02
1.790000e-06	5.238885e-06	1.176878e-08	3.724024e+01	7.752711e+02
1.800000e-06	5.213116e-06	1.182261e-08	3.705706e+01	7.744414e+02
1.810000e-06	5.185610e-06	1.175815e-08	3.686154e+01	7.735268e+02
1.820000e-06	5.156140e-06	1.171520e-08	3.665206e+01	7.725191e+02
1.830000e-06	5.124831e-06	1.179913e-08	3.642950e+01	7.714072e+02
1.840000e-06	5.091658e-06	1.170038e-08	3.619369e+01	7.701803e+02
1.850000e-06	5.056814e-06	1.168145e-08	3.594600e+01	7.688292e+02
1.860000e-06	5.020255e-06	1.171344e-08	3.568613e+01	7.673480e+02
1.870000e-06	4.981747e-06	1.159290e-08	3.541239e+01	7.657346e+02
1.880000e-06	4.941555e-06	1.162209e-08	3.512670e+01	7.639906e+02
1.890000e-06	4.899597e-06	1.161611e-08	3.482844e+01	7.621196e+02
1.900000e-06	4.855896e-06	1.156394e-08	3.451779e+01	7.601259e+02
1.910000e-06	4.810574e-06	1.160799e-08	3.419562e+01	7.580131e+02
1.920000e-06	4.763434e-06	1.148563e-08	3.386053e+01	7.557831e+02
1.930000e-06	4.714603e-06	1.144178e-08	3.351342e+01	7.534356e+02
1.940000e-06	4.664087e-06	1.144648e-08	3.315433e+01	7.509689e+02
1.950000e-06	4.611766e-06	1.138689e-08	3.278241e+01	7.483803e+02
1.960000e-06	4.557505e-06	1.137587e-08	3.239670e+01	7.456674e+02
1.970000e-06	4.501315e-06	1.130921e-08	3.199728e+01	7.428288e+02
1.980000e-06	4.443594e-06	1.128804e-08	3.158697e+01	7.398647e+02
1.990000e-06	4.384465e-06	1.121289e-08	3.116666e+01	7.367767e+02
2.000000e-06	4.323841e-06	1.113941e-08	3.073572e+01	7.335676e+02
2.010000e-06	4.261565e-06	1.113510e-08	3.029304e+01	7.302401e+02
2.020000e-06	4.197563e-06	1.105092e-08	2.983808e+01	7.267965e+02
2.030000e-06	4.132065e-06	1.103637e-08	2.937249e+01	7.232384e+02
2.040000e-06	4.065155e-06	1.097778e-08	2.889687e+01	7.195661e+02
2.050000e-06	3.996893e-06	1.090513e-08	2.841163e+01	7.157795e+02
2.060000e-06	3.927121e-06	1.084402e-08	2.791566e+01	7.118783e+02
2.070000e-06	3.855696e-06	1.074511e-08	2.740794e+01	7.078627e+02
2.080000e-06	3.782839e-06	1.072379e-08	2.689004e+01	7.037340e+02
2.090000e-06	3.708623e-06	1.066664e-08	2.636248e+01	6.994942e+02
2.100000e-06	3.633057e-06	1.060783e-08	2.582532e+01	6.951457e+02
2.110000e-06	3.556007e-06	1.053297e-08	2.527762e+01	6.906909e+02
2.120000e-06	3.477411e-06	1.045406e-08	2.471893e+01	6.861308e+02
2.130000e-06	3.397523e-06	1.038691e-08	2.415105e+01	6.814654e+02
2.140000e-06	3.316472e-06	1.029075e-08	2.357491e+01	6.766926e+02
2.150000e-06	3.234283e-06	1.023575e-08	2.299067e+01	6.718093e+02
2.160000e-06	3.151030e-06	1.016847e-08	2.239888e+01	6.668116e+02
2.170000e-06	3.066789e-06	1.010157e-08	2.180005e+01	6.616965e+02
2.180000e-06	2.981445e-06	1.001138e-08	2.119339e+01	6.564621e+02
2.190000e-06	2.894848e-06	9.914046e-09	2.057782e+01	6.511088e+02
2.200000e-06	2.807056e-06	9.840002e-09	1.995376e+01	6.456387e+02
2.210000e-06	2.718349e-06	9.761013e-09	1.932319e+01	6.400555e+02
2.220000e-06	2.628841e-06	9.688069e-09	1.868693e+01	6.343632e+02
2.230000e-06	2.538404e-06	9.593609e-09	1.804407e+01	6.285649e+02
2.240000e-06	2.447106e-06	9.496148e-09	1.739508e+01	6.226618e+02
2.250000e-06	2.355081e-06	9.395870e-09	1.674092e+01	6.166527e+02
2.260000e-06	2.262290e-06	9.306960e-09	1.608133e+01	6.105340e+02
2.270000e-06	2.168595e-06	9.223582e-09	1.541531e+01	6.043004e+02
2.280000e-06	2.073930e-06	9.128029e-09	1.474238e+01	5.979459e+02
2.290000e-06	1.978407e-06	9.034197e-09	1.406336e+01	5.914653e+02
2.300000e-06	1.882219e-06	8.940957e-09	1.337962e+01	5.848548e+02
2.310000e-06	1.785515e-06	8.841089e-09	1.269220e+01	5.781129e+02
2.320000e-06	1.688218e-06	8.723077e-09	1.200058e+01	5.712395e+02
2.330000e-06	1.590300e-06	8.605033e-09	1.130454e+01	5.642360e+02
2.340000e-06	1.491849e-06	8.501717e-09	1.060470e+01	5.571033e+02
2.350000e-06	1.392944e-06	8.405218e-09	9.901647e+00	5.498411e+02
2.360000e-06	1.293638e-06	8.296638e-09	9.195731e+00	5.424471e+02
2.370000e-06	1.193953e-06	8.173494e-09	8.487131e+00	5.349162e+02
2.380000e-06	1.093938e-06	8.050184e-09	7.776179e+00	5.272408e+02
2.390000e-06	9.935784e-07	7.934339e-09	7.062782e+00	5.194117e+02
2.400000e-06	8.928155e-07	7.821434e-09	6.346516e+00	5.114184e+02
2.410000e-06	7.916766e-07	7.700399e-09	5.627577e+00	5.032497e+02
2.420000e-06	6.902850e-07	7.570331e-09	4.906842e+00	4.948938e+02
2.430000e-06	5.885915e-07	7.438383e-09	4.183961e+00	4.863377e+02
2.440000e-06	4.866116e-07	7.305489e-09	3.459044e+00	4.775662e+02
2.450000e-06	3.845060e-07	7.167022e-09	2.733234e+00	4.685606e+02
2.460000e-06	2.823028e-07	7.023915e-09	2.006729e+00	4.592979e+02
2.470000e-06	1.799109e-07	6.877922e-09	1.278884e+00	4.497503e+02
2.480000e-06	7.736006e-08	6.731625e-09	5.499085e-01	4.398855e+02
2.490000e-06	-2.521493e-08	6.582428e-09	-1.792385e-01	4.296685e+02
2.500000e-06	-1.277225e-07	6.421907e-09	-9.079060e-01	4.190634e+02
2.510000e-06	-2.301117e-07	6.248499e-09	-1.635733e+00	4.080358e+02
2.520000e-06	-3.323914e-07	6.069765e-09	-2.362781e+00	3.965552e+02
2.530000e-06	-4.345586e-07	5.890883e-09	-3.089029e+00	3.845961e+02
2.540000e-06	-5.365348e-07	5.706456e-09	-3.813920e+00	3.721383e+02
2.550000e-06	-6.382670e-07	5.510741e-09	-4.537076e+00	3.591667e+02
2.560000e-06	-7.396950e-07	5.301726e-09	-5.258070e+00	3.456688e+02
2.570000e-06	-8.407714e-07	5.084620e-09	-5.976564e+00	3.316337e+02
2.580000e-06	-9.415128e-07	4.862033e-09	-6.692677e+00	3.170493e+02
2.590000e-06	-1.041915e-06	4.631166e-09	-7.406379e+00	3.019018e+02
2.600000e-06	-1.141932e-06	4.391777e-09	-8.117341e+00	2.861752e+02
2.610000e-06	-1.241494e-06	4.143135e-09	-8.825075e+00	2.698526e+02
2.620000e-06	-1.340630e-06	3.884149e-09	-9.529776e+00	2.529174e+02
2.630000e-06	-1.439402e-06	3.614590e-09	-1.023189e+01	2.353556e+02
2.640000e-06	-1.537734e-06	3.335124e-09	-1.093087e+01	2.171579e+02
2.650000e-06	-1.635511e-06	3.044759e-09	-1.162591e+01	1.983202e+02
2.660000e-06	-1.732725e-06	2.745176e-09	-1.231695e+01	1.788440e+02
2.670000e-06	-1.829402e-06	2.441475e-09	-1.300418e+01	1.587356e+02
2.680000e-06	-1.925553e-06	2.131764e-09	-1.368766e+01	1.380041e+02
2.690000e-06	-2.021191e-06	1.810550e-09	-1.436749e+01	1.166603e+02
2.700000e-06	-2.116110e-06	1.474344e-09	-1.504222e+01	9.471493e+01
2.710000e-06	-2.210032e-06	1.127554e-09	-1.570986e+01	7.217878e+01
2.720000e-06	-2.302960e-06	7.747644e-10	-1.637042e+01	4.906296e+01
2.730000e-06	-2.395051e-06	4.126312e-10	-1.702505e+01	2.538082e+01
2.740000e-06	-2.486382e-06	4.182628e-11	-1.767427e+01	1.150025e+00
2.750000e-06	-2.576777e-06	-3.371764e-10	-1.831684e+01	-2.360524e+01
2.760000e-06	-2.666191e-06	-7.230433e-10	-1.895243e+01	-4.885273e+01
2.770000e-06	-2.754749e-06	-1.114170e-09	-1.958194e+01	-7.455148e+01
2.780000e-06	-2.842489e-06	-1.510350e-09	-2.020563e+01	-1.006523e+02
2.790000e-06	-2.929261e-06	-1.910634e-09	-2.082244e+01	-1.270992e+02
2.800000e-06	-3.014812e-06	-2.317050e-09	-2.143058e+01	-1.538305e+02
2.810000e-06	-3.099123e-06	-2.729372e-09	-2.202990e+01	-1.807809e+02
2.820000e-06	-3.182384e-06	-3.144537e-09	-2.262175e+01	-2.078814e+02
2.830000e-06	-3.264610e-06	-3.561271e-09	-2.320625e+01	-2.350590e+02
2.840000e-06	-3.345709e-06	-3.978325e-09	-2.378274e+01	-2.622347e+02
2.850000e-06	-3.425720e-06	-4.392854e-09	-2.435149e+01	-2.893218e+02
2.860000e-06	-3.504507e-06	-4.802238e-09	-2.491154e+01	-3.162236e+02
2.870000e-06	-3.581762e-06	-5.205358e-09	-2.546070e+01	-3.428325e+02
2.880000e-06	-3.657502e-06	-5.603874e-09	-2.599910e+01	-3.690307e+02
2.890000e-06	-3.731901e-06	-5.997324e-09	-2.652795e+01	-3.946933e+02
2.900000e-06	-3.804939e-06	-6.382129e-09	-2.704714e+01	-4.196932e+02
2.910000e-06	-3.876719e-06	-6.754858e-09	-2.755738e+01	-4.439072e+02
2.920000e-06	-3.947115e-06	-7.113048e-09	-2.805779e+01	-4.672231e+02
2.930000e-06	-4.015925e-06	-7.454547e-09	-2.854692e+01	-4.895457e+02
2.940000e-06	-4.083289e-06	-7.779736e-09	-2.902577e+01	-5.108014e+02
2.950000e-06	-4.149303e-06	-8.089574e-09	-2.949503e+01	-5.309403e+02
2.960000e-06	-4.213975e-06	-8.382596e-09	-2.995474e+01	-5.499357e+02
2.970000e-06	-4.277247e-06	-8.657126e-09	-3.040451e+01	-5.677815e+02
2.980000e-06	-4.338849e-06	-8.914779e-09	-3.084240e+01	-5.844882e+02
2.990000e-06	-4.398709e-06	-9.156419e-09	-3.126791e+01	-6.000779e+02
3.000000e-06	-4.457096e-06	-9.380311e-09	-3.168295e+01	-6.145808e+02
3.010000e-06	-4.514069e-06	-9.586787e-09	-3.208794e+01	-6.280318e+02
3.020000e-06	-4.569370e-06	-9.778797e-09	-3.248105e+01	-6.404694e+02
3.030000e-06	-4.622718e-06	-9.957846e-09	-3.286026e+01	-6.519361e+02
3.040000e-06	-4.674200e-06	-1.011971e-08	-3.322622e+01	-6.624789e+02
3.050000e-06	-4.723869e-06	-1.026641e-08	-3.357929e+01	-6.721509e+02
3.060000e-06	-4.771524e-06	-1.040228e-08	-3.391804e+01	-6.810117e+02
3.070000e-06	-4.817371e-06	-1.052844e-08	-3.424394e+01	-6.891268e+02
3.080000e-06	-4.861754e-06	-1.064408e-08	-3.455943e+01	-6.965660e+02
3.090000e-06	-4.904694e-06	-1.074882e-08	-3.486467e+01	-7.034001e+02
3.100000e-06	-4.946115e-06	-1.084523e-08	-3.515911e+01	-7.096973e+02
3.110000e-06	-4.985909e-06	-1.093375e-08	-3.544198e+01	-7.155200e+02
3.120000e-06	-5.023832e-06	-1.101535e-08	-3.571156e+01	-7.209221e+02
3.130000e-06	-5.059874e-06	-1.109104e-08	-3.596776e+01	-7.259470e+02
3.140000e-06	-5.094197e-06	-1.116365e-08	-3.621174e+01	-7.306284e+02
3.150000e-06	-5.126798e-06	-1.123439e-08	-3.644348e+01	-7.349911e+02
3.160000e-06	-5.157464e-06	-1.129904e-08	-3.666147e+01	-7.390535e+02
3.170000e-06	-5.186198e-06	-1.135735e-08	-3.686572e+01	-7.428298e+02
3.180000e-06	-5.213216e-06	-1.140814e-08	-3.705778e+01	-7.463324e+02
3.190000e-06	-5.238485e-06	-1.145605e-08	-3.723740e+01	-7.495731e+02
3.200000e-06	-5.261911e-06	-1.150210e-08	-3.740392e+01	-7.525644e+02
3.210000e-06	-5.283320e-06	-1.154650e-08	-3.755610e+01	-7.553189e+02
3.220000e-06	-5.302817e-06	-1.158851e-08	-3.769470e+01	-7.578493e+02
3.230000e-06	-5.320628e-06	-1.162525e-08	-3.782131e+01	-7.601674e+02
3.240000e-06	-5.336570e-06	-1.165639e-08	-3.793463e+01	-7.622843e+02
3.250000e-06	-5.350329e-06	-1.168399e-08	-3.803243e+01	-7.642101e+02
3.260000e-06	-5.361897e-06	-1.171134e-08	-3.811467e+01	-7.659545e+02
3.270000e-06	-5.371561e-06	-1.173756e-08	-3.818336e+01	-7.675269e+02
3.280000e-06	-5.379458e-06	-1.176008e-08	-3.823949e+01	-7.689370e+02
3.290000e-06	-5.385357e-06	-1.177923e-08	-3.828143e+01	-7.701949e+02
3.300000e-06	-5.389272e-06	-1.179704e-08	-3.830926e+01	-7.713103e+02
3.310000e-06	-5.391411e-06	-1.181135e-08	-3.832446e+01	-7.722917e+02
3.320000e-06	-5.391763e-06	-1.182249e-08	-3.832697e+01	-7.731455e+02
