# Temperatura_=_60.17
# Concentracion g/m^3_=_32800.0
# C_Vs_to_Am_M_A/Vsm_=_65563218390.804596
# pendiente_HvsI_1/m_=_3716.3
# ordenada_HvsI_A/m_=_1297.0
# frecuencia_Hz_=_300836.2931048079

Tiempo_(s)	Campo_(V.s)	Magnetizacion_(V.s)	Campo_(kA/m)	Magnetizacion_(A/m)
0.000000e+00	-5.404931e-06	-1.148215e-08	-3.832137e+01	-7.506918e+02
1.000000e-08	-5.402404e-06	-1.149459e-08	-3.830345e+01	-7.512994e+02
2.000000e-08	-5.398056e-06	-1.150456e-08	-3.827263e+01	-7.517851e+02
3.000000e-08	-5.392105e-06	-1.150527e-08	-3.823043e+01	-7.521455e+02
4.000000e-08	-5.384603e-06	-1.150335e-08	-3.817724e+01	-7.523743e+02
5.000000e-08	-5.375285e-06	-1.150513e-08	-3.811118e+01	-7.524641e+02
6.000000e-08	-5.363894e-06	-1.150807e-08	-3.803041e+01	-7.524083e+02
7.000000e-08	-5.350571e-06	-1.151585e-08	-3.793595e+01	-7.522034e+02
8.000000e-08	-5.335074e-06	-1.151163e-08	-3.782608e+01	-7.518504e+02
9.000000e-08	-5.317249e-06	-1.148937e-08	-3.769970e+01	-7.513552e+02
1.000000e-07	-5.297384e-06	-1.148578e-08	-3.755885e+01	-7.507281e+02
1.100000e-07	-5.275679e-06	-1.146500e-08	-3.740496e+01	-7.499820e+02
1.200000e-07	-5.252345e-06	-1.142682e-08	-3.723952e+01	-7.491303e+02
1.300000e-07	-5.227436e-06	-1.146473e-08	-3.706291e+01	-7.481848e+02
1.400000e-07	-5.200943e-06	-1.145630e-08	-3.687508e+01	-7.471542e+02
1.500000e-07	-5.172791e-06	-1.139204e-08	-3.667548e+01	-7.460432e+02
1.600000e-07	-5.143001e-06	-1.142700e-08	-3.646426e+01	-7.448530e+02
1.700000e-07	-5.111631e-06	-1.137068e-08	-3.624185e+01	-7.435828e+02
1.800000e-07	-5.078286e-06	-1.133516e-08	-3.600543e+01	-7.422305e+02
1.900000e-07	-5.043082e-06	-1.141166e-08	-3.575584e+01	-7.407950e+02
2.000000e-07	-5.006273e-06	-1.132811e-08	-3.549485e+01	-7.392759e+02
2.100000e-07	-4.967692e-06	-1.124957e-08	-3.522132e+01	-7.376741e+02
2.200000e-07	-4.927382e-06	-1.124904e-08	-3.493551e+01	-7.359898e+02
2.300000e-07	-4.885144e-06	-1.122402e-08	-3.463604e+01	-7.342213e+02
2.400000e-07	-4.841008e-06	-1.122102e-08	-3.432311e+01	-7.323634e+02
2.500000e-07	-4.795144e-06	-1.115691e-08	-3.399793e+01	-7.304059e+02
2.600000e-07	-4.747380e-06	-1.107827e-08	-3.365928e+01	-7.283341e+02
2.700000e-07	-4.697570e-06	-1.107279e-08	-3.330612e+01	-7.261298e+02
2.800000e-07	-4.645738e-06	-1.108730e-08	-3.293864e+01	-7.237743e+02
2.900000e-07	-4.592102e-06	-1.106017e-08	-3.255835e+01	-7.212513e+02
3.000000e-07	-4.536880e-06	-1.095453e-08	-3.216683e+01	-7.185503e+02
3.100000e-07	-4.480064e-06	-1.087938e-08	-3.176399e+01	-7.156686e+02
3.200000e-07	-4.421505e-06	-1.085360e-08	-3.134881e+01	-7.126128e+02
3.300000e-07	-4.361365e-06	-1.083367e-08	-3.092241e+01	-7.093971e+02
3.400000e-07	-4.299760e-06	-1.080240e-08	-3.048562e+01	-7.060417e+02
3.500000e-07	-4.236689e-06	-1.070326e-08	-3.003844e+01	-7.025684e+02
3.600000e-07	-4.172091e-06	-1.063766e-08	-2.958044e+01	-6.989973e+02
3.700000e-07	-4.105825e-06	-1.060928e-08	-2.911061e+01	-6.953431e+02
3.800000e-07	-4.037965e-06	-1.055380e-08	-2.862948e+01	-6.916130e+02
3.900000e-07	-3.968664e-06	-1.048048e-08	-2.813813e+01	-6.878065e+02
4.000000e-07	-3.898104e-06	-1.040613e-08	-2.763785e+01	-6.839165e+02
4.100000e-07	-3.826319e-06	-1.036777e-08	-2.712889e+01	-6.799318e+02
4.200000e-07	-3.753039e-06	-1.031580e-08	-2.660933e+01	-6.758402e+02
4.300000e-07	-3.678084e-06	-1.023776e-08	-2.607790e+01	-6.716319e+02
4.400000e-07	-3.601618e-06	-1.015113e-08	-2.553574e+01	-6.673008e+02
4.500000e-07	-3.523678e-06	-1.008585e-08	-2.498314e+01	-6.628459e+02
4.600000e-07	-3.444267e-06	-1.004372e-08	-2.442012e+01	-6.582702e+02
4.700000e-07	-3.363618e-06	-9.975142e-09	-2.384831e+01	-6.535792e+02
4.800000e-07	-3.281769e-06	-9.891377e-09	-2.326799e+01	-6.487788e+02
4.900000e-07	-3.198798e-06	-9.813207e-09	-2.267972e+01	-6.438726e+02
5.000000e-07	-3.114864e-06	-9.738988e-09	-2.208462e+01	-6.388616e+02
5.100000e-07	-3.029995e-06	-9.654396e-09	-2.148289e+01	-6.337430e+02
5.200000e-07	-2.944167e-06	-9.567596e-09	-2.087437e+01	-6.285115e+02
5.300000e-07	-2.857417e-06	-9.496813e-09	-2.025930e+01	-6.231609e+02
5.400000e-07	-2.769820e-06	-9.425909e-09	-1.963823e+01	-6.176857e+02
5.500000e-07	-2.681221e-06	-9.336953e-09	-1.901006e+01	-6.120831e+02
5.600000e-07	-2.591459e-06	-9.236651e-09	-1.837364e+01	-6.063533e+02
5.700000e-07	-2.500603e-06	-9.141273e-09	-1.772947e+01	-6.005000e+02
5.800000e-07	-2.408878e-06	-9.054766e-09	-1.707912e+01	-5.945284e+02
5.900000e-07	-2.316356e-06	-8.967505e-09	-1.642314e+01	-5.884445e+02
6.000000e-07	-2.223018e-06	-8.871310e-09	-1.576137e+01	-5.822522e+02
6.100000e-07	-2.128933e-06	-8.766580e-09	-1.509430e+01	-5.759527e+02
6.200000e-07	-2.034209e-06	-8.667848e-09	-1.442270e+01	-5.695430e+02
6.300000e-07	-1.938825e-06	-8.579936e-09	-1.374642e+01	-5.630169e+02
6.400000e-07	-1.842717e-06	-8.479889e-09	-1.306500e+01	-5.563656e+02
6.500000e-07	-1.745775e-06	-8.361574e-09	-1.237768e+01	-5.495798e+02
6.600000e-07	-1.648019e-06	-8.252205e-09	-1.168458e+01	-5.426513e+02
6.700000e-07	-1.549657e-06	-8.160997e-09	-1.098719e+01	-5.355744e+02
6.800000e-07	-1.450770e-06	-8.059239e-09	-1.028607e+01	-5.283470e+02
6.900000e-07	-1.351354e-06	-7.930789e-09	-9.581199e+00	-5.209696e+02
7.000000e-07	-1.251435e-06	-7.799685e-09	-8.872768e+00	-5.134452e+02
7.100000e-07	-1.151080e-06	-7.692092e-09	-8.161248e+00	-5.057770e+02
7.200000e-07	-1.050381e-06	-7.590550e-09	-7.447279e+00	-4.979668e+02
7.300000e-07	-9.493993e-07	-7.469034e-09	-6.731313e+00	-4.900132e+02
7.400000e-07	-8.481354e-07	-7.332865e-09	-6.013344e+00	-4.819108e+02
7.500000e-07	-7.465597e-07	-7.200558e-09	-5.293165e+00	-4.736493e+02
7.600000e-07	-6.446396e-07	-7.076516e-09	-4.570544e+00	-4.652140e+02
7.700000e-07	-5.424728e-07	-6.949797e-09	-3.846173e+00	-4.565862e+02
7.800000e-07	-4.400917e-07	-6.812814e-09	-3.120283e+00	-4.477441e+02
7.900000e-07	-3.375317e-07	-6.668241e-09	-2.393126e+00	-4.386638e+02
8.000000e-07	-2.348798e-07	-6.526629e-09	-1.665316e+00	-4.293199e+02
8.100000e-07	-1.321517e-07	-6.387458e-09	-9.369659e-01	-4.196858e+02
8.200000e-07	-2.937667e-08	-6.235595e-09	-2.082828e-01	-4.097342e+02
8.300000e-07	7.340079e-08	-6.069215e-09	5.204171e-01	-3.994372e+02
8.400000e-07	1.761336e-07	-5.903580e-09	1.248801e+00	-3.887669e+02
8.500000e-07	2.788004e-07	-5.744038e-09	1.976716e+00	-3.776953e+02
8.600000e-07	3.813842e-07	-5.573727e-09	2.704043e+00	-3.661955e+02
8.700000e-07	4.837900e-07	-5.382815e-09	3.430108e+00	-3.542417e+02
8.800000e-07	5.860094e-07	-5.182765e-09	4.154851e+00	-3.418105e+02
8.900000e-07	6.880651e-07	-4.985243e-09	4.878434e+00	-3.288810e+02
9.000000e-07	7.898646e-07	-4.787099e-09	5.600200e+00	-3.154348e+02
9.100000e-07	8.913835e-07	-4.577983e-09	6.319976e+00	-3.014565e+02
9.200000e-07	9.925828e-07	-4.356186e-09	7.037487e+00	-2.869328e+02
9.300000e-07	1.093437e-06	-4.127080e-09	7.752552e+00	-2.718524e+02
9.400000e-07	1.193955e-06	-3.890760e-09	8.465234e+00	-2.562061e+02
9.500000e-07	1.294080e-06	-3.641679e-09	9.175124e+00	-2.399859e+02
9.600000e-07	1.393763e-06	-3.382506e-09	9.881885e+00	-2.231862e+02
9.700000e-07	1.492935e-06	-3.117187e-09	1.058502e+01	-2.058031e+02
9.800000e-07	1.591578e-06	-2.846483e-09	1.128441e+01	-1.878358e+02
9.900000e-07	1.689665e-06	-2.566297e-09	1.197985e+01	-1.692862e+02
1.000000e-06	1.787082e-06	-2.274327e-09	1.267055e+01	-1.501591e+02
1.010000e-06	1.883640e-06	-1.972232e-09	1.335515e+01	-1.304623e+02
1.020000e-06	1.979354e-06	-1.662203e-09	1.403377e+01	-1.102055e+02
1.030000e-06	2.074446e-06	-1.346273e-09	1.470798e+01	-8.940039e+01
1.040000e-06	2.168906e-06	-1.023034e-09	1.537771e+01	-6.805976e+01
1.050000e-06	2.262571e-06	-6.911222e-10	1.604180e+01	-4.619743e+01
1.060000e-06	2.355449e-06	-3.505340e-10	1.670031e+01	-2.382868e+01
1.070000e-06	2.447629e-06	-3.199600e-13	1.735388e+01	-9.709816e-01
1.080000e-06	2.539090e-06	3.591773e-10	1.800234e+01	2.235483e+01
1.090000e-06	2.629659e-06	7.238812e-10	1.864448e+01	4.612325e+01
1.100000e-06	2.719134e-06	1.089999e-09	1.927886e+01	7.030300e+01
1.110000e-06	2.807416e-06	1.460870e-09	1.990479e+01	9.485626e+01
1.120000e-06	2.894662e-06	1.839975e-09	2.052337e+01	1.197384e+02
1.130000e-06	2.980997e-06	2.226478e-09	2.113550e+01	1.448985e+02
1.140000e-06	3.066320e-06	2.614503e-09	2.174044e+01	1.702793e+02
1.150000e-06	3.150643e-06	3.000480e-09	2.233830e+01	1.958187e+02
1.160000e-06	3.234048e-06	3.389259e-09	2.292964e+01	2.214494e+02
1.170000e-06	3.316360e-06	3.781584e-09	2.351324e+01	2.470992e+02
1.180000e-06	3.397374e-06	4.173405e-09	2.408764e+01	2.726909e+02
1.190000e-06	3.477083e-06	4.560715e-09	2.465278e+01	2.981410e+02
1.200000e-06	3.555499e-06	4.944949e-09	2.520876e+01	3.233596e+02
1.210000e-06	3.632690e-06	5.325424e-09	2.575605e+01	3.482506e+02
1.220000e-06	3.708665e-06	5.698893e-09	2.629472e+01	3.727121e+02
1.230000e-06	3.783213e-06	6.060522e-09	2.682327e+01	3.966392e+02
1.240000e-06	3.856123e-06	6.409431e-09	2.734020e+01	4.199269e+02
1.250000e-06	3.927553e-06	6.749095e-09	2.784665e+01	4.424745e+02
1.260000e-06	3.997658e-06	7.080675e-09	2.834370e+01	4.641902e+02
1.270000e-06	4.066425e-06	7.400751e-09	2.883126e+01	4.849953e+02
1.280000e-06	4.133882e-06	7.703701e-09	2.930954e+01	5.048273e+02
1.290000e-06	4.199714e-06	7.986601e-09	2.977629e+01	5.236419e+02
1.300000e-06	4.263817e-06	8.251122e-09	3.023079e+01	5.414128e+02
1.310000e-06	4.326477e-06	8.502061e-09	3.067505e+01	5.581304e+02
1.320000e-06	4.387796e-06	8.739126e-09	3.110981e+01	5.737996e+02
1.330000e-06	4.447829e-06	8.960326e-09	3.153544e+01	5.884363e+02
1.340000e-06	4.506330e-06	9.164787e-09	3.195022e+01	6.020653e+02
1.350000e-06	4.563009e-06	9.353707e-09	3.235208e+01	6.147177e+02
1.360000e-06	4.617972e-06	9.530007e-09	3.274177e+01	6.264300e+02
1.370000e-06	4.671339e-06	9.694531e-09	3.312015e+01	6.372436e+02
1.380000e-06	4.722864e-06	9.844301e-09	3.348547e+01	6.472052e+02
1.390000e-06	4.772303e-06	9.981963e-09	3.383599e+01	6.563668e+02
1.400000e-06	4.819808e-06	1.011079e-08	3.417280e+01	6.647856e+02
1.410000e-06	4.865644e-06	1.022949e-08	3.449778e+01	6.725231e+02
1.420000e-06	4.909937e-06	1.033642e-08	3.481183e+01	6.796428e+02
1.430000e-06	4.952504e-06	1.043181e-08	3.511363e+01	6.862077e+02
1.440000e-06	4.993168e-06	1.052067e-08	3.540194e+01	6.922775e+02
1.450000e-06	5.032043e-06	1.060604e-08	3.567757e+01	6.979054e+02
1.460000e-06	5.069273e-06	1.068714e-08	3.594153e+01	7.031368e+02
1.470000e-06	5.104894e-06	1.076130e-08	3.619408e+01	7.080083e+02
1.480000e-06	5.138599e-06	1.082909e-08	3.643306e+01	7.125476e+02
1.490000e-06	5.170337e-06	1.089269e-08	3.665808e+01	7.167758e+02
1.500000e-06	5.200359e-06	1.095289e-08	3.687094e+01	7.207090e+02
1.510000e-06	5.228719e-06	1.100829e-08	3.707201e+01	7.243605e+02
1.520000e-06	5.255226e-06	1.105755e-08	3.725995e+01	7.277429e+02
1.530000e-06	5.279642e-06	1.110226e-08	3.743306e+01	7.308689e+02
1.540000e-06	5.302136e-06	1.114553e-08	3.759254e+01	7.337516e+02
1.550000e-06	5.322952e-06	1.118721e-08	3.774013e+01	7.364044e+02
1.560000e-06	5.342047e-06	1.122383e-08	3.787551e+01	7.388399e+02
1.570000e-06	5.359180e-06	1.125558e-08	3.799699e+01	7.410694e+02
1.580000e-06	5.374315e-06	1.128484e-08	3.810430e+01	7.431024e+02
1.590000e-06	5.387536e-06	1.131207e-08	3.819804e+01	7.449471e+02
1.600000e-06	5.398677e-06	1.133584e-08	3.827703e+01	7.466107e+02
1.610000e-06	5.407616e-06	1.135628e-08	3.834040e+01	7.481004e+02
1.620000e-06	5.414571e-06	1.137477e-08	3.838972e+01	7.494243e+02
1.630000e-06	5.419741e-06	1.139239e-08	3.842637e+01	7.505916e+02
1.640000e-06	5.423095e-06	1.141065e-08	3.845016e+01	7.516122e+02
1.650000e-06	5.424484e-06	1.142627e-08	3.846000e+01	7.524961e+02
1.660000e-06	5.423954e-06	1.143985e-08	3.845624e+01	7.532514e+02
1.670000e-06	5.421740e-06	1.145040e-08	3.844055e+01	7.538834e+02
1.680000e-06	5.417913e-06	1.145751e-08	3.841341e+01	7.543936e+02
1.690000e-06	5.412277e-06	1.146423e-08	3.837345e+01	7.547795e+02
1.700000e-06	5.404704e-06	1.146936e-08	3.831976e+01	7.550350e+02
1.710000e-06	5.395437e-06	1.146995e-08	3.825406e+01	7.551529e+02
1.720000e-06	5.384584e-06	1.146491e-08	3.817711e+01	7.551261e+02
1.730000e-06	5.371933e-06	1.144179e-08	3.808741e+01	7.549506e+02
1.740000e-06	5.357264e-06	1.145439e-08	3.798341e+01	7.546263e+02
1.750000e-06	5.340385e-06	1.145141e-08	3.786373e+01	7.541586e+02
1.760000e-06	5.321063e-06	1.143094e-08	3.772674e+01	7.535568e+02
1.770000e-06	5.299284e-06	1.146172e-08	3.757233e+01	7.528336e+02
1.780000e-06	5.275626e-06	1.142105e-08	3.740459e+01	7.520025e+02
1.790000e-06	5.250889e-06	1.137579e-08	3.722920e+01	7.510757e+02
1.800000e-06	5.224993e-06	1.139303e-08	3.704559e+01	7.500625e+02
1.810000e-06	5.197274e-06	1.130446e-08	3.684906e+01	7.489683e+02
1.820000e-06	5.167558e-06	1.132945e-08	3.663838e+01	7.477950e+02
1.830000e-06	5.136045e-06	1.138881e-08	3.641495e+01	7.465418e+02
1.840000e-06	5.102719e-06	1.126576e-08	3.617867e+01	7.452070e+02
1.850000e-06	5.067702e-06	1.129543e-08	3.593039e+01	7.437891e+02
1.860000e-06	5.030970e-06	1.133323e-08	3.566996e+01	7.422876e+02
1.870000e-06	4.992281e-06	1.124267e-08	3.539565e+01	7.407032e+02
1.880000e-06	4.951871e-06	1.125193e-08	3.510914e+01	7.390363e+02
1.890000e-06	4.909690e-06	1.119348e-08	3.481007e+01	7.372858e+02
1.900000e-06	4.865824e-06	1.119475e-08	3.449906e+01	7.354471e+02
1.910000e-06	4.820394e-06	1.125037e-08	3.417696e+01	7.335111e+02
1.920000e-06	4.773039e-06	1.114178e-08	3.384121e+01	7.314636e+02
1.930000e-06	4.723932e-06	1.111010e-08	3.349303e+01	7.292870e+02
1.940000e-06	4.673159e-06	1.105566e-08	3.313305e+01	7.269625e+02
1.950000e-06	4.620480e-06	1.105211e-08	3.275955e+01	7.244730e+02
1.960000e-06	4.565881e-06	1.107093e-08	3.237244e+01	7.218069e+02
1.970000e-06	4.509431e-06	1.097578e-08	3.197221e+01	7.189600e+02
1.980000e-06	4.451391e-06	1.092903e-08	3.156070e+01	7.159370e+02
1.990000e-06	4.391981e-06	1.083069e-08	3.113948e+01	7.127512e+02
2.000000e-06	4.331048e-06	1.082673e-08	3.070745e+01	7.094218e+02
2.010000e-06	4.268406e-06	1.082584e-08	3.026332e+01	7.059706e+02
2.020000e-06	4.204153e-06	1.070539e-08	2.980776e+01	7.024184e+02
2.030000e-06	4.138463e-06	1.066627e-08	2.934202e+01	6.987809e+02
2.040000e-06	4.071250e-06	1.061624e-08	2.886547e+01	6.950669e+02
2.050000e-06	4.002567e-06	1.060479e-08	2.837850e+01	6.912771e+02
2.060000e-06	3.932398e-06	1.051615e-08	2.788100e+01	6.874055e+02
2.070000e-06	3.860679e-06	1.039287e-08	2.737250e+01	6.834412e+02
2.080000e-06	3.787562e-06	1.037169e-08	2.685410e+01	6.793722e+02
2.090000e-06	3.713074e-06	1.033276e-08	2.632597e+01	6.751880e+02
2.100000e-06	3.637219e-06	1.028789e-08	2.578816e+01	6.708817e+02
2.110000e-06	3.559782e-06	1.017736e-08	2.523912e+01	6.664514e+02
2.120000e-06	3.480799e-06	1.010604e-08	2.467913e+01	6.618996e+02
2.130000e-06	3.400594e-06	1.004587e-08	2.411047e+01	6.572315e+02
2.140000e-06	3.319268e-06	9.954453e-09	2.353386e+01	6.524529e+02
2.150000e-06	3.236864e-06	9.896771e-09	2.294961e+01	6.475681e+02
2.160000e-06	3.153405e-06	9.831649e-09	2.235788e+01	6.425786e+02
2.170000e-06	3.068853e-06	9.769351e-09	2.175840e+01	6.374822e+02
2.180000e-06	2.983002e-06	9.658115e-09	2.114971e+01	6.322740e+02
2.190000e-06	2.895937e-06	9.564652e-09	2.053241e+01	6.269478e+02
2.200000e-06	2.807887e-06	9.496485e-09	1.990813e+01	6.214978e+02
2.210000e-06	2.718946e-06	9.420810e-09	1.927754e+01	6.159207e+02
2.220000e-06	2.629166e-06	9.342398e-09	1.864098e+01	6.102161e+02
2.230000e-06	2.538509e-06	9.246068e-09	1.799822e+01	6.043871e+02
2.240000e-06	2.447067e-06	9.154024e-09	1.734989e+01	5.984389e+02
2.250000e-06	2.354821e-06	9.049209e-09	1.669586e+01	5.923774e+02
2.260000e-06	2.261650e-06	8.966426e-09	1.603527e+01	5.862069e+02
2.270000e-06	2.167526e-06	8.882467e-09	1.536792e+01	5.799293e+02
2.280000e-06	2.072507e-06	8.773987e-09	1.469423e+01	5.735423e+02
2.290000e-06	1.976708e-06	8.668781e-09	1.401501e+01	5.670402e+02
2.300000e-06	1.880246e-06	8.587157e-09	1.333109e+01	5.604147e+02
2.310000e-06	1.783234e-06	8.498969e-09	1.264327e+01	5.536562e+02
2.320000e-06	1.685621e-06	8.366398e-09	1.195118e+01	5.467564e+02
2.330000e-06	1.587413e-06	8.238490e-09	1.125488e+01	5.397090e+02
2.340000e-06	1.488703e-06	8.148931e-09	1.055501e+01	5.325111e+02
2.350000e-06	1.389597e-06	8.065527e-09	9.852350e+00	5.251630e+02
2.360000e-06	1.290152e-06	7.941732e-09	9.147273e+00	5.176673e+02
2.370000e-06	1.190298e-06	7.799551e-09	8.439306e+00	5.100273e+02
2.380000e-06	1.090037e-06	7.678988e-09	7.728442e+00	5.022450e+02
2.390000e-06	9.893405e-07	7.576484e-09	7.014499e+00	4.943200e+02
2.400000e-06	8.881315e-07	7.466391e-09	6.296920e+00	4.862474e+02
2.410000e-06	7.864997e-07	7.334410e-09	5.576342e+00	4.780180e+02
2.420000e-06	6.845640e-07	7.193005e-09	4.853610e+00	4.696176e+02
2.430000e-06	5.823860e-07	7.061155e-09	4.129161e+00	4.610283e+02
2.440000e-06	4.800348e-07	6.937817e-09	3.403483e+00	4.522289e+02
2.450000e-06	3.774629e-07	6.802896e-09	2.676240e+00	4.431957e+02
2.460000e-06	2.747371e-07	6.650226e-09	1.947906e+00	4.339035e+02
2.470000e-06	1.719502e-07	6.497641e-09	1.219140e+00	4.243258e+02
2.480000e-06	6.908183e-08	6.359553e-09	4.897954e-01	4.144356e+02
2.490000e-06	-3.381303e-08	6.217036e-09	-2.397369e-01	4.042050e+02
2.500000e-06	-1.366858e-07	6.048077e-09	-9.691129e-01	3.936061e+02
2.510000e-06	-2.394969e-07	5.865178e-09	-1.698051e+00	3.826109e+02
2.520000e-06	-3.421994e-07	5.691753e-09	-2.426220e+00	3.711921e+02
2.530000e-06	-4.447300e-07	5.525000e-09	-3.153169e+00	3.593238e+02
2.540000e-06	-5.470413e-07	5.344176e-09	-3.878564e+00	3.469822e+02
2.550000e-06	-6.491466e-07	5.141919e-09	-4.602498e+00	3.341457e+02
2.560000e-06	-7.509842e-07	4.929316e-09	-5.324535e+00	3.207957e+02
2.570000e-06	-8.524439e-07	4.716055e-09	-6.043892e+00	3.069161e+02
2.580000e-06	-9.534817e-07	4.498380e-09	-6.760258e+00	2.924933e+02
2.590000e-06	-1.054059e-06	4.270646e-09	-7.473361e+00	2.775158e+02
2.600000e-06	-1.154108e-06	4.033843e-09	-8.182714e+00	2.619738e+02
2.610000e-06	-1.253760e-06	3.788483e-09	-8.889255e+00	2.458593e+02
2.620000e-06	-1.353122e-06	3.533527e-09	-9.593741e+00	2.291660e+02
2.630000e-06	-1.452127e-06	3.267202e-09	-1.029569e+01	2.118900e+02
2.640000e-06	-1.550682e-06	2.991463e-09	-1.099445e+01	1.940296e+02
2.650000e-06	-1.648656e-06	2.709048e-09	-1.168909e+01	1.755864e+02
2.660000e-06	-1.746051e-06	2.419398e-09	-1.237964e+01	1.565646e+02
2.670000e-06	-1.842896e-06	2.123643e-09	-1.306627e+01	1.369714e+02
2.680000e-06	-1.939169e-06	1.818254e-09	-1.374886e+01	1.168165e+02
2.690000e-06	-2.034797e-06	1.501163e-09	-1.442686e+01	9.611111e+01
2.700000e-06	-2.129743e-06	1.173889e-09	-1.510004e+01	7.486779e+01
2.710000e-06	-2.223973e-06	8.403781e-10	-1.576814e+01	5.310023e+01
2.720000e-06	-2.317277e-06	5.034693e-10	-1.642967e+01	3.082337e+01
2.730000e-06	-2.409535e-06	1.604456e-10	-1.708378e+01	8.054240e+00
2.740000e-06	-2.500934e-06	-1.904726e-10	-1.773181e+01	-1.518703e+01
2.750000e-06	-2.591536e-06	-5.534853e-10	-1.837419e+01	-3.887586e+01
2.760000e-06	-2.681143e-06	-9.268987e-10	-1.900951e+01	-6.298207e+01
2.770000e-06	-2.769822e-06	-1.302286e-09	-1.963825e+01	-8.746903e+01
2.780000e-06	-2.857705e-06	-1.676581e-09	-2.026134e+01	-1.122934e+02
2.790000e-06	-2.944595e-06	-2.054598e-09	-2.087740e+01	-1.374051e+02
2.800000e-06	-3.030240e-06	-2.442671e-09	-2.148463e+01	-1.627483e+02
2.810000e-06	-3.114664e-06	-2.836813e-09	-2.208320e+01	-1.882615e+02
2.820000e-06	-3.198030e-06	-3.227736e-09	-2.267427e+01	-2.138783e+02
2.830000e-06	-3.280360e-06	-3.617008e-09	-2.325800e+01	-2.395276e+02
2.840000e-06	-3.361601e-06	-4.009352e-09	-2.383401e+01	-2.651329e+02
2.850000e-06	-3.441769e-06	-4.400903e-09	-2.440241e+01	-2.906120e+02
2.860000e-06	-3.520639e-06	-4.785269e-09	-2.496160e+01	-3.158762e+02
2.870000e-06	-3.597962e-06	-5.162553e-09	-2.550982e+01	-3.408304e+02
2.880000e-06	-3.673831e-06	-5.537868e-09	-2.604774e+01	-3.653736e+02
2.890000e-06	-3.748310e-06	-5.910020e-09	-2.657580e+01	-3.894012e+02
2.900000e-06	-3.821425e-06	-6.271950e-09	-2.709420e+01	-4.128079e+02
2.910000e-06	-3.893304e-06	-6.618162e-09	-2.760382e+01	-4.354920e+02
2.920000e-06	-3.963754e-06	-6.949335e-09	-2.810332e+01	-4.573598e+02
2.930000e-06	-4.032612e-06	-7.269746e-09	-2.859152e+01	-4.783299e+02
2.940000e-06	-4.100029e-06	-7.580884e-09	-2.906952e+01	-4.983369e+02
2.950000e-06	-4.166070e-06	-7.877059e-09	-2.953775e+01	-5.173329e+02
2.960000e-06	-4.230800e-06	-8.152077e-09	-2.999669e+01	-5.352887e+02
2.970000e-06	-4.294120e-06	-8.408445e-09	-3.044564e+01	-5.521917e+02
2.980000e-06	-4.355701e-06	-8.652905e-09	-3.088225e+01	-5.680446e+02
2.990000e-06	-4.415611e-06	-8.885786e-09	-3.130702e+01	-5.828614e+02
3.000000e-06	-4.474061e-06	-9.102255e-09	-3.172143e+01	-5.966656e+02
3.010000e-06	-4.531041e-06	-9.299855e-09	-3.212542e+01	-6.094872e+02
3.020000e-06	-4.586415e-06	-9.482040e-09	-3.251803e+01	-6.213617e+02
3.030000e-06	-4.639869e-06	-9.652300e-09	-3.289702e+01	-6.323299e+02
3.040000e-06	-4.691358e-06	-9.808660e-09	-3.326208e+01	-6.424373e+02
3.050000e-06	-4.740982e-06	-9.949913e-09	-3.361392e+01	-6.517350e+02
3.060000e-06	-4.788647e-06	-1.007854e-08	-3.395187e+01	-6.602794e+02
3.070000e-06	-4.834535e-06	-1.019962e-08	-3.427722e+01	-6.681313e+02
3.080000e-06	-4.878917e-06	-1.031434e-08	-3.459189e+01	-6.753540e+02
3.090000e-06	-4.921825e-06	-1.041879e-08	-3.489611e+01	-6.820108e+02
3.100000e-06	-4.963197e-06	-1.051202e-08	-3.518944e+01	-6.881621e+02
3.110000e-06	-5.002920e-06	-1.059928e-08	-3.547108e+01	-6.938627e+02
3.120000e-06	-5.040738e-06	-1.068236e-08	-3.573921e+01	-6.991593e+02
3.130000e-06	-5.076675e-06	-1.075999e-08	-3.599401e+01	-7.040901e+02
3.140000e-06	-5.110896e-06	-1.083119e-08	-3.623664e+01	-7.086844e+02
3.150000e-06	-5.143359e-06	-1.089735e-08	-3.646680e+01	-7.129642e+02
3.160000e-06	-5.173924e-06	-1.095985e-08	-3.668351e+01	-7.169463e+02
3.170000e-06	-5.202557e-06	-1.101717e-08	-3.688653e+01	-7.206446e+02
3.180000e-06	-5.229438e-06	-1.107031e-08	-3.707711e+01	-7.240714e+02
3.190000e-06	-5.254550e-06	-1.112091e-08	-3.725516e+01	-7.272396e+02
3.200000e-06	-5.277830e-06	-1.116689e-08	-3.742022e+01	-7.301621e+02
3.210000e-06	-5.299125e-06	-1.120906e-08	-3.757120e+01	-7.328523e+02
3.220000e-06	-5.318536e-06	-1.124767e-08	-3.770883e+01	-7.353231e+02
3.230000e-06	-5.336199e-06	-1.128304e-08	-3.783405e+01	-7.375859e+02
3.240000e-06	-5.351949e-06	-1.131404e-08	-3.794573e+01	-7.396507e+02
3.250000e-06	-5.365521e-06	-1.134208e-08	-3.804195e+01	-7.415258e+02
3.260000e-06	-5.376967e-06	-1.137191e-08	-3.812311e+01	-7.432186e+02
3.270000e-06	-5.386583e-06	-1.139907e-08	-3.819128e+01	-7.447361e+02
3.280000e-06	-5.394331e-06	-1.142014e-08	-3.824622e+01	-7.460863e+02
3.290000e-06	-5.400040e-06	-1.143659e-08	-3.828669e+01	-7.472781e+02
3.300000e-06	-5.403787e-06	-1.145175e-08	-3.831326e+01	-7.483216e+02
3.310000e-06	-5.405797e-06	-1.146506e-08	-3.832751e+01	-7.492265e+02
3.320000e-06	-5.406032e-06	-1.147446e-08	-3.832917e+01	-7.500016e+02
