# Temperatura_=_42.37
# Concentracion g/m^3_=_32800.0
# C_Vs_to_Am_M_A/Vsm_=_65563218390.804596
# pendiente_HvsI_1/m_=_3716.3
# ordenada_HvsI_A/m_=_1297.0
# frecuencia_Hz_=_300845.58779758366

Tiempo_(s)	Campo_(V.s)	Magnetizacion_(V.s)	Campo_(kA/m)	Magnetizacion_(A/m)
0.000000e+00	-5.391509e-06	-1.039286e-08	-3.831843e+01	-6.797655e+02
1.000000e-08	-5.389084e-06	-1.040133e-08	-3.830119e+01	-6.802831e+02
2.000000e-08	-5.384917e-06	-1.040660e-08	-3.827157e+01	-6.806894e+02
3.000000e-08	-5.379165e-06	-1.040837e-08	-3.823069e+01	-6.809813e+02
4.000000e-08	-5.371802e-06	-1.040998e-08	-3.817837e+01	-6.811505e+02
5.000000e-08	-5.362596e-06	-1.041044e-08	-3.811293e+01	-6.811847e+02
6.000000e-08	-5.351352e-06	-1.040639e-08	-3.803302e+01	-6.810713e+02
7.000000e-08	-5.338227e-06	-1.040427e-08	-3.793974e+01	-6.808006e+02
8.000000e-08	-5.322934e-06	-1.041109e-08	-3.783105e+01	-6.803693e+02
9.000000e-08	-5.305291e-06	-1.039794e-08	-3.770565e+01	-6.797829e+02
1.000000e-07	-5.285616e-06	-1.037853e-08	-3.756583e+01	-6.790558e+02
1.100000e-07	-5.264075e-06	-1.036167e-08	-3.741273e+01	-6.782094e+02
1.200000e-07	-5.240861e-06	-1.033030e-08	-3.724774e+01	-6.772689e+02
1.300000e-07	-5.216231e-06	-1.032421e-08	-3.707269e+01	-6.762582e+02
1.400000e-07	-5.189987e-06	-1.035021e-08	-3.688617e+01	-6.751956e+02
1.500000e-07	-5.162001e-06	-1.028824e-08	-3.668727e+01	-6.740896e+02
1.600000e-07	-5.132506e-06	-1.025640e-08	-3.647765e+01	-6.729376e+02
1.700000e-07	-5.101452e-06	-1.025650e-08	-3.625694e+01	-6.717259e+02
1.800000e-07	-5.068347e-06	-1.021049e-08	-3.602165e+01	-6.704323e+02
1.900000e-07	-5.033290e-06	-1.024642e-08	-3.577250e+01	-6.690303e+02
2.000000e-07	-4.996709e-06	-1.024888e-08	-3.551251e+01	-6.674942e+02
2.100000e-07	-4.958446e-06	-1.018695e-08	-3.524057e+01	-6.658034e+02
2.200000e-07	-4.918371e-06	-1.014871e-08	-3.495575e+01	-6.639458e+02
2.300000e-07	-4.876323e-06	-1.009420e-08	-3.465691e+01	-6.619189e+02
2.400000e-07	-4.832400e-06	-1.006623e-08	-3.434474e+01	-6.597295e+02
2.500000e-07	-4.786837e-06	-1.005065e-08	-3.402091e+01	-6.573907e+02
2.600000e-07	-4.739437e-06	-9.987538e-09	-3.368403e+01	-6.549192e+02
2.700000e-07	-4.689983e-06	-9.960123e-09	-3.333255e+01	-6.523309e+02
2.800000e-07	-4.638455e-06	-9.929798e-09	-3.296633e+01	-6.496383e+02
2.900000e-07	-4.585094e-06	-9.886646e-09	-3.258709e+01	-6.468487e+02
3.000000e-07	-4.530136e-06	-9.839649e-09	-3.219649e+01	-6.439639e+02
3.100000e-07	-4.473566e-06	-9.786060e-09	-3.179444e+01	-6.409811e+02
3.200000e-07	-4.415218e-06	-9.739612e-09	-3.137975e+01	-6.378953e+02
3.300000e-07	-4.355279e-06	-9.699205e-09	-3.095375e+01	-6.347011e+02
3.400000e-07	-4.293915e-06	-9.666696e-09	-3.051763e+01	-6.313948e+02
3.500000e-07	-4.231083e-06	-9.596680e-09	-3.007107e+01	-6.279757e+02
3.600000e-07	-4.166754e-06	-9.518595e-09	-2.961387e+01	-6.244457e+02
3.700000e-07	-4.100761e-06	-9.463760e-09	-2.914485e+01	-6.208091e+02
3.800000e-07	-4.033186e-06	-9.411601e-09	-2.866457e+01	-6.170707e+02
3.900000e-07	-3.964236e-06	-9.367962e-09	-2.817454e+01	-6.132344e+02
4.000000e-07	-3.894019e-06	-9.319278e-09	-2.767549e+01	-6.093024e+02
4.100000e-07	-3.822549e-06	-9.253188e-09	-2.716754e+01	-6.052741e+02
4.200000e-07	-3.749701e-06	-9.178586e-09	-2.664980e+01	-6.011469e+02
4.300000e-07	-3.675165e-06	-9.102634e-09	-2.612006e+01	-5.969168e+02
4.400000e-07	-3.599013e-06	-9.035228e-09	-2.557883e+01	-5.925797e+02
4.500000e-07	-3.521478e-06	-8.968587e-09	-2.502778e+01	-5.881325e+02
4.600000e-07	-3.442482e-06	-8.902630e-09	-2.446634e+01	-5.835743e+02
4.700000e-07	-3.362062e-06	-8.833809e-09	-2.389478e+01	-5.789061e+02
4.800000e-07	-3.280423e-06	-8.764839e-09	-2.331455e+01	-5.741307e+02
4.900000e-07	-3.197703e-06	-8.694322e-09	-2.272665e+01	-5.692518e+02
5.000000e-07	-3.113969e-06	-8.612212e-09	-2.213154e+01	-5.642729e+02
5.100000e-07	-3.029360e-06	-8.527831e-09	-2.153021e+01	-5.591962e+02
5.200000e-07	-2.943842e-06	-8.444262e-09	-2.092241e+01	-5.540221e+02
5.300000e-07	-2.857329e-06	-8.369585e-09	-2.030755e+01	-5.487490e+02
5.400000e-07	-2.769885e-06	-8.293230e-09	-1.968607e+01	-5.433740e+02
5.500000e-07	-2.681605e-06	-8.203834e-09	-1.905865e+01	-5.378936e+02
5.600000e-07	-2.592295e-06	-8.109275e-09	-1.842391e+01	-5.323048e+02
5.700000e-07	-2.501756e-06	-8.019064e-09	-1.778043e+01	-5.266058e+02
5.800000e-07	-2.410197e-06	-7.940379e-09	-1.712970e+01	-5.207962e+02
5.900000e-07	-2.317922e-06	-7.859509e-09	-1.647389e+01	-5.148773e+02
6.000000e-07	-2.224912e-06	-7.766274e-09	-1.581285e+01	-5.088513e+02
6.100000e-07	-2.131132e-06	-7.663887e-09	-1.514633e+01	-5.027202e+02
6.200000e-07	-2.036671e-06	-7.563787e-09	-1.447499e+01	-4.964855e+02
6.300000e-07	-1.941509e-06	-7.467149e-09	-1.379865e+01	-4.901465e+02
6.400000e-07	-1.845604e-06	-7.365864e-09	-1.311704e+01	-4.837011e+02
6.500000e-07	-1.749035e-06	-7.262464e-09	-1.243070e+01	-4.771449e+02
6.600000e-07	-1.651789e-06	-7.164669e-09	-1.173956e+01	-4.704726e+02
6.700000e-07	-1.553792e-06	-7.069426e-09	-1.104308e+01	-4.636785e+02
6.800000e-07	-1.455070e-06	-6.964280e-09	-1.034145e+01	-4.567576e+02
6.900000e-07	-1.355729e-06	-6.849804e-09	-9.635410e+00	-4.497062e+02
7.000000e-07	-1.255954e-06	-6.736073e-09	-8.926293e+00	-4.425222e+02
7.100000e-07	-1.155869e-06	-6.629773e-09	-8.214969e+00	-4.352047e+02
7.200000e-07	-1.055510e-06	-6.523947e-09	-7.501697e+00	-4.277535e+02
7.300000e-07	-9.548028e-07	-6.410296e-09	-6.785955e+00	-4.201676e+02
7.400000e-07	-8.537240e-07	-6.286405e-09	-6.067570e+00	-4.124441e+02
7.500000e-07	-7.523165e-07	-6.158138e-09	-5.346849e+00	-4.045767e+02
7.600000e-07	-6.506565e-07	-6.031469e-09	-4.624333e+00	-3.965549e+02
7.700000e-07	-5.487878e-07	-5.907161e-09	-3.900334e+00	-3.883635e+02
7.800000e-07	-4.467252e-07	-5.783781e-09	-3.174956e+00	-3.799829e+02
7.900000e-07	-3.445090e-07	-5.656919e-09	-2.448487e+00	-3.713897e+02
8.000000e-07	-2.421716e-07	-5.524859e-09	-1.721157e+00	-3.625577e+02
8.100000e-07	-1.397724e-07	-5.386434e-09	-9.933879e-01	-3.534593e+02
8.200000e-07	-3.734585e-08	-5.241596e-09	-2.654237e-01	-3.440670e+02
8.300000e-07	6.511697e-08	-5.089774e-09	4.627980e-01	-3.343542e+02
8.400000e-07	1.675538e-07	-4.935116e-09	1.190835e+00	-3.242964e+02
8.500000e-07	2.699385e-07	-4.779558e-09	1.918501e+00	-3.138712e+02
8.600000e-07	3.722410e-07	-4.615775e-09	2.645583e+00	-3.030587e+02
8.700000e-07	4.744398e-07	-4.440481e-09	3.371929e+00	-2.918409e+02
8.800000e-07	5.765030e-07	-4.257862e-09	4.097310e+00	-2.802011e+02
8.900000e-07	6.783407e-07	-4.073014e-09	4.821090e+00	-2.681240e+02
9.000000e-07	7.799168e-07	-3.885089e-09	5.543009e+00	-2.555947e+02
9.100000e-07	8.811714e-07	-3.691956e-09	6.262644e+00	-2.425993e+02
9.200000e-07	9.820820e-07	-3.489864e-09	6.979833e+00	-2.291250e+02
9.300000e-07	1.082698e-06	-3.277182e-09	7.694933e+00	-2.151608e+02
9.400000e-07	1.183012e-06	-3.053937e-09	8.407876e+00	-2.006981e+02
9.500000e-07	1.282994e-06	-2.819798e-09	9.118468e+00	-1.857321e+02
9.600000e-07	1.382601e-06	-2.581158e-09	9.826393e+00	-1.702620e+02
9.700000e-07	1.481728e-06	-2.340266e-09	1.053091e+01	-1.542915e+02
9.800000e-07	1.580251e-06	-2.093928e-09	1.123113e+01	-1.378286e+02
9.900000e-07	1.678029e-06	-1.837428e-09	1.192605e+01	-1.208854e+02
1.000000e-06	1.775039e-06	-1.571066e-09	1.261552e+01	-1.034771e+02
1.010000e-06	1.871324e-06	-1.296422e-09	1.329984e+01	-8.562079e+01
1.020000e-06	1.966870e-06	-1.014457e-09	1.397890e+01	-6.733501e+01
1.030000e-06	2.061721e-06	-7.296313e-10	1.465302e+01	-4.863888e+01
1.040000e-06	2.155917e-06	-4.424032e-10	1.532249e+01	-2.955210e+01
1.050000e-06	2.249400e-06	-1.486762e-10	1.598689e+01	-1.009522e+01
1.060000e-06	2.342178e-06	1.536047e-10	1.664628e+01	9.709647e+00
1.070000e-06	2.434306e-06	4.625990e-10	1.730105e+01	2.983792e+01
1.080000e-06	2.525692e-06	7.771034e-10	1.795055e+01	5.026178e+01
1.090000e-06	2.616072e-06	1.094778e-09	1.859289e+01	7.094965e+01
1.100000e-06	2.705289e-06	1.413122e-09	1.922697e+01	9.186621e+01
1.110000e-06	2.793419e-06	1.734181e-09	1.985333e+01	1.129729e+02
1.120000e-06	2.880596e-06	2.058403e-09	2.047292e+01	1.342288e+02
1.130000e-06	2.966842e-06	2.387836e-09	2.108588e+01	1.555915e+02
1.140000e-06	3.052063e-06	2.719545e-09	2.169156e+01	1.770182e+02
1.150000e-06	3.136299e-06	3.048103e-09	2.229024e+01	1.984659e+02
1.160000e-06	3.219628e-06	3.373434e-09	2.288248e+01	2.198910e+02
1.170000e-06	3.301868e-06	3.697697e-09	2.346697e+01	2.412486e+02
1.180000e-06	3.382834e-06	4.022007e-09	2.404241e+01	2.624914e+02
1.190000e-06	3.462518e-06	4.345520e-09	2.460874e+01	2.835677e+02
1.200000e-06	3.540945e-06	4.666784e-09	2.516613e+01	3.044213e+02
1.210000e-06	3.618130e-06	4.983306e-09	2.571470e+01	3.249907e+02
1.220000e-06	3.694054e-06	5.293443e-09	2.625430e+01	3.452103e+02
1.230000e-06	3.768544e-06	5.594718e-09	2.678372e+01	3.650123e+02
1.240000e-06	3.841358e-06	5.885805e-09	2.730122e+01	3.843294e+02
1.250000e-06	3.912659e-06	6.168064e-09	2.780797e+01	4.030984e+02
1.260000e-06	3.982627e-06	6.442338e-09	2.830524e+01	4.212625e+02
1.270000e-06	4.051306e-06	6.707946e-09	2.879336e+01	4.387739e+02
1.280000e-06	4.118766e-06	6.964106e-09	2.927281e+01	4.555947e+02
1.290000e-06	4.184663e-06	7.208271e-09	2.974115e+01	4.716962e+02
1.300000e-06	4.248845e-06	7.438955e-09	3.019730e+01	4.870584e+02
1.310000e-06	4.311520e-06	7.656630e-09	3.064275e+01	5.016670e+02
1.320000e-06	4.372788e-06	7.863474e-09	3.107819e+01	5.155120e+02
1.330000e-06	4.432751e-06	8.060503e-09	3.150436e+01	5.285861e+02
1.340000e-06	4.491220e-06	8.246908e-09	3.191991e+01	5.408846e+02
1.350000e-06	4.547927e-06	8.421202e-09	3.232294e+01	5.524061e+02
1.360000e-06	4.602901e-06	8.585093e-09	3.271364e+01	5.631547e+02
1.370000e-06	4.656246e-06	8.737921e-09	3.309278e+01	5.731421e+02
1.380000e-06	4.707812e-06	8.876306e-09	3.345926e+01	5.823904e+02
1.390000e-06	4.757303e-06	9.004026e-09	3.381101e+01	5.909325e+02
1.400000e-06	4.804859e-06	9.123586e-09	3.414899e+01	5.988122e+02
1.410000e-06	4.850689e-06	9.232715e-09	3.447472e+01	6.060821e+02
1.420000e-06	4.894995e-06	9.332258e-09	3.478961e+01	6.127999e+02
1.430000e-06	4.937628e-06	9.424174e-09	3.509261e+01	6.190235e+02
1.440000e-06	4.978276e-06	9.510662e-09	3.538151e+01	6.248069e+02
1.450000e-06	5.017160e-06	9.593376e-09	3.565786e+01	6.301959e+02
1.460000e-06	5.054438e-06	9.672417e-09	3.592280e+01	6.352256e+02
1.470000e-06	5.090096e-06	9.745134e-09	3.617623e+01	6.399208e+02
1.480000e-06	5.123863e-06	9.810703e-09	3.641621e+01	6.442968e+02
1.490000e-06	5.155659e-06	9.870484e-09	3.664220e+01	6.483628e+02
1.500000e-06	5.185719e-06	9.925542e-09	3.685584e+01	6.521256e+02
1.510000e-06	5.214153e-06	9.977128e-09	3.705792e+01	6.555928e+02
1.520000e-06	5.240767e-06	1.002419e-08	3.724707e+01	6.587754e+02
1.530000e-06	5.265297e-06	1.006683e-08	3.742141e+01	6.616889e+02
1.540000e-06	5.287871e-06	1.010774e-08	3.758185e+01	6.643526e+02
1.550000e-06	5.308745e-06	1.014595e-08	3.773020e+01	6.667873e+02
1.560000e-06	5.327956e-06	1.017983e-08	3.786674e+01	6.690136e+02
1.570000e-06	5.345239e-06	1.020813e-08	3.798957e+01	6.710492e+02
1.580000e-06	5.360504e-06	1.023253e-08	3.809806e+01	6.729073e+02
1.590000e-06	5.373843e-06	1.025565e-08	3.819287e+01	6.745966e+02
1.600000e-06	5.385078e-06	1.027851e-08	3.827272e+01	6.761221e+02
1.610000e-06	5.394077e-06	1.029912e-08	3.833668e+01	6.774872e+02
1.620000e-06	5.401132e-06	1.031690e-08	3.838682e+01	6.786953e+02
1.630000e-06	5.406407e-06	1.033383e-08	3.842431e+01	6.797517e+02
1.640000e-06	5.409885e-06	1.035042e-08	3.844903e+01	6.806645e+02
1.650000e-06	5.411429e-06	1.036474e-08	3.846000e+01	6.814435e+02
1.660000e-06	5.411028e-06	1.037453e-08	3.845715e+01	6.820989e+02
1.670000e-06	5.408909e-06	1.038251e-08	3.844209e+01	6.826389e+02
1.680000e-06	5.405212e-06	1.038823e-08	3.841582e+01	6.830673e+02
1.690000e-06	5.399757e-06	1.039263e-08	3.837704e+01	6.833824e+02
1.700000e-06	5.392330e-06	1.039513e-08	3.832426e+01	6.835767e+02
1.710000e-06	5.383216e-06	1.039609e-08	3.825948e+01	6.836383e+02
1.720000e-06	5.372503e-06	1.039606e-08	3.818334e+01	6.835544e+02
1.730000e-06	5.360006e-06	1.038489e-08	3.809453e+01	6.833145e+02
1.740000e-06	5.345511e-06	1.037195e-08	3.799151e+01	6.829141e+02
1.750000e-06	5.328815e-06	1.037221e-08	3.787284e+01	6.823569e+02
1.760000e-06	5.309781e-06	1.036231e-08	3.773757e+01	6.816558e+02
1.770000e-06	5.288238e-06	1.036911e-08	3.758446e+01	6.808312e+02
1.780000e-06	5.264688e-06	1.036513e-08	3.741709e+01	6.799079e+02
1.790000e-06	5.240108e-06	1.029531e-08	3.724239e+01	6.789105e+02
1.800000e-06	5.214457e-06	1.029955e-08	3.706009e+01	6.778585e+02
1.810000e-06	5.186902e-06	1.030279e-08	3.686425e+01	6.767624e+02
1.820000e-06	5.157378e-06	1.027245e-08	3.665441e+01	6.756216e+02
1.830000e-06	5.126125e-06	1.031526e-08	3.643229e+01	6.744243e+02
1.840000e-06	5.092996e-06	1.026179e-08	3.619684e+01	6.731495e+02
1.850000e-06	5.058197e-06	1.019271e-08	3.594952e+01	6.717711e+02
1.860000e-06	5.021718e-06	1.020916e-08	3.569025e+01	6.702630e+02
1.870000e-06	4.983223e-06	1.016942e-08	3.541666e+01	6.686033e+02
1.880000e-06	4.942989e-06	1.017115e-08	3.513071e+01	6.667783e+02
1.890000e-06	4.901004e-06	1.015036e-08	3.483232e+01	6.647836e+02
1.900000e-06	4.857275e-06	1.008493e-08	3.452153e+01	6.626247e+02
1.910000e-06	4.812015e-06	1.009143e-08	3.419985e+01	6.603137e+02
1.920000e-06	4.764909e-06	1.002469e-08	3.386507e+01	6.578670e+02
1.930000e-06	4.716002e-06	9.983696e-09	3.351747e+01	6.553007e+02
1.940000e-06	4.665399e-06	9.964762e-09	3.315783e+01	6.526284e+02
1.950000e-06	4.613015e-06	9.895334e-09	3.278553e+01	6.498581e+02
1.960000e-06	4.558734e-06	9.880403e-09	3.239974e+01	6.469927e+02
1.970000e-06	4.502530e-06	9.829199e-09	3.200029e+01	6.440300e+02
1.980000e-06	4.444774e-06	9.767046e-09	3.158981e+01	6.409653e+02
1.990000e-06	4.385573e-06	9.701857e-09	3.116905e+01	6.377931e+02
2.000000e-06	4.324867e-06	9.650657e-09	3.073761e+01	6.345093e+02
2.010000e-06	4.262530e-06	9.649489e-09	3.029457e+01	6.311125e+02
2.020000e-06	4.198485e-06	9.587367e-09	2.983939e+01	6.276044e+02
2.030000e-06	4.132978e-06	9.530630e-09	2.937382e+01	6.239888e+02
2.040000e-06	4.066053e-06	9.457375e-09	2.889817e+01	6.202705e+02
2.050000e-06	3.997697e-06	9.384164e-09	2.841235e+01	6.164538e+02
2.060000e-06	3.927901e-06	9.339128e-09	2.791630e+01	6.125411e+02
2.070000e-06	3.856533e-06	9.278130e-09	2.740907e+01	6.085324e+02
2.080000e-06	3.783686e-06	9.235798e-09	2.689134e+01	6.044255e+02
2.090000e-06	3.709497e-06	9.163339e-09	2.636406e+01	6.002164e+02
2.100000e-06	3.633976e-06	9.097824e-09	2.582732e+01	5.959009e+02
2.110000e-06	3.556958e-06	9.033528e-09	2.527994e+01	5.914759e+02
2.120000e-06	3.478257e-06	8.961084e-09	2.472060e+01	5.869398e+02
2.130000e-06	3.398192e-06	8.882489e-09	2.415156e+01	5.822933e+02
2.140000e-06	3.317047e-06	8.795048e-09	2.357485e+01	5.775391e+02
2.150000e-06	3.234844e-06	8.740554e-09	2.299062e+01	5.726807e+02
2.160000e-06	3.151606e-06	8.677373e-09	2.239903e+01	5.677218e+02
2.170000e-06	3.067378e-06	8.604734e-09	2.180041e+01	5.626648e+02
2.180000e-06	2.982021e-06	8.509987e-09	2.119376e+01	5.575104e+02
2.190000e-06	2.895298e-06	8.418675e-09	2.057740e+01	5.522574e+02
2.200000e-06	2.807408e-06	8.350112e-09	1.995276e+01	5.469031e+02
2.210000e-06	2.718648e-06	8.279647e-09	1.932192e+01	5.414441e+02
2.220000e-06	2.629032e-06	8.202727e-09	1.868500e+01	5.358772e+02
2.230000e-06	2.538519e-06	8.101304e-09	1.804171e+01	5.302002e+02
2.240000e-06	2.447198e-06	7.999691e-09	1.739268e+01	5.244126e+02
2.250000e-06	2.355122e-06	7.908837e-09	1.673827e+01	5.185154e+02
2.260000e-06	2.262371e-06	7.830532e-09	1.607907e+01	5.125106e+02
2.270000e-06	2.168760e-06	7.747147e-09	1.541377e+01	5.064005e+02
2.280000e-06	2.074002e-06	7.648612e-09	1.474030e+01	5.001865e+02
2.290000e-06	1.978299e-06	7.552645e-09	1.406013e+01	4.938686e+02
2.300000e-06	1.882035e-06	7.463177e-09	1.337596e+01	4.874447e+02
2.310000e-06	1.785342e-06	7.366270e-09	1.268875e+01	4.809110e+02
2.320000e-06	1.688036e-06	7.252881e-09	1.199718e+01	4.742621e+02
2.330000e-06	1.590076e-06	7.141098e-09	1.130096e+01	4.674925e+02
2.340000e-06	1.491628e-06	7.040906e-09	1.060127e+01	4.605969e+02
2.350000e-06	1.392761e-06	6.943546e-09	9.898602e+00	4.535713e+02
2.360000e-06	1.293441e-06	6.833210e-09	9.192720e+00	4.464133e+02
2.370000e-06	1.193720e-06	6.710952e-09	8.483983e+00	4.391220e+02
2.380000e-06	1.093713e-06	6.589820e-09	7.773213e+00	4.316970e+02
2.390000e-06	9.933198e-07	6.480257e-09	7.059702e+00	4.241376e+02
2.400000e-06	8.925231e-07	6.376717e-09	6.343322e+00	4.164413e+02
2.410000e-06	7.914423e-07	6.263434e-09	5.624923e+00	4.086025e+02
2.420000e-06	6.900756e-07	6.135105e-09	4.904491e+00	4.006115e+02
2.430000e-06	5.883994e-07	6.003738e-09	4.181860e+00	3.924540e+02
2.440000e-06	4.864449e-07	5.877304e-09	3.457251e+00	3.841112e+02
2.450000e-06	3.842473e-07	5.747615e-09	2.730915e+00	3.755601e+02
2.460000e-06	2.818446e-07	5.610209e-09	2.003120e+00	3.667750e+02
2.470000e-06	1.792989e-07	5.470814e-09	1.274309e+00	3.577285e+02
2.480000e-06	7.662901e-08	5.333641e-09	5.446162e-01	3.483930e+02
2.490000e-06	-2.605074e-08	5.190241e-09	-1.851473e-01	3.387416e+02
2.500000e-06	-1.286673e-07	5.034894e-09	-9.144619e-01	3.287493e+02
2.510000e-06	-2.311865e-07	4.872367e-09	-1.643084e+00	3.183936e+02
2.520000e-06	-3.335565e-07	4.707807e-09	-2.370646e+00	3.076540e+02
2.530000e-06	-4.357673e-07	4.542257e-09	-3.097077e+00	2.965121e+02
2.540000e-06	-5.377098e-07	4.372395e-09	-3.821600e+00	2.849511e+02
2.550000e-06	-6.393437e-07	4.192696e-09	-4.543931e+00	2.729555e+02
2.560000e-06	-7.407514e-07	3.998546e-09	-5.264654e+00	2.605103e+02
2.570000e-06	-8.418791e-07	3.793262e-09	-5.983386e+00	2.476014e+02
2.580000e-06	-9.426246e-07	3.585100e-09	-6.699402e+00	2.342158e+02
2.590000e-06	-1.042985e-06	3.376799e-09	-7.412683e+00	2.203420e+02
2.600000e-06	-1.143011e-06	3.163387e-09	-8.123582e+00	2.059711e+02
2.610000e-06	-1.242649e-06	2.938818e-09	-8.831731e+00	1.910975e+02
2.620000e-06	-1.341863e-06	2.702862e-09	-9.536859e+00	1.757196e+02
2.630000e-06	-1.440679e-06	2.457567e-09	-1.023917e+01	1.598402e+02
2.640000e-06	-1.539019e-06	2.206095e-09	-1.093809e+01	1.434668e+02
2.650000e-06	-1.636800e-06	1.948469e-09	-1.163303e+01	1.266107e+02
2.660000e-06	-1.733985e-06	1.683632e-09	-1.232374e+01	1.092865e+02
2.670000e-06	-1.830666e-06	1.413845e-09	-1.301087e+01	9.151111e+01
2.680000e-06	-1.926894e-06	1.136618e-09	-1.369478e+01	7.330293e+01
2.690000e-06	-2.022560e-06	8.499651e-10	-1.437470e+01	5.468095e+01
2.700000e-06	-2.117462e-06	5.559087e-10	-1.504919e+01	3.566475e+01
2.710000e-06	-2.211375e-06	2.592617e-10	-1.571664e+01	1.627469e+01
2.720000e-06	-2.304302e-06	-3.913946e-11	-1.637709e+01	-3.467462e+00
2.730000e-06	-2.396329e-06	-3.425474e-10	-1.703114e+01	-2.353763e+01
2.740000e-06	-2.487509e-06	-6.499228e-10	-1.767918e+01	-4.390861e+01
2.750000e-06	-2.577853e-06	-9.640486e-10	-1.832127e+01	-6.454952e+01
2.760000e-06	-2.667253e-06	-1.285102e-09	-1.895665e+01	-8.542569e+01
2.770000e-06	-2.755763e-06	-1.608311e-09	-1.958570e+01	-1.064991e+02
2.780000e-06	-2.843521e-06	-1.929735e-09	-2.020942e+01	-1.277291e+02
2.790000e-06	-2.930323e-06	-2.249979e-09	-2.082634e+01	-1.490736e+02
2.800000e-06	-3.015855e-06	-2.573894e-09	-2.143422e+01	-1.704898e+02
2.810000e-06	-3.100181e-06	-2.900798e-09	-2.203354e+01	-1.919346e+02
2.820000e-06	-3.183450e-06	-3.228819e-09	-2.262535e+01	-2.133646e+02
2.830000e-06	-3.265665e-06	-3.556471e-09	-2.320967e+01	-2.347354e+02
2.840000e-06	-3.346856e-06	-3.879949e-09	-2.378671e+01	-2.560000e+02
2.850000e-06	-3.427013e-06	-4.198729e-09	-2.435640e+01	-2.771078e+02
2.860000e-06	-3.505881e-06	-4.514611e-09	-2.491693e+01	-2.980032e+02
2.870000e-06	-3.583187e-06	-4.827550e-09	-2.546635e+01	-3.186258e+02
2.880000e-06	-3.658984e-06	-5.136108e-09	-2.600505e+01	-3.389104e+02
2.890000e-06	-3.733374e-06	-5.440405e-09	-2.653376e+01	-3.587897e+02
2.900000e-06	-3.806423e-06	-5.740608e-09	-2.705293e+01	-3.781959e+02
2.910000e-06	-3.878243e-06	-6.032227e-09	-2.756337e+01	-3.970649e+02
2.920000e-06	-3.948587e-06	-6.311433e-09	-2.806332e+01	-4.153385e+02
2.930000e-06	-4.017351e-06	-6.579340e-09	-2.855204e+01	-4.329672e+02
2.940000e-06	-4.084757e-06	-6.839587e-09	-2.903110e+01	-4.499113e+02
2.950000e-06	-4.150755e-06	-7.091397e-09	-2.950016e+01	-4.661407e+02
2.960000e-06	-4.215419e-06	-7.332059e-09	-2.995974e+01	-4.816338e+02
2.970000e-06	-4.278659e-06	-7.559912e-09	-3.040920e+01	-4.963755e+02
2.980000e-06	-4.340154e-06	-7.775445e-09	-3.084626e+01	-5.103552e+02
2.990000e-06	-4.400036e-06	-7.981114e-09	-3.127185e+01	-5.235651e+02
3.000000e-06	-4.458459e-06	-8.175035e-09	-3.168707e+01	-5.360000e+02
3.010000e-06	-4.515389e-06	-8.354615e-09	-3.209169e+01	-5.476579e+02
3.020000e-06	-4.570674e-06	-8.521274e-09	-3.248460e+01	-5.585415e+02
3.030000e-06	-4.624086e-06	-8.676025e-09	-3.286421e+01	-5.686613e+02
3.040000e-06	-4.675644e-06	-8.819281e-09	-3.323064e+01	-5.780372e+02
3.050000e-06	-4.725301e-06	-8.951709e-09	-3.358357e+01	-5.867001e+02
3.060000e-06	-4.772955e-06	-9.074031e-09	-3.392225e+01	-5.946922e+02
3.070000e-06	-4.818877e-06	-9.188535e-09	-3.424862e+01	-6.020646e+02
3.080000e-06	-4.863307e-06	-9.296410e-09	-3.456440e+01	-6.088743e+02
3.090000e-06	-4.906252e-06	-9.394390e-09	-3.486961e+01	-6.151798e+02
3.100000e-06	-4.947665e-06	-9.482915e-09	-3.516395e+01	-6.210359e+02
3.110000e-06	-4.987467e-06	-9.566052e-09	-3.544682e+01	-6.264901e+02
3.120000e-06	-5.025373e-06	-9.644752e-09	-3.571623e+01	-6.315796e+02
3.130000e-06	-5.061381e-06	-9.717215e-09	-3.597215e+01	-6.363309e+02
3.140000e-06	-5.095690e-06	-9.785104e-09	-3.621599e+01	-6.407607e+02
3.150000e-06	-5.128267e-06	-9.849042e-09	-3.644752e+01	-6.448793e+02
3.160000e-06	-5.158906e-06	-9.908281e-09	-3.666527e+01	-6.486934e+02
3.170000e-06	-5.187630e-06	-9.962181e-09	-3.686942e+01	-6.522104e+02
3.180000e-06	-5.214643e-06	-1.000935e-08	-3.706141e+01	-6.554405e+02
3.190000e-06	-5.239886e-06	-1.005423e-08	-3.724081e+01	-6.583985e+02
3.200000e-06	-5.263259e-06	-1.009793e-08	-3.740693e+01	-6.611030e+02
3.210000e-06	-5.284626e-06	-1.014063e-08	-3.755879e+01	-6.635747e+02
3.220000e-06	-5.304096e-06	-1.017851e-08	-3.769716e+01	-6.658346e+02
3.230000e-06	-5.321811e-06	-1.021111e-08	-3.782307e+01	-6.679008e+02
3.240000e-06	-5.337731e-06	-1.023896e-08	-3.793621e+01	-6.697875e+02
3.250000e-06	-5.351480e-06	-1.026551e-08	-3.803393e+01	-6.715042e+02
3.260000e-06	-5.362971e-06	-1.029067e-08	-3.811560e+01	-6.730564e+02
3.270000e-06	-5.372570e-06	-1.031194e-08	-3.818382e+01	-6.744477e+02
3.280000e-06	-5.380319e-06	-1.032908e-08	-3.823890e+01	-6.756811e+02
3.290000e-06	-5.386063e-06	-1.034391e-08	-3.827972e+01	-6.767618e+02
3.300000e-06	-5.389935e-06	-1.035828e-08	-3.830723e+01	-6.776973e+02
3.310000e-06	-5.392122e-06	-1.037051e-08	-3.832278e+01	-6.784971e+02
3.320000e-06	-5.392500e-06	-1.038238e-08	-3.832547e+01	-6.791716e+02
