2.764730e+02
2.884658e+02
2.948580e+02
3.010996e+02
3.053128e+02
3.095673e+02
3.125032e+02
3.212727e+02
3.239866e+02
3.289481e+02
3.319198e+02
3.332152e+02
3.371752e+02
3.408206e+02
3.451087e+02
3.496470e+02
3.522144e+02
3.551434e+02
3.589337e+02
3.647963e+02
3.660048e+02
3.701407e+02
3.735737e+02
3.771337e+02
3.831941e+02
3.859241e+02
3.944413e+02
3.993401e+02
4.021164e+02
4.073611e+02
4.101301e+02
4.131972e+02
4.184436e+02
4.232285e+02
4.271213e+02
4.300715e+02
4.363758e+02
4.391845e+02
4.407256e+02
4.460994e+02
4.511377e+02
4.519648e+02
4.568232e+02
4.578816e+02
4.611436e+02
4.627633e+02
