2.691111e+02
2.804046e+02
2.863658e+02
2.945197e+02
2.993924e+02
3.038033e+02
3.085585e+02
3.109766e+02
3.147215e+02
3.181993e+02
3.203558e+02
3.239527e+02
3.277846e+02
3.326075e+02
3.351000e+02
3.378914e+02
3.414895e+02
3.445113e+02
3.496602e+02
3.521852e+02
3.558584e+02
3.588231e+02
3.653066e+02
3.691884e+02
3.740139e+02
3.773857e+02
3.811064e+02
3.862784e+02
3.885338e+02
3.934208e+02
3.959113e+02
4.006679e+02
4.042254e+02
4.100258e+02
4.144310e+02
4.178301e+02
4.209885e+02
4.273939e+02
4.300325e+02
4.348105e+02
4.398730e+02
4.472495e+02
4.541154e+02
4.554357e+02
4.621605e+02
4.631637e+02
4.691767e+02
4.713631e+02
4.723986e+02
4.757288e+02
4.749731e+02
4.738383e+02
4.754318e+02
4.701957e+02
4.670064e+02
4.634768e+02
