# Temperatura_=_55.89
# Concentracion g/m^3_=_24000.0
# C_Vs_to_Am_M_A/Vsm_=_65563218390.804596
# pendiente_HvsI_1/m_=_3716.3
# ordenada_HvsI_A/m_=_1297.0
# frecuencia_Hz_=_301517.7853493219

Tiempo_(s)	Campo_(V.s)	Magnetizacion_(V.s)	Campo_(kA/m)	Magnetizacion_(A/m)
0.000000e+00	-8.343232e-06	-1.948995e-08	-5.765247e+01	-1.276085e+03
1.000000e-08	-8.339840e-06	-1.949153e-08	-5.762904e+01	-1.275882e+03
2.000000e-08	-8.333803e-06	-1.948889e-08	-5.758732e+01	-1.275673e+03
3.000000e-08	-8.324972e-06	-1.948867e-08	-5.752630e+01	-1.275475e+03
4.000000e-08	-8.313173e-06	-1.948752e-08	-5.744476e+01	-1.275285e+03
5.000000e-08	-8.298358e-06	-1.948067e-08	-5.734239e+01	-1.275085e+03
6.000000e-08	-8.280644e-06	-1.946907e-08	-5.721998e+01	-1.274847e+03
7.000000e-08	-8.260394e-06	-1.944463e-08	-5.708006e+01	-1.274544e+03
8.000000e-08	-8.237441e-06	-1.949075e-08	-5.692145e+01	-1.274158e+03
9.000000e-08	-8.211133e-06	-1.953039e-08	-5.673966e+01	-1.273687e+03
1.000000e-07	-8.181490e-06	-1.947763e-08	-5.653482e+01	-1.273149e+03
1.100000e-07	-8.148913e-06	-1.944900e-08	-5.630971e+01	-1.272572e+03
1.200000e-07	-8.113501e-06	-1.945270e-08	-5.606501e+01	-1.271994e+03
1.300000e-07	-8.075527e-06	-1.941661e-08	-5.580261e+01	-1.271447e+03
1.400000e-07	-8.035307e-06	-1.933143e-08	-5.552469e+01	-1.270948e+03
1.500000e-07	-7.992583e-06	-1.940541e-08	-5.522946e+01	-1.270496e+03
1.600000e-07	-7.946905e-06	-1.942192e-08	-5.491382e+01	-1.270072e+03
1.700000e-07	-7.898359e-06	-1.927309e-08	-5.457836e+01	-1.269642e+03
1.800000e-07	-7.846787e-06	-1.938235e-08	-5.422199e+01	-1.269163e+03
1.900000e-07	-7.792112e-06	-1.939643e-08	-5.384418e+01	-1.268599e+03
2.000000e-07	-7.734590e-06	-1.938699e-08	-5.344670e+01	-1.267922e+03
2.100000e-07	-7.674260e-06	-1.939391e-08	-5.302982e+01	-1.267123e+03
2.200000e-07	-7.611257e-06	-1.930830e-08	-5.259446e+01	-1.266208e+03
2.300000e-07	-7.545471e-06	-1.933805e-08	-5.213987e+01	-1.265193e+03
2.400000e-07	-7.476774e-06	-1.928363e-08	-5.166517e+01	-1.264102e+03
2.500000e-07	-7.405314e-06	-1.930080e-08	-5.117138e+01	-1.262959e+03
2.600000e-07	-7.331054e-06	-1.926827e-08	-5.065824e+01	-1.261780e+03
2.700000e-07	-7.253972e-06	-1.921825e-08	-5.012559e+01	-1.260571e+03
2.800000e-07	-7.174001e-06	-1.917597e-08	-4.957299e+01	-1.259332e+03
2.900000e-07	-7.091342e-06	-1.915283e-08	-4.900180e+01	-1.258056e+03
3.000000e-07	-7.006399e-06	-1.920608e-08	-4.841484e+01	-1.256734e+03
3.100000e-07	-6.919119e-06	-1.914280e-08	-4.781172e+01	-1.255359e+03
3.200000e-07	-6.829379e-06	-1.913283e-08	-4.719161e+01	-1.253927e+03
3.300000e-07	-6.737163e-06	-1.912366e-08	-4.655439e+01	-1.252439e+03
3.400000e-07	-6.642531e-06	-1.909648e-08	-4.590048e+01	-1.250893e+03
3.500000e-07	-6.545480e-06	-1.905601e-08	-4.522985e+01	-1.249290e+03
3.600000e-07	-6.445971e-06	-1.901765e-08	-4.454223e+01	-1.247624e+03
3.700000e-07	-6.344215e-06	-1.901426e-08	-4.383909e+01	-1.245890e+03
3.800000e-07	-6.240242e-06	-1.899391e-08	-4.312063e+01	-1.244077e+03
3.900000e-07	-6.133933e-06	-1.896964e-08	-4.238602e+01	-1.242177e+03
4.000000e-07	-6.025410e-06	-1.891710e-08	-4.163612e+01	-1.240188e+03
4.100000e-07	-5.914769e-06	-1.889584e-08	-4.087158e+01	-1.238113e+03
4.200000e-07	-5.801887e-06	-1.886556e-08	-4.009155e+01	-1.235964e+03
4.300000e-07	-5.686694e-06	-1.882754e-08	-3.929556e+01	-1.233755e+03
4.400000e-07	-5.569313e-06	-1.879133e-08	-3.848445e+01	-1.231503e+03
4.500000e-07	-5.449844e-06	-1.877053e-08	-3.765890e+01	-1.229217e+03
4.600000e-07	-5.328378e-06	-1.873377e-08	-3.681957e+01	-1.226899e+03
4.700000e-07	-5.204990e-06	-1.867851e-08	-3.596694e+01	-1.224539e+03
4.800000e-07	-5.079784e-06	-1.863659e-08	-3.510175e+01	-1.222117e+03
4.900000e-07	-4.952786e-06	-1.860711e-08	-3.422419e+01	-1.219610e+03
5.000000e-07	-4.823984e-06	-1.857279e-08	-3.333416e+01	-1.216994e+03
5.100000e-07	-4.693484e-06	-1.852432e-08	-3.243239e+01	-1.214255e+03
5.200000e-07	-4.561255e-06	-1.848156e-08	-3.151867e+01	-1.211388e+03
5.300000e-07	-4.427300e-06	-1.842733e-08	-3.059304e+01	-1.208404e+03
5.400000e-07	-4.291774e-06	-1.837435e-08	-2.965654e+01	-1.205319e+03
5.500000e-07	-4.154684e-06	-1.833041e-08	-2.870923e+01	-1.202154e+03
5.600000e-07	-4.016079e-06	-1.829548e-08	-2.775146e+01	-1.198923e+03
5.700000e-07	-3.875871e-06	-1.824230e-08	-2.678261e+01	-1.195626e+03
5.800000e-07	-3.733969e-06	-1.818849e-08	-2.580205e+01	-1.192252e+03
5.900000e-07	-3.590668e-06	-1.814765e-08	-2.481183e+01	-1.188774e+03
6.000000e-07	-3.446090e-06	-1.809389e-08	-2.381279e+01	-1.185157e+03
6.100000e-07	-3.300202e-06	-1.801794e-08	-2.280469e+01	-1.181370e+03
6.200000e-07	-3.153115e-06	-1.794353e-08	-2.178830e+01	-1.177393e+03
6.300000e-07	-3.005061e-06	-1.789293e-08	-2.076524e+01	-1.173224e+03
6.400000e-07	-2.856056e-06	-1.783161e-08	-1.973560e+01	-1.168876e+03
6.500000e-07	-2.705971e-06	-1.775668e-08	-1.869850e+01	-1.164379e+03
6.600000e-07	-2.554919e-06	-1.768099e-08	-1.765472e+01	-1.159763e+03
6.700000e-07	-2.403056e-06	-1.761511e-08	-1.660533e+01	-1.155052e+03
6.800000e-07	-2.250350e-06	-1.754728e-08	-1.555011e+01	-1.150250e+03
6.900000e-07	-2.096730e-06	-1.747269e-08	-1.448859e+01	-1.145340e+03
7.000000e-07	-1.942244e-06	-1.739647e-08	-1.342108e+01	-1.140280e+03
7.100000e-07	-1.787153e-06	-1.731107e-08	-1.234938e+01	-1.135016e+03
7.200000e-07	-1.631566e-06	-1.722191e-08	-1.127427e+01	-1.129494e+03
7.300000e-07	-1.475316e-06	-1.712735e-08	-1.019457e+01	-1.123670e+03
7.400000e-07	-1.318413e-06	-1.703082e-08	-9.110349e+00	-1.117527e+03
7.500000e-07	-1.160925e-06	-1.692938e-08	-8.022092e+00	-1.111070e+03
7.600000e-07	-1.002991e-06	-1.682996e-08	-6.930756e+00	-1.104327e+03
7.700000e-07	-8.447284e-07	-1.673052e-08	-5.837148e+00	-1.097330e+03
7.800000e-07	-6.861163e-07	-1.662272e-08	-4.741125e+00	-1.090100e+03
7.900000e-07	-5.272893e-07	-1.650535e-08	-3.643616e+00	-1.082626e+03
8.000000e-07	-3.683719e-07	-1.638291e-08	-2.545482e+00	-1.074861e+03
8.100000e-07	-2.093694e-07	-1.626031e-08	-1.446761e+00	-1.066711e+03
8.200000e-07	-5.031140e-08	-1.612693e-08	-3.476562e-01	-1.058055e+03
8.300000e-07	1.087844e-07	-1.597990e-08	7.517100e-01	-1.048754e+03
8.400000e-07	2.678448e-07	-1.582130e-08	1.850831e+00	-1.038684e+03
8.500000e-07	4.268108e-07	-1.565681e-08	2.949300e+00	-1.027747e+03
8.600000e-07	5.856400e-07	-1.547961e-08	4.046824e+00	-1.015889e+03
8.700000e-07	7.443286e-07	-1.528434e-08	5.143377e+00	-1.003099e+03
8.800000e-07	9.028551e-07	-1.507429e-08	6.238809e+00	-9.893933e+02
8.900000e-07	1.061075e-06	-1.485436e-08	7.332125e+00	-9.747958e+02
9.000000e-07	1.218847e-06	-1.462272e-08	8.422338e+00	-9.593090e+02
9.100000e-07	1.376058e-06	-1.436946e-08	9.508684e+00	-9.428939e+02
9.200000e-07	1.532654e-06	-1.409745e-08	1.059078e+01	-9.254590e+02
9.300000e-07	1.688620e-06	-1.380750e-08	1.166851e+01	-9.068630e+02
9.400000e-07	1.844009e-06	-1.350039e-08	1.274227e+01	-8.869311e+02
9.500000e-07	1.998789e-06	-1.317013e-08	1.381181e+01	-8.654774e+02
9.600000e-07	2.152880e-06	-1.281612e-08	1.487659e+01	-8.423251e+02
9.700000e-07	2.306222e-06	-1.243755e-08	1.593620e+01	-8.173150e+02
9.800000e-07	2.458624e-06	-1.202997e-08	1.698931e+01	-7.902944e+02
9.900000e-07	2.610095e-06	-1.158847e-08	1.803599e+01	-7.610849e+02
1.000000e-06	2.760704e-06	-1.110301e-08	1.907671e+01	-7.294350e+02
1.010000e-06	2.910291e-06	-1.057181e-08	2.011037e+01	-6.949665e+02
1.020000e-06	3.058723e-06	-9.987306e-09	2.113605e+01	-6.571345e+02
1.030000e-06	3.206096e-06	-9.340910e-09	2.215441e+01	-6.152136e+02
1.040000e-06	3.352433e-06	-8.616549e-09	2.316561e+01	-5.683276e+02
1.050000e-06	3.497494e-06	-7.801064e-09	2.416799e+01	-5.155251e+02
1.060000e-06	3.641297e-06	-6.888965e-09	2.516169e+01	-4.558989e+02
1.070000e-06	3.783877e-06	-5.867766e-09	2.614692e+01	-3.887316e+02
1.080000e-06	3.924982e-06	-4.726082e-09	2.712197e+01	-3.136472e+02
1.090000e-06	4.064547e-06	-3.458247e-09	2.808638e+01	-2.307378e+02
1.100000e-06	4.202628e-06	-2.076531e-09	2.904053e+01	-1.406421e+02
1.110000e-06	4.339104e-06	-6.018536e-10	2.998360e+01	-4.455525e+01
1.120000e-06	4.473980e-06	9.380222e-10	3.091560e+01	5.583555e+01
1.130000e-06	4.607287e-06	2.511679e-09	3.183676e+01	1.584852e+02
1.140000e-06	4.738934e-06	4.081659e-09	3.274645e+01	2.611737e+02
1.150000e-06	4.868917e-06	5.609325e-09	3.364465e+01	3.617113e+02
1.160000e-06	4.997145e-06	7.066338e-09	3.453071e+01	4.581332e+02
1.170000e-06	5.123566e-06	8.433424e-09	3.540430e+01	5.488549e+02
1.180000e-06	5.248175e-06	9.697946e-09	3.626535e+01	6.327675e+02
1.190000e-06	5.370940e-06	1.085163e-08	3.711367e+01	7.092639e+02
1.200000e-06	5.491786e-06	1.189241e-08	3.794873e+01	7.781991e+02
1.210000e-06	5.610624e-06	1.282535e-08	3.876991e+01	8.398006e+02
1.220000e-06	5.727344e-06	1.366146e-08	3.957645e+01	8.945505e+02
1.230000e-06	5.841838e-06	1.440346e-08	4.036762e+01	9.430641e+02
1.240000e-06	5.954115e-06	1.505392e-08	4.114346e+01	9.859849e+02
1.250000e-06	6.064251e-06	1.562236e-08	4.190451e+01	1.023913e+03
1.260000e-06	6.172227e-06	1.612029e-08	4.265064e+01	1.057368e+03
1.270000e-06	6.277975e-06	1.655633e-08	4.338136e+01	1.086787e+03
1.280000e-06	6.381484e-06	1.693760e-08	4.409662e+01	1.112544e+03
1.290000e-06	6.482707e-06	1.727121e-08	4.479608e+01	1.134978e+03
1.300000e-06	6.581593e-06	1.756278e-08	4.547939e+01	1.154422e+03
1.310000e-06	6.678049e-06	1.781753e-08	4.614591e+01	1.171215e+03
1.320000e-06	6.772170e-06	1.804006e-08	4.679630e+01	1.185703e+03
1.330000e-06	6.864016e-06	1.823428e-08	4.743096e+01	1.198225e+03
1.340000e-06	6.953421e-06	1.840140e-08	4.804875e+01	1.209092e+03
1.350000e-06	7.040332e-06	1.854443e-08	4.864932e+01	1.218570e+03
1.360000e-06	7.124758e-06	1.866973e-08	4.923271e+01	1.226869e+03
1.370000e-06	7.206640e-06	1.877648e-08	4.979852e+01	1.234137e+03
1.380000e-06	7.285945e-06	1.886556e-08	5.034652e+01	1.240476e+03
1.390000e-06	7.362633e-06	1.894165e-08	5.087644e+01	1.245962e+03
1.400000e-06	7.436510e-06	1.901069e-08	5.138694e+01	1.250659e+03
1.410000e-06	7.507656e-06	1.907449e-08	5.187857e+01	1.254643e+03
1.420000e-06	7.576219e-06	1.913007e-08	5.235235e+01	1.258004e+03
1.430000e-06	7.642041e-06	1.917600e-08	5.280718e+01	1.260850e+03
1.440000e-06	7.705149e-06	1.921537e-08	5.324326e+01	1.263293e+03
1.450000e-06	7.765643e-06	1.924983e-08	5.366128e+01	1.265435e+03
1.460000e-06	7.823353e-06	1.927889e-08	5.406006e+01	1.267355e+03
1.470000e-06	7.878209e-06	1.930427e-08	5.443912e+01	1.269102e+03
1.480000e-06	7.930038e-06	1.932584e-08	5.479726e+01	1.270691e+03
1.490000e-06	7.978660e-06	1.934516e-08	5.513325e+01	1.272110e+03
1.500000e-06	8.024334e-06	1.936263e-08	5.544886e+01	1.273340e+03
1.510000e-06	8.067224e-06	1.937821e-08	5.574523e+01	1.274363e+03
1.520000e-06	8.107234e-06	1.939114e-08	5.602171e+01	1.275179e+03
1.530000e-06	8.144448e-06	1.940106e-08	5.627885e+01	1.275807e+03
1.540000e-06	8.178894e-06	1.940931e-08	5.651688e+01	1.276291e+03
1.550000e-06	8.210388e-06	1.941795e-08	5.673451e+01	1.276683e+03
1.560000e-06	8.239068e-06	1.942800e-08	5.693269e+01	1.277037e+03
1.570000e-06	8.264788e-06	1.943617e-08	5.711042e+01	1.277391e+03
1.580000e-06	8.287436e-06	1.944233e-08	5.726692e+01	1.277763e+03
1.590000e-06	8.307257e-06	1.944834e-08	5.740388e+01	1.278145e+03
1.600000e-06	8.324140e-06	1.945498e-08	5.752055e+01	1.278507e+03
1.610000e-06	8.338004e-06	1.945900e-08	5.761635e+01	1.278814e+03
1.620000e-06	8.348651e-06	1.946197e-08	5.768992e+01	1.279029e+03
1.630000e-06	8.356125e-06	1.946504e-08	5.774156e+01	1.279131e+03
1.640000e-06	8.360722e-06	1.946661e-08	5.777333e+01	1.279118e+03
1.650000e-06	8.362376e-06	1.947037e-08	5.778476e+01	1.279007e+03
1.660000e-06	8.361186e-06	1.946806e-08	5.777654e+01	1.278831e+03
1.670000e-06	8.357290e-06	1.946665e-08	5.774962e+01	1.278625e+03
1.680000e-06	8.350571e-06	1.946548e-08	5.770319e+01	1.278417e+03
1.690000e-06	8.341068e-06	1.946033e-08	5.763752e+01	1.278220e+03
1.700000e-06	8.328656e-06	1.945455e-08	5.755175e+01	1.278030e+03
1.710000e-06	8.313330e-06	1.945759e-08	5.744585e+01	1.277825e+03
1.720000e-06	8.295539e-06	1.947268e-08	5.732291e+01	1.277577e+03
1.730000e-06	8.275363e-06	1.943343e-08	5.718349e+01	1.277260e+03
1.740000e-06	8.252156e-06	1.934661e-08	5.702313e+01	1.276858e+03
1.750000e-06	8.225280e-06	1.939026e-08	5.683741e+01	1.276373e+03
1.760000e-06	8.194696e-06	1.940937e-08	5.662607e+01	1.275824e+03
1.770000e-06	8.161061e-06	1.936695e-08	5.639365e+01	1.275244e+03
1.780000e-06	8.125037e-06	1.940216e-08	5.614473e+01	1.274670e+03
1.790000e-06	8.086610e-06	1.949711e-08	5.587919e+01	1.274129e+03
1.800000e-06	8.045904e-06	1.937041e-08	5.559791e+01	1.273639e+03
1.810000e-06	8.002723e-06	1.939304e-08	5.529953e+01	1.273194e+03
1.820000e-06	7.956682e-06	1.944233e-08	5.498138e+01	1.272772e+03
1.830000e-06	7.907761e-06	1.933781e-08	5.464333e+01	1.272335e+03
1.840000e-06	7.855734e-06	1.942427e-08	5.428382e+01	1.271843e+03
1.850000e-06	7.800683e-06	1.927706e-08	5.390341e+01	1.271260e+03
1.860000e-06	7.742826e-06	1.935734e-08	5.350361e+01	1.270562e+03
1.870000e-06	7.682241e-06	1.939990e-08	5.308497e+01	1.269741e+03
1.880000e-06	7.618871e-06	1.932862e-08	5.264707e+01	1.268805e+03
1.890000e-06	7.552580e-06	1.940401e-08	5.218900e+01	1.267775e+03
1.900000e-06	7.483453e-06	1.924726e-08	5.171133e+01	1.266673e+03
1.910000e-06	7.411427e-06	1.929526e-08	5.121362e+01	1.265522e+03
1.920000e-06	7.336599e-06	1.928523e-08	5.069655e+01	1.264336e+03
1.930000e-06	7.258983e-06	1.932425e-08	5.016022e+01	1.263122e+03
1.940000e-06	7.178603e-06	1.931660e-08	4.960478e+01	1.261877e+03
1.950000e-06	7.095733e-06	1.918414e-08	4.903214e+01	1.260593e+03
1.960000e-06	7.010313e-06	1.925455e-08	4.844188e+01	1.259261e+03
1.970000e-06	6.922319e-06	1.916807e-08	4.783384e+01	1.257876e+03
1.980000e-06	6.831862e-06	1.919445e-08	4.720877e+01	1.256434e+03
1.990000e-06	6.739016e-06	1.913635e-08	4.656720e+01	1.254935e+03
2.000000e-06	6.643754e-06	1.913425e-08	4.590893e+01	1.253379e+03
2.010000e-06	6.546176e-06	1.915116e-08	4.523466e+01	1.251764e+03
2.020000e-06	6.446312e-06	1.908806e-08	4.454459e+01	1.250087e+03
2.030000e-06	6.344018e-06	1.905323e-08	4.383773e+01	1.248338e+03
2.040000e-06	6.239407e-06	1.896742e-08	4.311486e+01	1.246510e+03
2.050000e-06	6.132621e-06	1.898679e-08	4.237695e+01	1.244594e+03
2.060000e-06	6.023694e-06	1.895656e-08	4.162426e+01	1.242589e+03
2.070000e-06	5.912594e-06	1.895997e-08	4.085655e+01	1.240499e+03
2.080000e-06	5.799262e-06	1.890460e-08	4.007341e+01	1.238338e+03
2.090000e-06	5.683641e-06	1.885104e-08	3.927446e+01	1.236120e+03
2.100000e-06	5.565828e-06	1.880829e-08	3.846037e+01	1.233860e+03
2.110000e-06	5.445933e-06	1.879374e-08	3.763188e+01	1.231569e+03
2.120000e-06	5.324050e-06	1.878526e-08	3.678966e+01	1.229244e+03
2.130000e-06	5.200284e-06	1.872791e-08	3.593443e+01	1.226874e+03
2.140000e-06	5.074632e-06	1.867999e-08	3.506616e+01	1.224439e+03
2.150000e-06	4.947156e-06	1.863633e-08	3.418528e+01	1.221913e+03
2.160000e-06	4.817863e-06	1.861115e-08	3.329186e+01	1.219276e+03
2.170000e-06	4.686847e-06	1.855975e-08	3.238653e+01	1.216513e+03
2.180000e-06	4.554183e-06	1.852891e-08	3.146981e+01	1.213624e+03
2.190000e-06	4.419924e-06	1.849650e-08	3.054207e+01	1.210620e+03
2.200000e-06	4.284031e-06	1.845492e-08	2.960303e+01	1.207519e+03
2.210000e-06	4.146475e-06	1.839225e-08	2.865251e+01	1.204341e+03
2.220000e-06	4.007356e-06	1.834036e-08	2.769118e+01	1.201098e+03
2.230000e-06	3.866735e-06	1.828466e-08	2.671948e+01	1.197789e+03
2.240000e-06	3.724698e-06	1.822352e-08	2.573799e+01	1.194398e+03
2.250000e-06	3.581354e-06	1.817214e-08	2.474748e+01	1.190897e+03
2.260000e-06	3.436721e-06	1.812965e-08	2.374804e+01	1.187251e+03
2.270000e-06	3.290760e-06	1.807452e-08	2.273944e+01	1.183431e+03
2.280000e-06	3.143613e-06	1.799952e-08	2.172264e+01	1.179419e+03
2.290000e-06	2.995304e-06	1.793410e-08	2.069782e+01	1.175216e+03
2.300000e-06	2.845909e-06	1.787956e-08	1.966548e+01	1.170839e+03
2.310000e-06	2.695605e-06	1.782653e-08	1.862687e+01	1.166318e+03
2.320000e-06	2.544529e-06	1.775896e-08	1.758292e+01	1.161683e+03
2.330000e-06	2.392520e-06	1.767923e-08	1.653253e+01	1.156956e+03
2.340000e-06	2.239508e-06	1.758998e-08	1.547520e+01	1.152137e+03
2.350000e-06	2.085693e-06	1.750523e-08	1.441232e+01	1.147203e+03
2.360000e-06	1.931155e-06	1.743223e-08	1.334445e+01	1.142110e+03
2.370000e-06	1.775970e-06	1.735915e-08	1.227211e+01	1.136804e+03
2.380000e-06	1.620217e-06	1.727396e-08	1.119584e+01	1.131229e+03
2.390000e-06	1.463911e-06	1.718643e-08	1.011576e+01	1.125349e+03
2.400000e-06	1.306958e-06	1.710310e-08	9.031199e+00	1.119148e+03
2.410000e-06	1.149384e-06	1.701225e-08	7.942346e+00	1.112638e+03
2.420000e-06	9.913614e-07	1.690511e-08	6.850395e+00	1.105847e+03
2.430000e-06	8.329988e-07	1.678861e-08	5.756096e+00	1.098807e+03
2.440000e-06	6.743756e-07	1.667609e-08	4.659995e+00	1.091534e+03
2.450000e-06	5.155877e-07	1.656682e-08	3.562756e+00	1.084013e+03
2.460000e-06	3.566426e-07	1.644819e-08	2.464432e+00	1.076186e+03
2.470000e-06	1.975576e-07	1.631485e-08	1.365141e+00	1.067956e+03
2.480000e-06	3.845281e-08	1.617505e-08	2.657123e-01	1.059194e+03
2.490000e-06	-1.206248e-07	1.603607e-08	-8.335282e-01	1.049764e+03
2.500000e-06	-2.797006e-07	1.589225e-08	-1.932756e+00	1.039544e+03
2.510000e-06	-4.386942e-07	1.572913e-08	-3.031416e+00	1.028445e+03
2.520000e-06	-5.975617e-07	1.554059e-08	-4.129204e+00	1.016420e+03
2.530000e-06	-7.562757e-07	1.533559e-08	-5.225932e+00	1.003464e+03
2.540000e-06	-9.146988e-07	1.512240e-08	-6.320650e+00	9.895980e+02
2.550000e-06	-1.072684e-06	1.490207e-08	-7.412342e+00	9.748420e+02
2.560000e-06	-1.230166e-06	1.466769e-08	-8.500554e+00	9.591934e+02
2.570000e-06	-1.387112e-06	1.441439e-08	-9.585068e+00	9.426041e+02
2.580000e-06	-1.543442e-06	1.414286e-08	-1.066532e+01	9.249730e+02
2.590000e-06	-1.699168e-06	1.385532e-08	-1.174140e+01	9.061515e+02
2.600000e-06	-1.854363e-06	1.354775e-08	-1.281381e+01	8.859611e+02
2.610000e-06	-2.009021e-06	1.321279e-08	-1.388251e+01	8.642161e+02
2.620000e-06	-2.162990e-06	1.285252e-08	-1.494646e+01	8.407429e+02
2.630000e-06	-2.316034e-06	1.247116e-08	-1.600400e+01	8.153848e+02
2.640000e-06	-2.468106e-06	1.206339e-08	-1.705483e+01	7.879874e+02
2.650000e-06	-2.619325e-06	1.161794e-08	-1.809977e+01	7.583632e+02
2.660000e-06	-2.769682e-06	1.112969e-08	-1.913875e+01	7.262417e+02
2.670000e-06	-2.919024e-06	1.059581e-08	-2.017071e+01	6.912174e+02
2.680000e-06	-3.067267e-06	1.000644e-08	-2.119509e+01	6.527130e+02
2.690000e-06	-3.214472e-06	9.352857e-09	-2.221229e+01	6.099728e+02
2.700000e-06	-3.360570e-06	8.623974e-09	-2.322183e+01	5.621001e+02
2.710000e-06	-3.505389e-06	7.803523e-09	-2.422255e+01	5.081419e+02
2.720000e-06	-3.648951e-06	6.879382e-09	-2.521457e+01	4.472133e+02
2.730000e-06	-3.791256e-06	5.843647e-09	-2.619791e+01	3.786474e+02
2.740000e-06	-3.932032e-06	4.692101e-09	-2.717069e+01	3.021435e+02
2.750000e-06	-4.071248e-06	3.422194e-09	-2.813269e+01	2.178872e+02
2.760000e-06	-4.209036e-06	2.038114e-09	-2.908481e+01	1.266181e+02
2.770000e-06	-4.345223e-06	5.580518e-10	-3.002587e+01	2.962623e+01
2.780000e-06	-4.479805e-06	-9.886752e-10	-3.095585e+01	-7.132597e+01
2.790000e-06	-4.612781e-06	-2.565557e-09	-3.187472e+01	-1.741476e+02
2.800000e-06	-4.744153e-06	-4.134255e-09	-3.278252e+01	-2.766089e+02
2.810000e-06	-4.873905e-06	-5.662703e-09	-3.367912e+01	-3.765469e+02
2.820000e-06	-5.001852e-06	-7.125261e-09	-3.456324e+01	-4.720547e+02
2.830000e-06	-5.128069e-06	-8.497261e-09	-3.543541e+01	-5.616276e+02
2.840000e-06	-5.252532e-06	-9.761029e-09	-3.629546e+01	-6.442467e+02
2.850000e-06	-5.375098e-06	-1.091146e-08	-3.714240e+01	-7.193917e+02
2.860000e-06	-5.495637e-06	-1.195072e-08	-3.797534e+01	-7.869920e+02
2.870000e-06	-5.614086e-06	-1.288176e-08	-3.879383e+01	-8.473297e+02
2.880000e-06	-5.730414e-06	-1.371113e-08	-3.959767e+01	-9.009193e+02
2.890000e-06	-5.844407e-06	-1.444506e-08	-4.038537e+01	-9.483878e+02
2.900000e-06	-5.956053e-06	-1.509622e-08	-4.115686e+01	-9.903755e+02
2.910000e-06	-6.065517e-06	-1.567541e-08	-4.191326e+01	-1.027469e+03
2.920000e-06	-6.172860e-06	-1.618212e-08	-4.265501e+01	-1.060174e+03
2.930000e-06	-6.278072e-06	-1.662042e-08	-4.338203e+01	-1.088914e+03
2.940000e-06	-6.381081e-06	-1.700018e-08	-4.409384e+01	-1.114053e+03
2.950000e-06	-6.481790e-06	-1.733428e-08	-4.478975e+01	-1.135929e+03
2.960000e-06	-6.580207e-06	-1.762877e-08	-4.546982e+01	-1.154875e+03
2.970000e-06	-6.676338e-06	-1.788487e-08	-4.613408e+01	-1.171232e+03
2.980000e-06	-6.770083e-06	-1.810648e-08	-4.678188e+01	-1.185345e+03
2.990000e-06	-6.861459e-06	-1.829793e-08	-4.741329e+01	-1.197549e+03
3.000000e-06	-6.950513e-06	-1.846520e-08	-4.802866e+01	-1.208151e+03
3.010000e-06	-7.037094e-06	-1.861027e-08	-4.862694e+01	-1.217406e+03
3.020000e-06	-7.121108e-06	-1.873404e-08	-4.920749e+01	-1.225511e+03
3.030000e-06	-7.202628e-06	-1.884056e-08	-4.977080e+01	-1.232607e+03
3.040000e-06	-7.281555e-06	-1.893110e-08	-5.031619e+01	-1.238790e+03
3.050000e-06	-7.357669e-06	-1.901035e-08	-5.084215e+01	-1.244130e+03
3.060000e-06	-7.430972e-06	-1.907922e-08	-5.134868e+01	-1.248695e+03
3.070000e-06	-7.501558e-06	-1.913781e-08	-5.183643e+01	-1.252560e+03
3.080000e-06	-7.569436e-06	-1.918767e-08	-5.230547e+01	-1.255822e+03
3.090000e-06	-7.634701e-06	-1.923453e-08	-5.275646e+01	-1.258588e+03
3.100000e-06	-7.697300e-06	-1.927743e-08	-5.318902e+01	-1.260970e+03
3.110000e-06	-7.757091e-06	-1.931214e-08	-5.360219e+01	-1.263068e+03
3.120000e-06	-7.814046e-06	-1.934001e-08	-5.399575e+01	-1.264956e+03
3.130000e-06	-7.868043e-06	-1.936309e-08	-5.436888e+01	-1.266674e+03
3.140000e-06	-7.918998e-06	-1.938269e-08	-5.472098e+01	-1.268234e+03
3.150000e-06	-7.966863e-06	-1.940273e-08	-5.505173e+01	-1.269622e+03
3.160000e-06	-8.011864e-06	-1.942261e-08	-5.536269e+01	-1.270816e+03
3.170000e-06	-8.054293e-06	-1.943846e-08	-5.565588e+01	-1.271802e+03
3.180000e-06	-8.093979e-06	-1.945118e-08	-5.593011e+01	-1.272582e+03
3.190000e-06	-8.130738e-06	-1.946267e-08	-5.618412e+01	-1.273182e+03
3.200000e-06	-8.164735e-06	-1.947148e-08	-5.641905e+01	-1.273645e+03
3.210000e-06	-8.195884e-06	-1.947678e-08	-5.663428e+01	-1.274027e+03
3.220000e-06	-8.224023e-06	-1.948153e-08	-5.682872e+01	-1.274379e+03
3.230000e-06	-8.249298e-06	-1.948618e-08	-5.700338e+01	-1.274737e+03
3.240000e-06	-8.271657e-06	-1.949076e-08	-5.715788e+01	-1.275112e+03
3.250000e-06	-8.291113e-06	-1.949493e-08	-5.729233e+01	-1.275493e+03
3.260000e-06	-8.307710e-06	-1.949789e-08	-5.740701e+01	-1.275849e+03
3.270000e-06	-8.321136e-06	-1.949772e-08	-5.749979e+01	-1.276142e+03
3.280000e-06	-8.331331e-06	-1.949817e-08	-5.757024e+01	-1.276338e+03
3.290000e-06	-8.338525e-06	-1.949817e-08	-5.761995e+01	-1.276420e+03
3.300000e-06	-8.342815e-06	-1.949636e-08	-5.764959e+01	-1.276388e+03
3.310000e-06	-8.344243e-06	-1.949014e-08	-5.765946e+01	-1.276263e+03
