# Temperatura_=_55.77090909090909
# Concentracion g/m^3_=_24000.0
# C_Vs_to_Am_M_A/Vsm_=_65563218390.804596
# pendiente_HvsI_1/m_=_3716.3
# ordenada_HvsI_A/m_=_1297.0
# frecuencia_Hz_=_301445.33653174795
# Promedio de 11 ciclos

Tiempo_(s)	Campo_(V.s)	Magnetizacion_(V.s)	Campo_(kA/m)	Magnetizacion_(A/m)
0.000000e+00	-8.135826e-09	-2.014335e-08	-5.767235e+01	-1.319934e+03
1.000000e-08	-8.132861e-09	-2.014372e-08	-5.765133e+01	-1.319856e+03
2.000000e-08	-8.127230e-09	-2.014044e-08	-5.761142e+01	-1.319733e+03
3.000000e-08	-8.118985e-09	-2.014014e-08	-5.755297e+01	-1.319579e+03
4.000000e-08	-8.107893e-09	-2.013959e-08	-5.747434e+01	-1.319406e+03
5.000000e-08	-8.093834e-09	-2.013411e-08	-5.737469e+01	-1.319218e+03
6.000000e-08	-8.076861e-09	-2.012746e-08	-5.725437e+01	-1.319015e+03
7.000000e-08	-8.057372e-09	-2.011398e-08	-5.711622e+01	-1.318793e+03
8.000000e-08	-8.035516e-09	-2.012776e-08	-5.696130e+01	-1.318545e+03
9.000000e-08	-8.010771e-09	-2.018726e-08	-5.678589e+01	-1.318264e+03
1.000000e-07	-7.982769e-09	-2.015491e-08	-5.658739e+01	-1.317944e+03
1.100000e-07	-7.951716e-09	-2.010597e-08	-5.636727e+01	-1.317582e+03
1.200000e-07	-7.917839e-09	-2.010254e-08	-5.612713e+01	-1.317174e+03
1.300000e-07	-7.881235e-09	-2.009749e-08	-5.586766e+01	-1.316718e+03
1.400000e-07	-7.842187e-09	-2.006536e-08	-5.559086e+01	-1.316212e+03
1.500000e-07	-7.800823e-09	-2.001619e-08	-5.529764e+01	-1.315654e+03
1.600000e-07	-7.756975e-09	-2.008272e-08	-5.498682e+01	-1.315046e+03
1.700000e-07	-7.710354e-09	-2.005484e-08	-5.465635e+01	-1.314389e+03
1.800000e-07	-7.660862e-09	-1.997929e-08	-5.430552e+01	-1.313687e+03
1.900000e-07	-7.608473e-09	-2.006825e-08	-5.393414e+01	-1.312946e+03
2.000000e-07	-7.553135e-09	-2.003379e-08	-5.354188e+01	-1.312174e+03
2.100000e-07	-7.494972e-09	-2.000767e-08	-5.312958e+01	-1.311377e+03
2.200000e-07	-7.434160e-09	-2.001128e-08	-5.269851e+01	-1.310558e+03
2.300000e-07	-7.370796e-09	-1.999420e-08	-5.224934e+01	-1.309715e+03
2.400000e-07	-7.304738e-09	-2.000645e-08	-5.178108e+01	-1.308842e+03
2.500000e-07	-7.235901e-09	-1.993788e-08	-5.129311e+01	-1.307928e+03
2.600000e-07	-7.164365e-09	-1.993737e-08	-5.078602e+01	-1.306961e+03
2.700000e-07	-7.090081e-09	-1.991172e-08	-5.025945e+01	-1.305930e+03
2.800000e-07	-7.013023e-09	-1.989816e-08	-4.971321e+01	-1.304831e+03
2.900000e-07	-6.933204e-09	-1.987544e-08	-4.914740e+01	-1.303663e+03
3.000000e-07	-6.850791e-09	-1.985686e-08	-4.856321e+01	-1.302435e+03
3.100000e-07	-6.766089e-09	-1.986628e-08	-4.796278e+01	-1.301158e+03
3.200000e-07	-6.679117e-09	-1.981189e-08	-4.734627e+01	-1.299845e+03
3.300000e-07	-6.589777e-09	-1.981086e-08	-4.671296e+01	-1.298508e+03
3.400000e-07	-6.498060e-09	-1.979966e-08	-4.606282e+01	-1.297149e+03
3.500000e-07	-6.404034e-09	-1.977778e-08	-4.539629e+01	-1.295765e+03
3.600000e-07	-6.307711e-09	-1.974195e-08	-4.471349e+01	-1.294343e+03
3.700000e-07	-6.209073e-09	-1.971571e-08	-4.401428e+01	-1.292865e+03
3.800000e-07	-6.108187e-09	-1.970348e-08	-4.329913e+01	-1.291316e+03
3.900000e-07	-6.005091e-09	-1.966997e-08	-4.256832e+01	-1.289680e+03
4.000000e-07	-5.899807e-09	-1.963965e-08	-4.182199e+01	-1.287954e+03
4.100000e-07	-5.792410e-09	-1.960606e-08	-4.106069e+01	-1.286143e+03
4.200000e-07	-5.682976e-09	-1.959884e-08	-4.028495e+01	-1.284258e+03
4.300000e-07	-5.571453e-09	-1.957042e-08	-3.949440e+01	-1.282317e+03
4.400000e-07	-5.457756e-09	-1.953124e-08	-3.868844e+01	-1.280333e+03
4.500000e-07	-5.341940e-09	-1.949524e-08	-3.786746e+01	-1.278315e+03
4.600000e-07	-5.224070e-09	-1.946908e-08	-3.703192e+01	-1.276260e+03
4.700000e-07	-5.104226e-09	-1.943675e-08	-3.618238e+01	-1.274156e+03
4.800000e-07	-4.982539e-09	-1.940077e-08	-3.531978e+01	-1.271980e+03
4.900000e-07	-4.859054e-09	-1.937224e-08	-3.444444e+01	-1.269711e+03
5.000000e-07	-4.733836e-09	-1.933450e-08	-3.355681e+01	-1.267328e+03
5.100000e-07	-4.606964e-09	-1.928759e-08	-3.265746e+01	-1.264823e+03
5.200000e-07	-4.478430e-09	-1.923964e-08	-3.174632e+01	-1.262198e+03
5.300000e-07	-4.348244e-09	-1.920447e-08	-3.082347e+01	-1.259466e+03
5.400000e-07	-4.216490e-09	-1.916190e-08	-2.988951e+01	-1.256648e+03
5.500000e-07	-4.083236e-09	-1.911390e-08	-2.894491e+01	-1.253764e+03
5.600000e-07	-3.948478e-09	-1.907137e-08	-2.798966e+01	-1.250828e+03
5.700000e-07	-3.812247e-09	-1.903439e-08	-2.702396e+01	-1.247840e+03
5.800000e-07	-3.674613e-09	-1.898681e-08	-2.604832e+01	-1.244787e+03
5.900000e-07	-3.535578e-09	-1.893574e-08	-2.506275e+01	-1.241641e+03
6.000000e-07	-3.395095e-09	-1.889089e-08	-2.406691e+01	-1.238370e+03
6.100000e-07	-3.253186e-09	-1.883940e-08	-2.306096e+01	-1.234945e+03
6.200000e-07	-3.110019e-09	-1.877735e-08	-2.204610e+01	-1.231344e+03
6.300000e-07	-2.965735e-09	-1.871450e-08	-2.102331e+01	-1.227562e+03
6.400000e-07	-2.820377e-09	-1.865719e-08	-1.999292e+01	-1.223608e+03
6.500000e-07	-2.673989e-09	-1.859179e-08	-1.895521e+01	-1.219502e+03
6.600000e-07	-2.526658e-09	-1.852270e-08	-1.791083e+01	-1.215270e+03
6.700000e-07	-2.378517e-09	-1.845901e-08	-1.686070e+01	-1.210930e+03
6.800000e-07	-2.229603e-09	-1.839946e-08	-1.580510e+01	-1.206487e+03
6.900000e-07	-2.079939e-09	-1.833165e-08	-1.474418e+01	-1.201927e+03
7.000000e-07	-1.929554e-09	-1.825527e-08	-1.367815e+01	-1.197221e+03
7.100000e-07	-1.778452e-09	-1.817987e-08	-1.260703e+01	-1.192330e+03
7.200000e-07	-1.626690e-09	-1.810199e-08	-1.153124e+01	-1.187209e+03
7.300000e-07	-1.474345e-09	-1.801771e-08	-1.045132e+01	-1.181827e+03
7.400000e-07	-1.321474e-09	-1.792734e-08	-9.367658e+00	-1.176162e+03
7.500000e-07	-1.168107e-09	-1.783492e-08	-8.280490e+00	-1.170214e+03
7.600000e-07	-1.014297e-09	-1.773883e-08	-7.190180e+00	-1.163990e+03
7.700000e-07	-8.601107e-10	-1.763933e-08	-6.097203e+00	-1.157504e+03
7.800000e-07	-7.056291e-10	-1.753760e-08	-5.002132e+00	-1.150755e+03
7.900000e-07	-5.509131e-10	-1.743304e-08	-3.905399e+00	-1.143723e+03
8.000000e-07	-3.960008e-10	-1.732364e-08	-2.807274e+00	-1.136357e+03
8.100000e-07	-2.409534e-10	-1.720643e-08	-1.708191e+00	-1.128574e+03
8.200000e-07	-8.581230e-11	-1.707996e-08	-6.084435e-01	-1.120269e+03
8.300000e-07	6.938363e-11	-1.694005e-08	4.916927e-01	-1.111325e+03
8.400000e-07	2.245389e-10	-1.678626e-08	1.591541e+00	-1.101631e+03
8.500000e-07	3.795829e-10	-1.662195e-08	2.690600e+00	-1.091093e+03
8.600000e-07	5.344921e-10	-1.644922e-08	3.788703e+00	-1.079642e+03
8.700000e-07	6.892293e-10	-1.626267e-08	4.885587e+00	-1.067236e+03
8.800000e-07	8.437332e-10	-1.605860e-08	5.980817e+00	-1.053844e+03
8.900000e-07	9.979223e-10	-1.583960e-08	7.073815e+00	-1.039438e+03
9.000000e-07	1.151712e-09	-1.560601e-08	8.163984e+00	-1.023967e+03
9.100000e-07	1.305062e-09	-1.535434e-08	9.251030e+00	-1.007350e+03
9.200000e-07	1.457936e-09	-1.507987e-08	1.033471e+01	-9.894658e+02
9.300000e-07	1.610282e-09	-1.478209e-08	1.141464e+01	-9.701576e+02
9.400000e-07	1.762036e-09	-1.445969e-08	1.249038e+01	-9.492439e+02
9.500000e-07	1.913142e-09	-1.411038e-08	1.356152e+01	-9.265355e+02
9.600000e-07	2.063546e-09	-1.373119e-08	1.462769e+01	-9.018495e+02
9.700000e-07	2.213199e-09	-1.332198e-08	1.568853e+01	-8.750160e+02
9.800000e-07	2.362056e-09	-1.287968e-08	1.674373e+01	-8.458708e+02
9.900000e-07	2.510072e-09	-1.239900e-08	1.779298e+01	-8.142350e+02
1.000000e-06	2.657197e-09	-1.187565e-08	1.883590e+01	-7.798835e+02
1.010000e-06	2.803378e-09	-1.130653e-08	1.987214e+01	-7.425111e+02
1.020000e-06	2.948559e-09	-1.068221e-08	2.090128e+01	-7.017062e+02
1.030000e-06	3.092687e-09	-9.991934e-09	2.192296e+01	-6.569443e+02
1.040000e-06	3.235688e-09	-9.229895e-09	2.293665e+01	-6.076086e+02
1.050000e-06	3.377467e-09	-8.392086e-09	2.394168e+01	-5.530432e+02
1.060000e-06	3.517952e-09	-7.469637e-09	2.493753e+01	-4.926344e+02
1.070000e-06	3.657078e-09	-6.451680e-09	2.592375e+01	-4.259103e+02
1.080000e-06	3.794794e-09	-5.332974e-09	2.689998e+01	-3.526448e+02
1.090000e-06	3.931082e-09	-4.114768e-09	2.786608e+01	-2.729449e+02
1.100000e-06	4.065926e-09	-2.805518e-09	2.882196e+01	-1.873072e+02
1.110000e-06	4.199330e-09	-1.420522e-09	2.976762e+01	-9.662748e+01
1.120000e-06	4.331233e-09	2.270795e-11	3.070264e+01	-2.161749e+00
1.130000e-06	4.461560e-09	1.502677e-09	3.162649e+01	9.456130e+01
1.140000e-06	4.590308e-09	2.990949e-09	3.253914e+01	1.918621e+02
1.150000e-06	4.717429e-09	4.458534e-09	3.344027e+01	2.880494e+02
1.160000e-06	4.842933e-09	5.878816e-09	3.432993e+01	3.815564e+02
1.170000e-06	4.966757e-09	7.235368e-09	3.520768e+01	4.710533e+02
1.180000e-06	5.088763e-09	8.515644e-09	3.607255e+01	5.555235e+02
1.190000e-06	5.208899e-09	9.709449e-09	3.692415e+01	6.342943e+02
1.200000e-06	5.327122e-09	1.080925e-08	3.776220e+01	7.070252e+02
1.210000e-06	5.443321e-09	1.181675e-08	3.858590e+01	7.736599e+02
1.220000e-06	5.557410e-09	1.273869e-08	3.939464e+01	8.343571e+02
1.230000e-06	5.669412e-09	1.357824e-08	4.018859e+01	8.894138e+02
1.240000e-06	5.779398e-09	1.433557e-08	4.096825e+01	9.391958e+02
1.250000e-06	5.887382e-09	1.501560e-08	4.173372e+01	9.840847e+02
1.260000e-06	5.993239e-09	1.562738e-08	4.248410e+01	1.024446e+03
1.270000e-06	6.096884e-09	1.617519e-08	4.321882e+01	1.060616e+03
1.280000e-06	6.198357e-09	1.666026e-08	4.393813e+01	1.092908e+03
1.290000e-06	6.297610e-09	1.708812e-08	4.464171e+01	1.121621e+03
1.300000e-06	6.394523e-09	1.746803e-08	4.532869e+01	1.147051e+03
1.310000e-06	6.489156e-09	1.780766e-08	4.599952e+01	1.169499e+03
1.320000e-06	6.581583e-09	1.811002e-08	4.665471e+01	1.189268e+03
1.330000e-06	6.671678e-09	1.837615e-08	4.729336e+01	1.206657e+03
1.340000e-06	6.759370e-09	1.861043e-08	4.791499e+01	1.221948e+03
1.350000e-06	6.844766e-09	1.881593e-08	4.852034e+01	1.235394e+03
1.360000e-06	6.927806e-09	1.899672e-08	4.910899e+01	1.247211e+03
1.370000e-06	7.008313e-09	1.915479e-08	4.967968e+01	1.257577e+03
1.380000e-06	7.086266e-09	1.928971e-08	5.023226e+01	1.266637e+03
1.390000e-06	7.161578e-09	1.940418e-08	5.076613e+01	1.274512e+03
1.400000e-06	7.234176e-09	1.950381e-08	5.128076e+01	1.281314e+03
1.410000e-06	7.304198e-09	1.959317e-08	5.177712e+01	1.287152e+03
1.420000e-06	7.371653e-09	1.967013e-08	5.225529e+01	1.292138e+03
1.430000e-06	7.436414e-09	1.973466e-08	5.271436e+01	1.296391e+03
1.440000e-06	7.498580e-09	1.979160e-08	5.315505e+01	1.300029e+03
1.450000e-06	7.558207e-09	1.984325e-08	5.357773e+01	1.303161e+03
1.460000e-06	7.615124e-09	1.988765e-08	5.398119e+01	1.305881e+03
1.470000e-06	7.669236e-09	1.992367e-08	5.436478e+01	1.308262e+03
1.480000e-06	7.720261e-09	1.995306e-08	5.472648e+01	1.310350e+03
1.490000e-06	7.768157e-09	1.997796e-08	5.506600e+01	1.312175e+03
1.500000e-06	7.813310e-09	2.000023e-08	5.538609e+01	1.313751e+03
1.510000e-06	7.855704e-09	2.002000e-08	5.568660e+01	1.315088e+03
1.520000e-06	7.895232e-09	2.003753e-08	5.596681e+01	1.316200e+03
1.530000e-06	7.932089e-09	2.005348e-08	5.622808e+01	1.317110e+03
1.540000e-06	7.966188e-09	2.006786e-08	5.646980e+01	1.317849e+03
1.550000e-06	7.997419e-09	2.008050e-08	5.669119e+01	1.318457e+03
1.560000e-06	8.025948e-09	2.009141e-08	5.689342e+01	1.318973e+03
1.570000e-06	8.051604e-09	2.009990e-08	5.707530e+01	1.319432e+03
1.580000e-06	8.074318e-09	2.010704e-08	5.723631e+01	1.319859e+03
1.590000e-06	8.094308e-09	2.011469e-08	5.737802e+01	1.320263e+03
1.600000e-06	8.111433e-09	2.012235e-08	5.749941e+01	1.320642e+03
1.610000e-06	8.125535e-09	2.012868e-08	5.759938e+01	1.320982e+03
1.620000e-06	8.136517e-09	2.013313e-08	5.767723e+01	1.321267e+03
1.630000e-06	8.144404e-09	2.013789e-08	5.773314e+01	1.321479e+03
1.640000e-06	8.149476e-09	2.014325e-08	5.776910e+01	1.321611e+03
1.650000e-06	8.151685e-09	2.014899e-08	5.778476e+01	1.321660e+03
1.660000e-06	8.151034e-09	2.014647e-08	5.778015e+01	1.321637e+03
1.670000e-06	8.147770e-09	2.014322e-08	5.775701e+01	1.321553e+03
1.680000e-06	8.141790e-09	2.014413e-08	5.771462e+01	1.321425e+03
1.690000e-06	8.133060e-09	2.014178e-08	5.765274e+01	1.321269e+03
1.700000e-06	8.121585e-09	2.013891e-08	5.757140e+01	1.321094e+03
1.710000e-06	8.107220e-09	2.014139e-08	5.746958e+01	1.320905e+03
1.720000e-06	8.090235e-09	2.014682e-08	5.734918e+01	1.320700e+03
1.730000e-06	8.070942e-09	2.014384e-08	5.721242e+01	1.320476e+03
1.740000e-06	8.049049e-09	2.005917e-08	5.705723e+01	1.320224e+03
1.750000e-06	8.023940e-09	2.006027e-08	5.687924e+01	1.319939e+03
1.760000e-06	7.995206e-09	2.010829e-08	5.667556e+01	1.319615e+03
1.770000e-06	7.963093e-09	2.009361e-08	5.644792e+01	1.319248e+03
1.780000e-06	7.928362e-09	2.007770e-08	5.620173e+01	1.318835e+03
1.790000e-06	7.891232e-09	2.013548e-08	5.593853e+01	1.318373e+03
1.800000e-06	7.851699e-09	2.017048e-08	5.565829e+01	1.317862e+03
1.810000e-06	7.810064e-09	2.002865e-08	5.536315e+01	1.317299e+03
1.820000e-06	7.766022e-09	2.011629e-08	5.505096e+01	1.316685e+03
1.830000e-06	7.719163e-09	2.010224e-08	5.471879e+01	1.316023e+03
1.840000e-06	7.669474e-09	2.002684e-08	5.436657e+01	1.315316e+03
1.850000e-06	7.616685e-09	2.007080e-08	5.399236e+01	1.314572e+03
1.860000e-06	7.561008e-09	1.997220e-08	5.359769e+01	1.313797e+03
1.870000e-06	7.502709e-09	2.004592e-08	5.318442e+01	1.312997e+03
1.880000e-06	7.441619e-09	1.998262e-08	5.275138e+01	1.312176e+03
1.890000e-06	7.377810e-09	1.995442e-08	5.229906e+01	1.311330e+03
1.900000e-06	7.311262e-09	2.001900e-08	5.182733e+01	1.310453e+03
1.910000e-06	7.241958e-09	1.994097e-08	5.133606e+01	1.309534e+03
1.920000e-06	7.169856e-09	1.997875e-08	5.082495e+01	1.308560e+03
1.930000e-06	7.095052e-09	1.992708e-08	5.029469e+01	1.307523e+03
1.940000e-06	7.017589e-09	1.995634e-08	4.974558e+01	1.306416e+03
1.950000e-06	6.937427e-09	1.990497e-08	4.917734e+01	1.305241e+03
1.960000e-06	6.854800e-09	1.984790e-08	4.859163e+01	1.304007e+03
1.970000e-06	6.769703e-09	1.989597e-08	4.798840e+01	1.302725e+03
1.980000e-06	6.682088e-09	1.983427e-08	4.736733e+01	1.301409e+03
1.990000e-06	6.592079e-09	1.984229e-08	4.672928e+01	1.300070e+03
2.000000e-06	6.499813e-09	1.978371e-08	4.607525e+01	1.298709e+03
2.010000e-06	6.405289e-09	1.979464e-08	4.540519e+01	1.297321e+03
2.020000e-06	6.308458e-09	1.976872e-08	4.471879e+01	1.295894e+03
2.030000e-06	6.209370e-09	1.973208e-08	4.401639e+01	1.294410e+03
2.040000e-06	6.108027e-09	1.971987e-08	4.329800e+01	1.292851e+03
2.050000e-06	6.004469e-09	1.968946e-08	4.256391e+01	1.291206e+03
2.060000e-06	5.898741e-09	1.967522e-08	4.181444e+01	1.289471e+03
2.070000e-06	5.790959e-09	1.961706e-08	4.105041e+01	1.287651e+03
2.080000e-06	5.681143e-09	1.961040e-08	4.027196e+01	1.285759e+03
2.090000e-06	5.569193e-09	1.957801e-08	3.947838e+01	1.283812e+03
2.100000e-06	5.455053e-09	1.955279e-08	3.866928e+01	1.281825e+03
2.110000e-06	5.338789e-09	1.951614e-08	3.784513e+01	1.279803e+03
2.120000e-06	5.220500e-09	1.949895e-08	3.700662e+01	1.277744e+03
2.130000e-06	5.100232e-09	1.946645e-08	3.615408e+01	1.275633e+03
2.140000e-06	4.978111e-09	1.940950e-08	3.528840e+01	1.273448e+03
2.150000e-06	4.854214e-09	1.936930e-08	3.441013e+01	1.271167e+03
2.160000e-06	4.728591e-09	1.934619e-08	3.351963e+01	1.268772e+03
2.170000e-06	4.601248e-09	1.932317e-08	3.261694e+01	1.266253e+03
2.180000e-06	4.472232e-09	1.927488e-08	3.170238e+01	1.263616e+03
2.190000e-06	4.341641e-09	1.923768e-08	3.077667e+01	1.260873e+03
2.200000e-06	4.209528e-09	1.919909e-08	2.984016e+01	1.258047e+03
2.210000e-06	4.075918e-09	1.915471e-08	2.889304e+01	1.255158e+03
2.220000e-06	3.940839e-09	1.910200e-08	2.793551e+01	1.252217e+03
2.230000e-06	3.804257e-09	1.906174e-08	2.696732e+01	1.249223e+03
2.240000e-06	3.666218e-09	1.901255e-08	2.598881e+01	1.246160e+03
2.250000e-06	3.526856e-09	1.895342e-08	2.500092e+01	1.243003e+03
2.260000e-06	3.386194e-09	1.889875e-08	2.400381e+01	1.239717e+03
2.270000e-06	3.244249e-09	1.885373e-08	2.299761e+01	1.236273e+03
2.280000e-06	3.101042e-09	1.880128e-08	2.198246e+01	1.232653e+03
2.290000e-06	2.956682e-09	1.874193e-08	2.095914e+01	1.228852e+03
2.300000e-06	2.811260e-09	1.869106e-08	1.992829e+01	1.224880e+03
2.310000e-06	2.664844e-09	1.863843e-08	1.889039e+01	1.220760e+03
2.320000e-06	2.517493e-09	1.857151e-08	1.784587e+01	1.216516e+03
2.330000e-06	2.369288e-09	1.849443e-08	1.679529e+01	1.212165e+03
2.340000e-06	2.220244e-09	1.842396e-08	1.573877e+01	1.207709e+03
2.350000e-06	2.070399e-09	1.835528e-08	1.467656e+01	1.203136e+03
2.360000e-06	1.919870e-09	1.828225e-08	1.360951e+01	1.198412e+03
2.370000e-06	1.768701e-09	1.820662e-08	1.253792e+01	1.193498e+03
2.380000e-06	1.616911e-09	1.812918e-08	1.146192e+01	1.188351e+03
2.390000e-06	1.464521e-09	1.804746e-08	1.038168e+01	1.182939e+03
2.400000e-06	1.311563e-09	1.796268e-08	9.297406e+00	1.177244e+03
2.410000e-06	1.158108e-09	1.787916e-08	8.209612e+00	1.171265e+03
2.420000e-06	1.004237e-09	1.779093e-08	7.118867e+00	1.165013e+03
2.430000e-06	8.500264e-10	1.768936e-08	6.025715e+00	1.158498e+03
2.440000e-06	6.955400e-10	1.757857e-08	4.930609e+00	1.151721e+03
2.450000e-06	5.408044e-10	1.746723e-08	3.833737e+00	1.144656e+03
2.460000e-06	3.858748e-10	1.735534e-08	2.735490e+00	1.137250e+03
2.470000e-06	2.308124e-10	1.723478e-08	1.636301e+00	1.129416e+03
2.480000e-06	7.566740e-11	1.710587e-08	5.365277e-01	1.121048e+03
2.490000e-06	-7.949595e-11	1.697164e-08	-5.633754e-01	1.112029e+03
2.500000e-06	-2.345982e-10	1.682813e-08	-1.662846e+00	1.102248e+03
2.510000e-06	-3.895886e-10	1.666698e-08	-2.761524e+00	1.091615e+03
2.520000e-06	-5.444271e-10	1.648793e-08	-3.859126e+00	1.080064e+03
2.530000e-06	-6.990473e-10	1.629490e-08	-4.955180e+00	1.067553e+03
2.540000e-06	-8.534038e-10	1.608967e-08	-6.049366e+00	1.054055e+03
2.550000e-06	-1.007472e-09	1.587099e-08	-7.141507e+00	1.039537e+03
2.560000e-06	-1.161150e-09	1.563636e-08	-8.230888e+00	1.023948e+03
2.570000e-06	-1.314355e-09	1.538240e-08	-9.316914e+00	1.007201e+03
2.580000e-06	-1.467071e-09	1.510392e-08	-1.039947e+01	9.891729e+02
2.590000e-06	-1.619246e-09	1.480368e-08	-1.147819e+01	9.697016e+02
2.600000e-06	-1.770816e-09	1.448168e-08	-1.255262e+01	9.486046e+02
2.610000e-06	-1.921734e-09	1.413448e-08	-1.362244e+01	9.256928e+02
2.620000e-06	-2.071975e-09	1.375582e-08	-1.468745e+01	9.007847e+02
2.630000e-06	-2.221456e-09	1.334390e-08	-1.574707e+01	8.737113e+02
2.640000e-06	-2.370124e-09	1.289994e-08	-1.680093e+01	8.443084e+02
2.650000e-06	-2.517994e-09	1.241781e-08	-1.784914e+01	8.123934e+02
2.660000e-06	-2.664977e-09	1.189129e-08	-1.889105e+01	7.777345e+02
2.670000e-06	-2.810989e-09	1.131658e-08	-1.992609e+01	7.400160e+02
2.680000e-06	-2.956021e-09	1.068904e-08	-2.095418e+01	6.988142e+02
2.690000e-06	-3.099995e-09	9.999670e-09	-2.197477e+01	6.535929e+02
2.700000e-06	-3.242786e-09	9.238516e-09	-2.298697e+01	6.037283e+02
2.710000e-06	-3.384313e-09	8.398010e-09	-2.399021e+01	5.485645e+02
2.720000e-06	-3.524563e-09	7.469605e-09	-2.498440e+01	4.874980e+02
2.730000e-06	-3.663483e-09	6.446675e-09	-2.596916e+01	4.200786e+02
2.740000e-06	-3.801004e-09	5.327559e-09	-2.694401e+01	3.461120e+02
2.750000e-06	-3.937107e-09	4.111922e-09	-2.790880e+01	2.657450e+02
2.760000e-06	-4.071755e-09	2.803506e-09	-2.886328e+01	1.795173e+02
2.770000e-06	-4.204933e-09	1.413485e-09	-2.980734e+01	8.836619e+01
2.780000e-06	-4.336630e-09	-3.568686e-11	-3.074090e+01	-6.418333e+00
2.790000e-06	-4.466817e-09	-1.516129e-09	-3.166375e+01	-1.032850e+02
2.800000e-06	-4.595490e-09	-3.003201e-09	-3.257588e+01	-2.005463e+02
2.810000e-06	-4.722531e-09	-4.471555e-09	-3.347644e+01	-2.965181e+02
2.820000e-06	-4.847841e-09	-5.897220e-09	-3.436472e+01	-3.896540e+02
2.830000e-06	-4.971425e-09	-7.258680e-09	-3.524077e+01	-4.786551e+02
2.840000e-06	-5.093263e-09	-8.540540e-09	-3.610445e+01	-5.625407e+02
2.850000e-06	-5.213260e-09	-9.734625e-09	-3.695507e+01	-6.406752e+02
2.860000e-06	-5.331244e-09	-1.083802e-08	-3.779143e+01	-7.127513e+02
2.870000e-06	-5.447108e-09	-1.185109e-08	-3.861275e+01	-7.787392e+02
2.880000e-06	-5.560767e-09	-1.277505e-08	-3.941844e+01	-8.388161e+02
2.890000e-06	-5.672198e-09	-1.361492e-08	-4.020834e+01	-8.932895e+02
2.900000e-06	-5.781517e-09	-1.437424e-08	-4.098327e+01	-9.425291e+02
2.910000e-06	-5.888879e-09	-1.505767e-08	-4.174433e+01	-9.869159e+02
2.920000e-06	-5.994289e-09	-1.567218e-08	-4.249155e+01	-1.026812e+03
2.930000e-06	-6.097536e-09	-1.622138e-08	-4.322344e+01	-1.062553e+03
2.940000e-06	-6.198496e-09	-1.670832e-08	-4.393912e+01	-1.094447e+03
2.950000e-06	-6.297264e-09	-1.713947e-08	-4.463925e+01	-1.122794e+03
2.960000e-06	-6.393921e-09	-1.752370e-08	-4.532442e+01	-1.147890e+03
2.970000e-06	-6.488312e-09	-1.786671e-08	-4.599354e+01	-1.170036e+03
2.980000e-06	-6.580339e-09	-1.816937e-08	-4.664589e+01	-1.189537e+03
2.990000e-06	-6.670113e-09	-1.843358e-08	-4.728228e+01	-1.206688e+03
3.000000e-06	-6.757588e-09	-1.866520e-08	-4.790236e+01	-1.221770e+03
3.010000e-06	-6.842596e-09	-1.887017e-08	-4.850495e+01	-1.235032e+03
3.020000e-06	-6.925153e-09	-1.905119e-08	-4.909018e+01	-1.246685e+03
3.030000e-06	-7.005313e-09	-1.920860e-08	-4.965841e+01	-1.256905e+03
3.040000e-06	-7.082824e-09	-1.934295e-08	-5.020787e+01	-1.265832e+03
3.050000e-06	-7.157560e-09	-1.945822e-08	-5.073765e+01	-1.273587e+03
3.060000e-06	-7.229665e-09	-1.955862e-08	-5.124878e+01	-1.280281e+03
3.070000e-06	-7.299136e-09	-1.964733e-08	-5.174124e+01	-1.286021e+03
3.080000e-06	-7.365999e-09	-1.972320e-08	-5.221522e+01	-1.290923e+03
3.090000e-06	-7.430336e-09	-1.978731e-08	-5.267128e+01	-1.295105e+03
3.100000e-06	-7.492008e-09	-1.984305e-08	-5.310846e+01	-1.298684e+03
3.110000e-06	-7.550958e-09	-1.989319e-08	-5.352634e+01	-1.301768e+03
3.120000e-06	-7.607231e-09	-1.993645e-08	-5.392525e+01	-1.304449e+03
3.130000e-06	-7.660639e-09	-1.997171e-08	-5.430384e+01	-1.306796e+03
3.140000e-06	-7.710974e-09	-2.000120e-08	-5.466065e+01	-1.308855e+03
3.150000e-06	-7.758201e-09	-2.002692e-08	-5.499543e+01	-1.310653e+03
3.160000e-06	-7.802669e-09	-2.004851e-08	-5.531065e+01	-1.312202e+03
3.170000e-06	-7.844677e-09	-2.006669e-08	-5.560844e+01	-1.313515e+03
3.180000e-06	-7.884021e-09	-2.008256e-08	-5.588733e+01	-1.314604e+03
3.190000e-06	-7.920551e-09	-2.009544e-08	-5.614629e+01	-1.315494e+03
3.200000e-06	-7.954348e-09	-2.010677e-08	-5.638587e+01	-1.316217e+03
3.210000e-06	-7.985340e-09	-2.011682e-08	-5.660557e+01	-1.316813e+03
3.220000e-06	-8.013412e-09	-2.012442e-08	-5.680456e+01	-1.317322e+03
3.230000e-06	-8.038677e-09	-2.012930e-08	-5.698366e+01	-1.317777e+03
3.240000e-06	-8.061114e-09	-2.013290e-08	-5.714271e+01	-1.318201e+03
3.250000e-06	-8.080694e-09	-2.013617e-08	-5.728151e+01	-1.318603e+03
3.260000e-06	-8.097484e-09	-2.013948e-08	-5.740053e+01	-1.318978e+03
3.270000e-06	-8.111216e-09	-2.014118e-08	-5.749788e+01	-1.319313e+03
3.280000e-06	-8.121810e-09	-2.014272e-08	-5.757297e+01	-1.319591e+03
3.290000e-06	-8.129503e-09	-2.014403e-08	-5.762752e+01	-1.319795e+03
3.300000e-06	-8.134309e-09	-2.014420e-08	-5.766158e+01	-1.319918e+03
3.310000e-06	-8.136289e-09	-2.014140e-08	-5.767562e+01	-1.319959e+03
