# Temperatura_=_65.46
# Concentracion g/m^3_=_32800.0
# C_Vs_to_Am_M_A/Vsm_=_65563218390.804596
# pendiente_HvsI_1/m_=_3716.3
# ordenada_HvsI_A/m_=_1297.0
# frecuencia_Hz_=_301122.878810257

Tiempo_(s)	Campo_(V.s)	Magnetizacion_(V.s)	Campo_(kA/m)	Magnetizacion_(A/m)
0.000000e+00	-6.768757e-06	-1.785374e-08	-4.747506e+01	-1.166918e+03
1.000000e-08	-6.765896e-06	-1.785984e-08	-4.745499e+01	-1.167085e+03
2.000000e-08	-6.760723e-06	-1.786049e-08	-4.741871e+01	-1.167165e+03
3.000000e-08	-6.753445e-06	-1.786094e-08	-4.736766e+01	-1.167173e+03
4.000000e-08	-6.743896e-06	-1.785778e-08	-4.730069e+01	-1.167123e+03
5.000000e-08	-6.731896e-06	-1.785198e-08	-4.721652e+01	-1.167024e+03
6.000000e-08	-6.717439e-06	-1.784299e-08	-4.711513e+01	-1.166878e+03
7.000000e-08	-6.700547e-06	-1.782348e-08	-4.699664e+01	-1.166677e+03
8.000000e-08	-6.681403e-06	-1.782693e-08	-4.686237e+01	-1.166406e+03
9.000000e-08	-6.659920e-06	-1.787664e-08	-4.671169e+01	-1.166047e+03
1.000000e-07	-6.635714e-06	-1.784547e-08	-4.654191e+01	-1.165587e+03
1.100000e-07	-6.608792e-06	-1.778902e-08	-4.635309e+01	-1.165024e+03
1.200000e-07	-6.579674e-06	-1.779932e-08	-4.614886e+01	-1.164366e+03
1.300000e-07	-6.548769e-06	-1.781244e-08	-4.593210e+01	-1.163635e+03
1.400000e-07	-6.516084e-06	-1.777593e-08	-4.570285e+01	-1.162865e+03
1.500000e-07	-6.481290e-06	-1.782726e-08	-4.545881e+01	-1.162090e+03
1.600000e-07	-6.444318e-06	-1.776149e-08	-4.519949e+01	-1.161337e+03
1.700000e-07	-6.405314e-06	-1.761343e-08	-4.492593e+01	-1.160623e+03
1.800000e-07	-6.363985e-06	-1.772021e-08	-4.463605e+01	-1.159944e+03
1.900000e-07	-6.320176e-06	-1.769197e-08	-4.432878e+01	-1.159274e+03
2.000000e-07	-6.274082e-06	-1.767541e-08	-4.400548e+01	-1.158576e+03
2.100000e-07	-6.225554e-06	-1.773763e-08	-4.366512e+01	-1.157799e+03
2.200000e-07	-6.174389e-06	-1.766591e-08	-4.330625e+01	-1.156897e+03
2.300000e-07	-6.120706e-06	-1.766099e-08	-4.292973e+01	-1.155834e+03
2.400000e-07	-6.064717e-06	-1.762784e-08	-4.253703e+01	-1.154595e+03
2.500000e-07	-6.006526e-06	-1.756513e-08	-4.212888e+01	-1.153184e+03
2.600000e-07	-5.946160e-06	-1.752936e-08	-4.170549e+01	-1.151624e+03
2.700000e-07	-5.883688e-06	-1.752065e-08	-4.126732e+01	-1.149955e+03
2.800000e-07	-5.819145e-06	-1.755529e-08	-4.081462e+01	-1.148214e+03
2.900000e-07	-5.752423e-06	-1.751717e-08	-4.034664e+01	-1.146436e+03
3.000000e-07	-5.683541e-06	-1.748008e-08	-3.986351e+01	-1.144639e+03
3.100000e-07	-5.612622e-06	-1.741771e-08	-3.936610e+01	-1.142824e+03
3.200000e-07	-5.539726e-06	-1.737747e-08	-3.885482e+01	-1.140974e+03
3.300000e-07	-5.464734e-06	-1.739905e-08	-3.832884e+01	-1.139062e+03
3.400000e-07	-5.387506e-06	-1.736354e-08	-3.778717e+01	-1.137054e+03
3.500000e-07	-5.308038e-06	-1.733182e-08	-3.722979e+01	-1.134926e+03
3.600000e-07	-5.226475e-06	-1.727216e-08	-3.665772e+01	-1.132661e+03
3.700000e-07	-5.143189e-06	-1.721061e-08	-3.607357e+01	-1.130262e+03
3.800000e-07	-5.058253e-06	-1.716635e-08	-3.547783e+01	-1.127742e+03
3.900000e-07	-4.971658e-06	-1.714434e-08	-3.487047e+01	-1.125126e+03
4.000000e-07	-4.883381e-06	-1.714409e-08	-3.425131e+01	-1.122440e+03
4.100000e-07	-4.793254e-06	-1.710929e-08	-3.361918e+01	-1.119705e+03
4.200000e-07	-4.701367e-06	-1.705971e-08	-3.297469e+01	-1.116931e+03
4.300000e-07	-4.607855e-06	-1.699050e-08	-3.231881e+01	-1.114113e+03
4.400000e-07	-4.512717e-06	-1.693780e-08	-3.165153e+01	-1.111236e+03
4.500000e-07	-4.415974e-06	-1.689350e-08	-3.097299e+01	-1.108274e+03
4.600000e-07	-4.317546e-06	-1.685005e-08	-3.028263e+01	-1.105205e+03
4.700000e-07	-4.217504e-06	-1.681980e-08	-2.958095e+01	-1.102010e+03
4.800000e-07	-4.116005e-06	-1.677516e-08	-2.886905e+01	-1.098681e+03
4.900000e-07	-4.013053e-06	-1.671326e-08	-2.814696e+01	-1.095222e+03
5.000000e-07	-3.908720e-06	-1.664439e-08	-2.741519e+01	-1.091648e+03
5.100000e-07	-3.803008e-06	-1.658546e-08	-2.667374e+01	-1.087978e+03
5.200000e-07	-3.695718e-06	-1.652825e-08	-2.592122e+01	-1.084231e+03
5.300000e-07	-3.587030e-06	-1.648167e-08	-2.515890e+01	-1.080421e+03
5.400000e-07	-3.477199e-06	-1.643866e-08	-2.438856e+01	-1.076548e+03
5.500000e-07	-3.366204e-06	-1.636794e-08	-2.361006e+01	-1.072604e+03
5.600000e-07	-3.253994e-06	-1.627536e-08	-2.282303e+01	-1.068572e+03
5.700000e-07	-3.140505e-06	-1.620078e-08	-2.202704e+01	-1.064432e+03
5.800000e-07	-3.025657e-06	-1.615585e-08	-2.122151e+01	-1.060163e+03
5.900000e-07	-2.909499e-06	-1.610562e-08	-2.040679e+01	-1.055754e+03
6.000000e-07	-2.792261e-06	-1.603570e-08	-1.958451e+01	-1.051199e+03
6.100000e-07	-2.674100e-06	-1.595942e-08	-1.875574e+01	-1.046505e+03
6.200000e-07	-2.555059e-06	-1.588477e-08	-1.792081e+01	-1.041683e+03
6.300000e-07	-2.435082e-06	-1.580185e-08	-1.707930e+01	-1.036743e+03
6.400000e-07	-2.314212e-06	-1.571241e-08	-1.623154e+01	-1.031694e+03
6.500000e-07	-2.192493e-06	-1.563226e-08	-1.537782e+01	-1.026538e+03
6.600000e-07	-2.069907e-06	-1.556108e-08	-1.451802e+01	-1.021267e+03
6.700000e-07	-1.946495e-06	-1.549053e-08	-1.365242e+01	-1.015866e+03
6.800000e-07	-1.822364e-06	-1.540931e-08	-1.278179e+01	-1.010316e+03
6.900000e-07	-1.697591e-06	-1.530996e-08	-1.190665e+01	-1.004600e+03
7.000000e-07	-1.572304e-06	-1.520477e-08	-1.102791e+01	-9.987028e+02
7.100000e-07	-1.446522e-06	-1.511340e-08	-1.014569e+01	-9.926189e+02
7.200000e-07	-1.320186e-06	-1.503539e-08	-9.259590e+00	-9.863493e+02
7.300000e-07	-1.193384e-06	-1.494570e-08	-8.370218e+00	-9.798993e+02
7.400000e-07	-1.066176e-06	-1.483256e-08	-7.477999e+00	-9.732741e+02
7.500000e-07	-9.385828e-07	-1.471365e-08	-6.583081e+00	-9.664734e+02
7.600000e-07	-8.106493e-07	-1.460168e-08	-5.685774e+00	-9.594864e+02
7.700000e-07	-6.824033e-07	-1.449161e-08	-4.786276e+00	-9.522890e+02
7.800000e-07	-5.538725e-07	-1.438273e-08	-3.884780e+00	-9.448437e+02
7.900000e-07	-4.251761e-07	-1.427420e-08	-2.982122e+00	-9.371023e+02
8.000000e-07	-2.964064e-07	-1.415565e-08	-2.078951e+00	-9.290099e+02
8.100000e-07	-1.675265e-07	-1.402338e-08	-1.175006e+00	-9.205101e+02
8.200000e-07	-3.859105e-08	-1.388017e-08	-2.706719e-01	-9.115499e+02
8.300000e-07	9.027656e-08	-1.372772e-08	6.331864e-01	-9.020822e+02
8.400000e-07	2.191099e-07	-1.357182e-08	1.536804e+00	-8.920668e+02
8.500000e-07	3.479383e-07	-1.341461e-08	2.440388e+00	-8.814689e+02
8.600000e-07	4.766617e-07	-1.324757e-08	3.343234e+00	-8.702565e+02
8.700000e-07	6.052116e-07	-1.306445e-08	4.244865e+00	-8.583974e+02
8.800000e-07	7.335867e-07	-1.286849e-08	5.145268e+00	-8.458569e+02
8.900000e-07	8.617080e-07	-1.266501e-08	6.043892e+00	-8.325968e+02
9.000000e-07	9.894938e-07	-1.245507e-08	6.940163e+00	-8.185757e+02
9.100000e-07	1.116916e-06	-1.223480e-08	7.833880e+00	-8.037511e+02
9.200000e-07	1.243944e-06	-1.199800e-08	8.724841e+00	-7.880805e+02
9.300000e-07	1.370524e-06	-1.174406e-08	9.612649e+00	-7.715233e+02
9.400000e-07	1.496618e-06	-1.147522e-08	1.049705e+01	-7.540402e+02
9.500000e-07	1.622219e-06	-1.119109e-08	1.137800e+01	-7.355913e+02
9.600000e-07	1.747363e-06	-1.089167e-08	1.225574e+01	-7.161331e+02
9.700000e-07	1.872032e-06	-1.057792e-08	1.313015e+01	-6.956136e+02
9.800000e-07	1.996075e-06	-1.024986e-08	1.400018e+01	-6.739688e+02
9.900000e-07	2.119452e-06	-9.903914e-09	1.486552e+01	-6.511188e+02
1.000000e-06	2.242052e-06	-9.534631e-09	1.572542e+01	-6.269666e+02
1.010000e-06	2.363662e-06	-9.142444e-09	1.657837e+01	-6.013969e+02
1.020000e-06	2.484346e-06	-8.729240e-09	1.742483e+01	-5.742776e+02
1.030000e-06	2.604182e-06	-8.292957e-09	1.826535e+01	-5.454601e+02
1.040000e-06	2.723082e-06	-7.825813e-09	1.909929e+01	-5.147803e+02
1.050000e-06	2.841026e-06	-7.325752e-09	1.992653e+01	-4.820590e+02
1.060000e-06	2.957963e-06	-6.789677e-09	2.074671e+01	-4.471024e+02
1.070000e-06	3.073754e-06	-6.215164e-09	2.155885e+01	-4.097041e+02
1.080000e-06	3.188250e-06	-5.599417e-09	2.236192e+01	-3.696494e+02
1.090000e-06	3.301309e-06	-4.941258e-09	2.315489e+01	-3.267246e+02
1.100000e-06	3.413120e-06	-4.239655e-09	2.393912e+01	-2.807321e+02
1.110000e-06	3.523838e-06	-3.489465e-09	2.471568e+01	-2.315105e+02
1.120000e-06	3.633397e-06	-2.684970e-09	2.548411e+01	-1.789603e+02
1.130000e-06	3.741839e-06	-1.826256e-09	2.624470e+01	-1.230705e+02
1.140000e-06	3.848997e-06	-9.193599e-10	2.699630e+01	-6.394400e+01
1.150000e-06	3.954599e-06	3.019993e-11	2.773697e+01	-1.816993e+00
1.160000e-06	4.058691e-06	1.017011e-09	2.846706e+01	6.293158e+01
1.170000e-06	4.161376e-06	2.035352e-09	2.918727e+01	1.297829e+02
1.180000e-06	4.262644e-06	3.077305e-09	2.989755e+01	1.980950e+02
1.190000e-06	4.362502e-06	4.129589e-09	3.059795e+01	2.671314e+02
1.200000e-06	4.460664e-06	5.178585e-09	3.128644e+01	3.361002e+02
1.210000e-06	4.557052e-06	6.216902e-09	3.196249e+01	4.041978e+02
1.220000e-06	4.651819e-06	7.231009e-09	3.262717e+01	4.706536e+02
1.230000e-06	4.745012e-06	8.205596e-09	3.328081e+01	5.347691e+02
1.240000e-06	4.836706e-06	9.131675e-09	3.392394e+01	5.959499e+02
1.250000e-06	4.926637e-06	1.000554e-08	3.455470e+01	6.537252e+02
1.260000e-06	5.014693e-06	1.082462e-08	3.517232e+01	7.077570e+02
1.270000e-06	5.101036e-06	1.158308e-08	3.577791e+01	7.578378e+02
1.280000e-06	5.185733e-06	1.227746e-08	3.637196e+01	8.038799e+02
1.290000e-06	5.268654e-06	1.291032e-08	3.695356e+01	8.458991e+02
1.300000e-06	5.349593e-06	1.348348e-08	3.752126e+01	8.839952e+02
1.310000e-06	5.428555e-06	1.400105e-08	3.807508e+01	9.183316e+02
1.320000e-06	5.505671e-06	1.446511e-08	3.861596e+01	9.491172e+02
1.330000e-06	5.580685e-06	1.487871e-08	3.914210e+01	9.765896e+02
1.340000e-06	5.653486e-06	1.524767e-08	3.965271e+01	1.001002e+03
1.350000e-06	5.724272e-06	1.557398e-08	4.014919e+01	1.022613e+03
1.360000e-06	5.793098e-06	1.585815e-08	4.063193e+01	1.041677e+03
1.370000e-06	5.859871e-06	1.610527e-08	4.110027e+01	1.058440e+03
1.380000e-06	5.924468e-06	1.632371e-08	4.155334e+01	1.073136e+03
1.390000e-06	5.986995e-06	1.651828e-08	4.199190e+01	1.085985e+03
1.400000e-06	6.047635e-06	1.668967e-08	4.241721e+01	1.097191e+03
1.410000e-06	6.106162e-06	1.683769e-08	4.282772e+01	1.106945e+03
1.420000e-06	6.162383e-06	1.696546e-08	4.322204e+01	1.115424e+03
1.430000e-06	6.216378e-06	1.707625e-08	4.360075e+01	1.122793e+03
1.440000e-06	6.267857e-06	1.717320e-08	4.396182e+01	1.129206e+03
1.450000e-06	6.316706e-06	1.725637e-08	4.430444e+01	1.134801e+03
1.460000e-06	6.363211e-06	1.732858e-08	4.463062e+01	1.139704e+03
1.470000e-06	6.407630e-06	1.739304e-08	4.494217e+01	1.144023e+03
1.480000e-06	6.449777e-06	1.745016e-08	4.523778e+01	1.147847e+03
1.490000e-06	6.489499e-06	1.750170e-08	4.551639e+01	1.151248e+03
1.500000e-06	6.527015e-06	1.754782e-08	4.577952e+01	1.154277e+03
1.510000e-06	6.562353e-06	1.758887e-08	4.602737e+01	1.156973e+03
1.520000e-06	6.595303e-06	1.762555e-08	4.625848e+01	1.159362e+03
1.530000e-06	6.625944e-06	1.765853e-08	4.647339e+01	1.161465e+03
1.540000e-06	6.654466e-06	1.768588e-08	4.667344e+01	1.163303e+03
1.550000e-06	6.680569e-06	1.770571e-08	4.685652e+01	1.164897e+03
1.560000e-06	6.704120e-06	1.772160e-08	4.702170e+01	1.166277e+03
1.570000e-06	6.725361e-06	1.773909e-08	4.717069e+01	1.167473e+03
1.580000e-06	6.744443e-06	1.775807e-08	4.730452e+01	1.168517e+03
1.590000e-06	6.761108e-06	1.777401e-08	4.742141e+01	1.169439e+03
1.600000e-06	6.775185e-06	1.778558e-08	4.752015e+01	1.170262e+03
1.610000e-06	6.786730e-06	1.779580e-08	4.760112e+01	1.170998e+03
1.620000e-06	6.795634e-06	1.780408e-08	4.766357e+01	1.171652e+03
1.630000e-06	6.802048e-06	1.781248e-08	4.770856e+01	1.172219e+03
1.640000e-06	6.806250e-06	1.782235e-08	4.773803e+01	1.172692e+03
1.650000e-06	6.808063e-06	1.783426e-08	4.775075e+01	1.173065e+03
1.660000e-06	6.807411e-06	1.784045e-08	4.774618e+01	1.173335e+03
1.670000e-06	6.804632e-06	1.783723e-08	4.772668e+01	1.173506e+03
1.680000e-06	6.799629e-06	1.783742e-08	4.769159e+01	1.173590e+03
1.690000e-06	6.792304e-06	1.783749e-08	4.764021e+01	1.173602e+03
1.700000e-06	6.782808e-06	1.783923e-08	4.757361e+01	1.173555e+03
1.710000e-06	6.771153e-06	1.784215e-08	4.749187e+01	1.173459e+03
1.720000e-06	6.757071e-06	1.785489e-08	4.739309e+01	1.173316e+03
1.730000e-06	6.740720e-06	1.787478e-08	4.727841e+01	1.173119e+03
1.740000e-06	6.722352e-06	1.781046e-08	4.714958e+01	1.172851e+03
1.750000e-06	6.701352e-06	1.778156e-08	4.700229e+01	1.172497e+03
1.760000e-06	6.677175e-06	1.783153e-08	4.683272e+01	1.172042e+03
1.770000e-06	6.650217e-06	1.782383e-08	4.664364e+01	1.171484e+03
1.780000e-06	6.621001e-06	1.780789e-08	4.643872e+01	1.170830e+03
1.790000e-06	6.589830e-06	1.783705e-08	4.622010e+01	1.170103e+03
1.800000e-06	6.557089e-06	1.770203e-08	4.599045e+01	1.169335e+03
1.810000e-06	6.522363e-06	1.774345e-08	4.574689e+01	1.168560e+03
1.820000e-06	6.485213e-06	1.788273e-08	4.548632e+01	1.167808e+03
1.830000e-06	6.445839e-06	1.774562e-08	4.521016e+01	1.167093e+03
1.840000e-06	6.404225e-06	1.782669e-08	4.491828e+01	1.166414e+03
1.850000e-06	6.360497e-06	1.777532e-08	4.461159e+01	1.165746e+03
1.860000e-06	6.314578e-06	1.767175e-08	4.428952e+01	1.165050e+03
1.870000e-06	6.266203e-06	1.779012e-08	4.395022e+01	1.164278e+03
1.880000e-06	6.215567e-06	1.768237e-08	4.359507e+01	1.163383e+03
1.890000e-06	6.162354e-06	1.771357e-08	4.322184e+01	1.162328e+03
1.900000e-06	6.106596e-06	1.774733e-08	4.283076e+01	1.161096e+03
1.910000e-06	6.048731e-06	1.772516e-08	4.242491e+01	1.159692e+03
1.920000e-06	5.988789e-06	1.774130e-08	4.200448e+01	1.158139e+03
1.930000e-06	5.926759e-06	1.755285e-08	4.156941e+01	1.156473e+03
1.940000e-06	5.862440e-06	1.756416e-08	4.111828e+01	1.154736e+03
1.950000e-06	5.796030e-06	1.757164e-08	4.065250e+01	1.152960e+03
1.960000e-06	5.727610e-06	1.760409e-08	4.017261e+01	1.151164e+03
1.970000e-06	5.656831e-06	1.761994e-08	3.967617e+01	1.149352e+03
1.980000e-06	5.583903e-06	1.746297e-08	3.916467e+01	1.147505e+03
1.990000e-06	5.508943e-06	1.746491e-08	3.863891e+01	1.145596e+03
2.000000e-06	5.431857e-06	1.741062e-08	3.809824e+01	1.143594e+03
2.010000e-06	5.352657e-06	1.743615e-08	3.754275e+01	1.141471e+03
2.020000e-06	5.271480e-06	1.742360e-08	3.697338e+01	1.139213e+03
2.030000e-06	5.188540e-06	1.736071e-08	3.639165e+01	1.136819e+03
2.040000e-06	5.103783e-06	1.734367e-08	3.579718e+01	1.134304e+03
2.050000e-06	5.017079e-06	1.725463e-08	3.518905e+01	1.131692e+03
2.060000e-06	4.928544e-06	1.723012e-08	3.456808e+01	1.129010e+03
2.070000e-06	4.838465e-06	1.715292e-08	3.393628e+01	1.126278e+03
2.080000e-06	4.746786e-06	1.714639e-08	3.329325e+01	1.123507e+03
2.090000e-06	4.653364e-06	1.712877e-08	3.263801e+01	1.120692e+03
2.100000e-06	4.558096e-06	1.709406e-08	3.196981e+01	1.117818e+03
2.110000e-06	4.461194e-06	1.704255e-08	3.129015e+01	1.114861e+03
2.120000e-06	4.362888e-06	1.694690e-08	3.060065e+01	1.111798e+03
2.130000e-06	4.263128e-06	1.689809e-08	2.990095e+01	1.108608e+03
2.140000e-06	4.161808e-06	1.684098e-08	2.919030e+01	1.105285e+03
2.150000e-06	4.058790e-06	1.682354e-08	2.846776e+01	1.101832e+03
2.160000e-06	3.954243e-06	1.679321e-08	2.773447e+01	1.098262e+03
2.170000e-06	3.848373e-06	1.674943e-08	2.699192e+01	1.094597e+03
2.180000e-06	3.741294e-06	1.665905e-08	2.624089e+01	1.090854e+03
2.190000e-06	3.633023e-06	1.656327e-08	2.548148e+01	1.087047e+03
2.200000e-06	3.523443e-06	1.652053e-08	2.471291e+01	1.083177e+03
2.210000e-06	3.412451e-06	1.650454e-08	2.393443e+01	1.079238e+03
2.220000e-06	3.300099e-06	1.646285e-08	2.314641e+01	1.075211e+03
2.230000e-06	3.186560e-06	1.637073e-08	2.235006e+01	1.071075e+03
2.240000e-06	3.071794e-06	1.628256e-08	2.154511e+01	1.066813e+03
2.250000e-06	2.955895e-06	1.621201e-08	2.073221e+01	1.062410e+03
2.260000e-06	2.838827e-06	1.615505e-08	1.991111e+01	1.057862e+03
2.270000e-06	2.720503e-06	1.608636e-08	1.908121e+01	1.053174e+03
2.280000e-06	2.601074e-06	1.601927e-08	1.824355e+01	1.048357e+03
2.290000e-06	2.480695e-06	1.595449e-08	1.739923e+01	1.043422e+03
2.300000e-06	2.359494e-06	1.588749e-08	1.654915e+01	1.038379e+03
2.310000e-06	2.237540e-06	1.580170e-08	1.569377e+01	1.033228e+03
2.320000e-06	2.114913e-06	1.569190e-08	1.483369e+01	1.027962e+03
2.330000e-06	1.991555e-06	1.558935e-08	1.396847e+01	1.022567e+03
2.340000e-06	1.867424e-06	1.552388e-08	1.309783e+01	1.017025e+03
2.350000e-06	1.742675e-06	1.547383e-08	1.222287e+01	1.011316e+03
2.360000e-06	1.617360e-06	1.538523e-08	1.134392e+01	1.005426e+03
2.370000e-06	1.491417e-06	1.526108e-08	1.046058e+01	9.993503e+02
2.380000e-06	1.364841e-06	1.514827e-08	9.572793e+00	9.930885e+02
2.390000e-06	1.237731e-06	1.507029e-08	8.681265e+00	9.866460e+02
2.400000e-06	1.110182e-06	1.499180e-08	7.786653e+00	9.800283e+02
2.410000e-06	9.821808e-07	1.489101e-08	6.888871e+00	9.732352e+02
2.420000e-06	8.538749e-07	1.477467e-08	5.988952e+00	9.662563e+02
2.430000e-06	7.253338e-07	1.465711e-08	5.087384e+00	9.590682e+02
2.440000e-06	5.965621e-07	1.454032e-08	4.184198e+00	9.516338e+02
2.450000e-06	4.676485e-07	1.441725e-08	3.280018e+00	9.439051e+02
2.460000e-06	3.385758e-07	1.429261e-08	2.374721e+00	9.358274e+02
2.470000e-06	2.093650e-07	1.417008e-08	1.468455e+00	9.273443e+02
2.480000e-06	8.010186e-08	1.404987e-08	5.618226e-01	9.184026e+02
2.490000e-06	-4.920358e-08	1.391601e-08	-3.451067e-01	9.089551e+02
2.500000e-06	-1.785021e-07	1.375572e-08	-1.251987e+00	8.989611e+02
2.510000e-06	-3.076788e-07	1.357820e-08	-2.158013e+00	8.883857e+02
2.520000e-06	-4.367706e-07	1.340217e-08	-3.063445e+00	8.771970e+02
2.530000e-06	-5.657454e-07	1.323119e-08	-3.968054e+00	8.653628e+02
2.540000e-06	-6.945336e-07	1.305018e-08	-4.871356e+00	8.528485e+02
2.550000e-06	-8.230549e-07	1.284869e-08	-5.772786e+00	8.396160e+02
2.560000e-06	-9.512381e-07	1.262836e-08	-6.671843e+00	8.256241e+02
2.570000e-06	-1.079075e-06	1.239629e-08	-7.568473e+00	8.108301e+02
2.580000e-06	-1.206520e-06	1.215646e-08	-8.462353e+00	7.951916e+02
2.590000e-06	-1.333588e-06	1.190897e-08	-9.353588e+00	7.786680e+02
2.600000e-06	-1.460181e-06	1.164983e-08	-1.024149e+01	7.612198e+02
2.610000e-06	-1.586108e-06	1.137336e-08	-1.112473e+01	7.428074e+02
2.620000e-06	-1.711345e-06	1.107490e-08	-1.200312e+01	7.233872e+02
2.630000e-06	-1.835965e-06	1.075510e-08	-1.287719e+01	7.029079e+02
2.640000e-06	-1.959932e-06	1.042117e-08	-1.374667e+01	6.813058e+02
2.650000e-06	-2.083166e-06	1.007631e-08	-1.461102e+01	6.585016e+02
2.660000e-06	-2.205577e-06	9.715553e-09	-1.546959e+01	6.343990e+02
2.670000e-06	-2.327190e-06	9.330164e-09	-1.632257e+01	6.088833e+02
2.680000e-06	-2.448045e-06	8.917485e-09	-1.717023e+01	5.818231e+02
2.690000e-06	-2.568097e-06	8.477096e-09	-1.801225e+01	5.530701e+02
2.700000e-06	-2.687212e-06	8.008039e-09	-1.884771e+01	5.224610e+02
2.710000e-06	-2.805191e-06	7.510581e-09	-1.967520e+01	4.898171e+02
2.720000e-06	-2.921982e-06	6.979800e-09	-2.049435e+01	4.549451e+02
2.730000e-06	-3.037600e-06	6.414532e-09	-2.130528e+01	4.176389e+02
2.740000e-06	-3.151963e-06	5.810454e-09	-2.210740e+01	3.776840e+02
2.750000e-06	-3.265023e-06	5.159345e-09	-2.290039e+01	3.348665e+02
2.760000e-06	-3.376698e-06	4.458516e-09	-2.368366e+01	2.889877e+02
2.770000e-06	-3.487013e-06	3.711111e-09	-2.445740e+01	2.398849e+02
2.780000e-06	-3.596137e-06	2.917051e-09	-2.522277e+01	1.874556e+02
2.790000e-06	-3.704179e-06	2.074256e-09	-2.598056e+01	1.316852e+02
2.800000e-06	-3.811137e-06	1.179173e-09	-2.673075e+01	7.267230e+01
2.810000e-06	-3.916760e-06	2.310911e-10	-2.747158e+01	1.064800e+01
2.820000e-06	-4.020943e-06	-7.598765e-10	-2.820230e+01	-5.401386e+01
2.830000e-06	-4.123576e-06	-1.780017e-09	-2.892215e+01	-1.207993e+02
2.840000e-06	-4.224539e-06	-2.819203e-09	-2.963029e+01	-1.890702e+02
2.850000e-06	-4.323979e-06	-3.870415e-09	-3.032775e+01	-2.580929e+02
2.860000e-06	-4.422019e-06	-4.922352e-09	-3.101539e+01	-3.270768e+02
2.870000e-06	-4.518624e-06	-5.962190e-09	-3.169296e+01	-3.952179e+02
2.880000e-06	-4.613600e-06	-6.979606e-09	-3.235911e+01	-4.617437e+02
2.890000e-06	-4.706817e-06	-7.965286e-09	-3.301292e+01	-5.259526e+02
2.900000e-06	-4.798418e-06	-8.908513e-09	-3.365539e+01	-5.872458e+02
2.910000e-06	-4.888441e-06	-9.797252e-09	-3.428680e+01	-6.451481e+02
2.920000e-06	-4.976722e-06	-1.062637e-08	-3.490599e+01	-6.993167e+02
2.930000e-06	-5.063120e-06	-1.139697e-08	-3.551198e+01	-7.495395e+02
2.940000e-06	-5.147585e-06	-1.211010e-08	-3.610440e+01	-7.957250e+02
2.950000e-06	-5.230325e-06	-1.276412e-08	-3.668472e+01	-8.378854e+02
2.960000e-06	-5.311379e-06	-1.335626e-08	-3.725322e+01	-8.761178e+02
2.970000e-06	-5.390516e-06	-1.388731e-08	-3.780828e+01	-9.105839e+02
2.980000e-06	-5.467498e-06	-1.436343e-08	-3.834823e+01	-9.414912e+02
2.990000e-06	-5.542291e-06	-1.478855e-08	-3.887281e+01	-9.690764e+02
3.000000e-06	-5.615109e-06	-1.516734e-08	-3.938355e+01	-9.935926e+02
3.010000e-06	-5.685888e-06	-1.550491e-08	-3.987998e+01	-1.015298e+03
3.020000e-06	-5.754547e-06	-1.580306e-08	-4.036154e+01	-1.034447e+03
3.030000e-06	-5.821168e-06	-1.606473e-08	-4.082881e+01	-1.051287e+03
3.040000e-06	-5.885787e-06	-1.629355e-08	-4.128204e+01	-1.066052e+03
3.050000e-06	-5.948307e-06	-1.649342e-08	-4.172054e+01	-1.078962e+03
3.060000e-06	-6.008676e-06	-1.666706e-08	-4.214397e+01	-1.090222e+03
3.070000e-06	-6.066873e-06	-1.681947e-08	-4.255215e+01	-1.100023e+03
3.080000e-06	-6.122956e-06	-1.695213e-08	-4.294551e+01	-1.108544e+03
3.090000e-06	-6.176773e-06	-1.706549e-08	-4.332297e+01	-1.115949e+03
3.100000e-06	-6.228043e-06	-1.716346e-08	-4.368257e+01	-1.122392e+03
3.110000e-06	-6.276702e-06	-1.724924e-08	-4.402386e+01	-1.128013e+03
3.120000e-06	-6.322997e-06	-1.732538e-08	-4.434857e+01	-1.132938e+03
3.130000e-06	-6.367283e-06	-1.739400e-08	-4.465918e+01	-1.137275e+03
3.140000e-06	-6.409494e-06	-1.745591e-08	-4.495524e+01	-1.141114e+03
3.150000e-06	-6.449621e-06	-1.751069e-08	-4.523669e+01	-1.144527e+03
3.160000e-06	-6.487419e-06	-1.755866e-08	-4.550180e+01	-1.147568e+03
3.170000e-06	-6.522814e-06	-1.760069e-08	-4.575005e+01	-1.150274e+03
3.180000e-06	-6.556014e-06	-1.763390e-08	-4.598291e+01	-1.152673e+03
3.190000e-06	-6.586900e-06	-1.766361e-08	-4.619954e+01	-1.154784e+03
3.200000e-06	-6.615439e-06	-1.769369e-08	-4.639971e+01	-1.156629e+03
3.210000e-06	-6.641642e-06	-1.772280e-08	-4.658349e+01	-1.158231e+03
3.220000e-06	-6.665487e-06	-1.774611e-08	-4.675074e+01	-1.159617e+03
3.230000e-06	-6.686891e-06	-1.776379e-08	-4.690087e+01	-1.160817e+03
3.240000e-06	-6.705934e-06	-1.777985e-08	-4.703443e+01	-1.161865e+03
3.250000e-06	-6.722743e-06	-1.779563e-08	-4.715233e+01	-1.162790e+03
3.260000e-06	-6.737028e-06	-1.780879e-08	-4.725252e+01	-1.163615e+03
3.270000e-06	-6.748578e-06	-1.781864e-08	-4.733353e+01	-1.164353e+03
3.280000e-06	-6.757641e-06	-1.782688e-08	-4.739710e+01	-1.165008e+03
3.290000e-06	-6.764320e-06	-1.783290e-08	-4.744394e+01	-1.165577e+03
3.300000e-06	-6.768584e-06	-1.783662e-08	-4.747385e+01	-1.166053e+03
3.310000e-06	-6.770559e-06	-1.783733e-08	-4.748770e+01	-1.166428e+03
3.320000e-06	-6.770275e-06	-1.784331e-08	-4.748571e+01	-1.166701e+03
