2.473721e+02
2.556370e+02
2.605438e+02
2.648438e+02
2.701752e+02
2.752716e+02
2.804226e+02
2.830231e+02
2.850734e+02
2.900732e+02
2.916167e+02
2.953065e+02
2.962733e+02
2.995228e+02
3.038078e+02
3.046583e+02
3.099931e+02
3.122779e+02
3.151638e+02
3.181452e+02
3.206509e+02
3.228637e+02
3.282083e+02
3.292261e+02
3.325422e+02
3.396885e+02
3.419503e+02
3.450462e+02
3.500394e+02
3.517007e+02
3.531614e+02
3.581201e+02
3.609488e+02
3.652380e+02
3.679118e+02
3.701166e+02
3.735985e+02
3.771770e+02
3.817162e+02
3.869621e+02
3.885078e+02
3.917132e+02
3.972859e+02
3.979304e+02
4.022019e+02
4.045831e+02
4.051035e+02
4.064830e+02
4.061133e+02
4.076099e+02
4.052321e+02
4.033312e+02
4.006402e+02
3.981051e+02
3.974730e+02
3.925012e+02
