# Temperatura_=_66.76
# Concentracion g/m^3_=_24000.0
# C_Vs_to_Am_M_A/Vsm_=_65563218390.804596
# pendiente_HvsI_1/m_=_3716.3
# ordenada_HvsI_A/m_=_1297.0
# frecuencia_Hz_=_300790.4713792126

Tiempo_(s)	Campo_(V.s)	Magnetizacion_(V.s)	Campo_(kA/m)	Magnetizacion_(A/m)
0.000000e+00	-5.410860e-06	-1.131712e-08	-3.833989e+01	-7.399767e+02
1.000000e-08	-5.409671e-06	-1.132901e-08	-3.833147e+01	-7.405473e+02
2.000000e-08	-5.406500e-06	-1.133815e-08	-3.830899e+01	-7.410064e+02
3.000000e-08	-5.401663e-06	-1.134270e-08	-3.827472e+01	-7.413475e+02
4.000000e-08	-5.395251e-06	-1.134195e-08	-3.822929e+01	-7.415576e+02
5.000000e-08	-5.387130e-06	-1.133910e-08	-3.817174e+01	-7.416206e+02
6.000000e-08	-5.376983e-06	-1.133819e-08	-3.809985e+01	-7.415226e+02
7.000000e-08	-5.364835e-06	-1.133043e-08	-3.801377e+01	-7.412561e+02
8.000000e-08	-5.350829e-06	-1.132968e-08	-3.791453e+01	-7.408241e+02
9.000000e-08	-5.334547e-06	-1.135256e-08	-3.779915e+01	-7.402409e+02
1.000000e-07	-5.315932e-06	-1.134092e-08	-3.766725e+01	-7.395306e+02
1.100000e-07	-5.295346e-06	-1.130930e-08	-3.752138e+01	-7.387225e+02
1.200000e-07	-5.272996e-06	-1.128751e-08	-3.736302e+01	-7.378455e+02
1.300000e-07	-5.249180e-06	-1.122421e-08	-3.719427e+01	-7.369217e+02
1.400000e-07	-5.223880e-06	-1.124534e-08	-3.701500e+01	-7.359618e+02
1.500000e-07	-5.196791e-06	-1.130677e-08	-3.682305e+01	-7.349627e+02
1.600000e-07	-5.168016e-06	-1.120817e-08	-3.661916e+01	-7.339091e+02
1.700000e-07	-5.137796e-06	-1.120404e-08	-3.640503e+01	-7.327770e+02
1.800000e-07	-5.105836e-06	-1.122843e-08	-3.617857e+01	-7.315404e+02
1.900000e-07	-5.071754e-06	-1.115259e-08	-3.593707e+01	-7.301772e+02
2.000000e-07	-5.035962e-06	-1.118936e-08	-3.568347e+01	-7.286747e+02
2.100000e-07	-4.998598e-06	-1.114151e-08	-3.541871e+01	-7.270321e+02
2.200000e-07	-4.959410e-06	-1.103238e-08	-3.514104e+01	-7.252595e+02
2.300000e-07	-4.918306e-06	-1.106414e-08	-3.484978e+01	-7.233742e+02
2.400000e-07	-4.875263e-06	-1.107798e-08	-3.454479e+01	-7.213949e+02
2.500000e-07	-4.830477e-06	-1.102089e-08	-3.422745e+01	-7.193348e+02
2.600000e-07	-4.783935e-06	-1.093271e-08	-3.389767e+01	-7.171974e+02
2.700000e-07	-4.735449e-06	-1.086885e-08	-3.355411e+01	-7.149734e+02
2.800000e-07	-4.684829e-06	-1.089081e-08	-3.319543e+01	-7.126422e+02
2.900000e-07	-4.632237e-06	-1.088674e-08	-3.282277e+01	-7.101763e+02
3.000000e-07	-4.578006e-06	-1.082558e-08	-3.243851e+01	-7.075471e+02
3.100000e-07	-4.522197e-06	-1.073956e-08	-3.204306e+01	-7.047326e+02
3.200000e-07	-4.464663e-06	-1.067817e-08	-3.163539e+01	-7.017225e+02
3.300000e-07	-4.405421e-06	-1.065622e-08	-3.121562e+01	-6.985208e+02
3.400000e-07	-4.344681e-06	-1.061606e-08	-3.078523e+01	-6.951457e+02
3.500000e-07	-4.282509e-06	-1.056549e-08	-3.034470e+01	-6.916255e+02
3.600000e-07	-4.218904e-06	-1.049033e-08	-2.989401e+01	-6.879917e+02
3.700000e-07	-4.153757e-06	-1.044093e-08	-2.943239e+01	-6.842729e+02
3.800000e-07	-4.086904e-06	-1.040640e-08	-2.895869e+01	-6.804880e+02
3.900000e-07	-4.018512e-06	-1.032681e-08	-2.847408e+01	-6.766432e+02
4.000000e-07	-3.948798e-06	-1.024578e-08	-2.798012e+01	-6.727314e+02
4.100000e-07	-3.877809e-06	-1.018280e-08	-2.747711e+01	-6.687353e+02
4.200000e-07	-3.805502e-06	-1.014939e-08	-2.696476e+01	-6.646323e+02
4.300000e-07	-3.731674e-06	-1.009550e-08	-2.644163e+01	-6.604009e+02
4.400000e-07	-3.656214e-06	-1.000645e-08	-2.590694e+01	-6.560255e+02
4.500000e-07	-3.579265e-06	-9.924710e-09	-2.536171e+01	-6.515003e+02
4.600000e-07	-3.500918e-06	-9.864978e-09	-2.480655e+01	-6.468295e+02
4.700000e-07	-3.421114e-06	-9.807542e-09	-2.424109e+01	-6.420252e+02
4.800000e-07	-3.339949e-06	-9.725152e-09	-2.366597e+01	-6.371038e+02
4.900000e-07	-3.257604e-06	-9.642729e-09	-2.308250e+01	-6.320805e+02
5.000000e-07	-3.174196e-06	-9.574855e-09	-2.249149e+01	-6.269659e+02
5.100000e-07	-3.089894e-06	-9.494657e-09	-2.189415e+01	-6.217631e+02
5.200000e-07	-3.004718e-06	-9.393176e-09	-2.129062e+01	-6.164678e+02
5.300000e-07	-2.918557e-06	-9.300455e-09	-2.068010e+01	-6.110700e+02
5.400000e-07	-2.831389e-06	-9.233323e-09	-2.006246e+01	-6.055576e+02
5.500000e-07	-2.743301e-06	-9.162854e-09	-1.943829e+01	-5.999200e+02
5.600000e-07	-2.654336e-06	-9.067250e-09	-1.880790e+01	-5.941511e+02
5.700000e-07	-2.564180e-06	-8.966200e-09	-1.816908e+01	-5.882510e+02
5.800000e-07	-2.472821e-06	-8.871024e-09	-1.752174e+01	-5.822250e+02
5.900000e-07	-2.380695e-06	-8.782305e-09	-1.686896e+01	-5.760820e+02
6.000000e-07	-2.287898e-06	-8.690213e-09	-1.621143e+01	-5.698307e+02
6.100000e-07	-2.194333e-06	-8.586430e-09	-1.554845e+01	-5.634774e+02
6.200000e-07	-2.100014e-06	-8.481099e-09	-1.488013e+01	-5.570229e+02
6.300000e-07	-2.004948e-06	-8.386880e-09	-1.420652e+01	-5.504622e+02
6.400000e-07	-1.909136e-06	-8.296664e-09	-1.352762e+01	-5.437859e+02
6.500000e-07	-1.812648e-06	-8.186178e-09	-1.284393e+01	-5.369820e+02
6.600000e-07	-1.715495e-06	-8.064129e-09	-1.215553e+01	-5.300393e+02
6.700000e-07	-1.617555e-06	-7.959710e-09	-1.146156e+01	-5.229498e+02
6.800000e-07	-1.518874e-06	-7.871765e-09	-1.076233e+01	-5.157109e+02
6.900000e-07	-1.419593e-06	-7.761510e-09	-1.005885e+01	-5.083250e+02
7.000000e-07	-1.319840e-06	-7.623943e-09	-9.352029e+00	-5.007980e+02
7.100000e-07	-1.219727e-06	-7.494260e-09	-8.642654e+00	-4.931373e+02
7.200000e-07	-1.119252e-06	-7.387504e-09	-7.930714e+00	-4.853477e+02
7.300000e-07	-1.018401e-06	-7.281572e-09	-7.216116e+00	-4.774299e+02
7.400000e-07	-9.172553e-07	-7.153485e-09	-6.499423e+00	-4.693778e+02
7.500000e-07	-8.158001e-07	-7.016584e-09	-5.780539e+00	-4.611789e+02
7.600000e-07	-7.139943e-07	-6.886509e-09	-5.059170e+00	-4.528151e+02
7.700000e-07	-6.119437e-07	-6.763775e-09	-4.336067e+00	-4.442643e+02
7.800000e-07	-5.097122e-07	-6.632214e-09	-3.611683e+00	-4.355030e+02
7.900000e-07	-4.073520e-07	-6.485571e-09	-2.886386e+00	-4.265080e+02
8.000000e-07	-3.048646e-07	-6.338159e-09	-2.160188e+00	-4.172569e+02
8.100000e-07	-2.022583e-07	-6.199118e-09	-1.433148e+00	-4.077285e+02
8.200000e-07	-9.958885e-08	-6.057347e-09	-7.056596e-01	-3.979017e+02
8.300000e-07	3.112253e-09	-5.894844e-09	2.205258e-02	-3.877539e+02
8.400000e-07	1.057719e-07	-5.721904e-09	7.494711e-01	-3.772606e+02
8.500000e-07	2.083528e-07	-5.556607e-09	1.476331e+00	-3.663945e+02
8.600000e-07	3.108765e-07	-5.395466e-09	2.202787e+00	-3.551261e+02
8.700000e-07	4.133166e-07	-5.219871e-09	2.928650e+00	-3.434256e+02
8.800000e-07	5.156906e-07	-5.025627e-09	3.654044e+00	-3.312642e+02
8.900000e-07	6.179883e-07	-4.826581e-09	4.378898e+00	-3.186169e+02
9.000000e-07	7.200619e-07	-4.628128e-09	5.102163e+00	-3.054636e+02
9.100000e-07	8.218271e-07	-4.423257e-09	5.823244e+00	-2.917899e+02
9.200000e-07	9.232744e-07	-4.205046e-09	6.542072e+00	-2.775869e+02
9.300000e-07	1.024382e-06	-3.977077e-09	7.258494e+00	-2.628495e+02
9.400000e-07	1.125118e-06	-3.745595e-09	7.972285e+00	-2.475752e+02
9.500000e-07	1.225500e-06	-3.509431e-09	8.683563e+00	-2.317621e+02
9.600000e-07	1.325584e-06	-3.260554e-09	9.392728e+00	-2.154078e+02
9.700000e-07	1.425323e-06	-2.999320e-09	1.009945e+01	-1.985094e+02
9.800000e-07	1.524489e-06	-2.730447e-09	1.080212e+01	-1.810637e+02
9.900000e-07	1.622936e-06	-2.456013e-09	1.149968e+01	-1.630684e+02
1.000000e-06	1.720639e-06	-2.175874e-09	1.219198e+01	-1.445235e+02
1.010000e-06	1.817657e-06	-1.887367e-09	1.287942e+01	-1.254320e+02
1.020000e-06	1.914039e-06	-1.588264e-09	1.356236e+01	-1.058009e+02
1.030000e-06	2.009703e-06	-1.278944e-09	1.424021e+01	-8.563982e+01
1.040000e-06	2.104615e-06	-9.629080e-10	1.491273e+01	-6.496079e+01
1.050000e-06	2.198786e-06	-6.402935e-10	1.558000e+01	-4.377658e+01
1.060000e-06	2.292240e-06	-3.111966e-10	1.624220e+01	-2.209990e+01
1.070000e-06	2.384991e-06	2.585152e-11	1.689940e+01	5.692306e-02
1.080000e-06	2.477090e-06	3.735816e-10	1.755199e+01	2.268118e+01
1.090000e-06	2.568393e-06	7.306986e-10	1.819894e+01	4.575813e+01
1.100000e-06	2.658605e-06	1.093535e-09	1.883816e+01	6.926869e+01
1.110000e-06	2.747697e-06	1.457727e-09	1.946944e+01	9.318686e+01
1.120000e-06	2.835732e-06	1.824670e-09	2.009323e+01	1.174777e+02
1.130000e-06	2.922764e-06	2.196958e-09	2.070992e+01	1.420957e+02
1.140000e-06	3.008834e-06	2.575520e-09	2.131978e+01	1.669849e+02
1.150000e-06	3.093938e-06	2.958489e-09	2.192281e+01	1.920790e+02
1.160000e-06	3.178110e-06	3.342372e-09	2.251922e+01	2.173030e+02
1.170000e-06	3.261240e-06	3.727402e-09	2.310827e+01	2.425749e+02
1.180000e-06	3.343164e-06	4.113636e-09	2.368876e+01	2.678065e+02
1.190000e-06	3.423846e-06	4.497532e-09	2.426045e+01	2.929052e+02
1.200000e-06	3.503255e-06	4.875042e-09	2.482312e+01	3.177743e+02
1.210000e-06	3.581397e-06	5.245697e-09	2.537681e+01	3.423135e+02
1.220000e-06	3.658316e-06	5.611071e-09	2.592183e+01	3.664201e+02
1.230000e-06	3.733976e-06	5.970818e-09	2.645794e+01	3.899901e+02
1.240000e-06	3.808080e-06	6.320194e-09	2.698302e+01	4.129211e+02
1.250000e-06	3.880524e-06	6.656871e-09	2.749634e+01	4.351155e+02
1.260000e-06	3.951590e-06	6.980775e-09	2.799990e+01	4.564847e+02
1.270000e-06	4.021297e-06	7.293797e-09	2.849382e+01	4.769530e+02
1.280000e-06	4.089668e-06	7.591769e-09	2.897828e+01	4.964609e+02
1.290000e-06	4.156668e-06	7.870028e-09	2.945302e+01	5.149674e+02
1.300000e-06	4.222037e-06	8.131696e-09	2.991621e+01	5.324502e+02
1.310000e-06	4.285815e-06	8.380050e-09	3.036813e+01	5.489037e+02
1.320000e-06	4.348163e-06	8.613724e-09	3.080990e+01	5.643366e+02
1.330000e-06	4.409102e-06	8.831161e-09	3.124170e+01	5.787682e+02
1.340000e-06	4.468650e-06	9.032516e-09	3.166364e+01	5.922247e+02
1.350000e-06	4.526576e-06	9.220349e-09	3.207409e+01	6.047367e+02
1.360000e-06	4.582735e-06	9.397792e-09	3.247202e+01	6.163378e+02
1.370000e-06	4.637254e-06	9.563306e-09	3.285833e+01	6.270648e+02
1.380000e-06	4.690096e-06	9.714095e-09	3.323275e+01	6.369585e+02
1.390000e-06	4.740924e-06	9.849556e-09	3.359290e+01	6.460648e+02
1.400000e-06	4.789682e-06	9.973129e-09	3.393839e+01	6.544359e+02
1.410000e-06	4.836658e-06	1.008997e-08	3.427125e+01	6.621293e+02
1.420000e-06	4.882001e-06	1.019985e-08	3.459254e+01	6.692067e+02
1.430000e-06	4.925854e-06	1.029999e-08	3.490326e+01	6.757306e+02
1.440000e-06	4.967907e-06	1.038992e-08	3.520125e+01	6.817609e+02
1.450000e-06	5.008010e-06	1.047355e-08	3.548540e+01	6.873510e+02
1.460000e-06	5.046452e-06	1.055144e-08	3.575779e+01	6.925458e+02
1.470000e-06	5.083275e-06	1.062373e-08	3.601871e+01	6.973799e+02
1.480000e-06	5.118355e-06	1.069241e-08	3.626728e+01	7.018788e+02
1.490000e-06	5.151502e-06	1.075575e-08	3.650215e+01	7.060610e+02
1.500000e-06	5.182747e-06	1.081420e-08	3.672354e+01	7.099408e+02
1.510000e-06	5.212265e-06	1.086813e-08	3.693270e+01	7.135316e+02
1.520000e-06	5.240182e-06	1.091814e-08	3.713051e+01	7.168480e+02
1.530000e-06	5.266209e-06	1.096357e-08	3.731493e+01	7.199069e+02
1.540000e-06	5.290111e-06	1.100500e-08	3.748430e+01	7.227267e+02
1.550000e-06	5.312116e-06	1.104435e-08	3.764022e+01	7.253259e+02
1.560000e-06	5.332396e-06	1.108036e-08	3.778391e+01	7.277207e+02
1.570000e-06	5.350875e-06	1.111231e-08	3.791485e+01	7.299232e+02
1.580000e-06	5.367356e-06	1.113870e-08	3.803163e+01	7.319408e+02
1.590000e-06	5.381895e-06	1.116210e-08	3.813465e+01	7.337768e+02
1.600000e-06	5.394486e-06	1.118625e-08	3.822387e+01	7.354323e+02
1.610000e-06	5.404901e-06	1.120900e-08	3.829767e+01	7.369084e+02
1.620000e-06	5.413182e-06	1.122964e-08	3.835634e+01	7.382092e+02
1.630000e-06	5.419575e-06	1.124855e-08	3.840164e+01	7.393431e+02
1.640000e-06	5.424252e-06	1.126414e-08	3.843478e+01	7.403226e+02
1.650000e-06	5.427061e-06	1.127686e-08	3.845469e+01	7.411627e+02
1.660000e-06	5.427811e-06	1.128627e-08	3.846000e+01	7.418777e+02
1.670000e-06	5.426701e-06	1.129233e-08	3.845214e+01	7.424781e+02
1.680000e-06	5.423954e-06	1.129845e-08	3.843267e+01	7.429673e+02
1.690000e-06	5.419589e-06	1.130313e-08	3.840174e+01	7.433409e+02
1.700000e-06	5.413333e-06	1.130755e-08	3.835741e+01	7.435872e+02
1.710000e-06	5.405207e-06	1.131150e-08	3.829983e+01	7.436904e+02
1.720000e-06	5.395479e-06	1.131340e-08	3.823090e+01	7.436357e+02
1.730000e-06	5.384109e-06	1.131962e-08	3.815034e+01	7.434135e+02
1.740000e-06	5.370932e-06	1.129143e-08	3.805697e+01	7.430239e+02
1.750000e-06	5.355649e-06	1.126162e-08	3.794868e+01	7.424785e+02
1.760000e-06	5.337977e-06	1.126633e-08	3.782346e+01	7.417993e+02
1.770000e-06	5.317907e-06	1.125964e-08	3.768125e+01	7.410147e+02
1.780000e-06	5.295511e-06	1.129510e-08	3.752255e+01	7.401545e+02
1.790000e-06	5.271459e-06	1.128717e-08	3.735213e+01	7.392429e+02
1.800000e-06	5.246450e-06	1.116599e-08	3.717492e+01	7.382937e+02
1.810000e-06	5.220015e-06	1.119111e-08	3.698761e+01	7.373074e+02
1.820000e-06	5.191617e-06	1.119646e-08	3.678640e+01	7.362714e+02
1.830000e-06	5.161356e-06	1.113757e-08	3.657197e+01	7.351634e+02
1.840000e-06	5.129255e-06	1.120990e-08	3.634451e+01	7.339572e+02
1.850000e-06	5.095302e-06	1.113694e-08	3.610393e+01	7.326293e+02
1.860000e-06	5.059734e-06	1.107001e-08	3.585191e+01	7.311641e+02
1.870000e-06	5.022324e-06	1.113876e-08	3.558683e+01	7.295579e+02
1.880000e-06	4.982994e-06	1.105436e-08	3.530815e+01	7.278183e+02
1.890000e-06	4.941974e-06	1.099634e-08	3.501749e+01	7.259614e+02
1.900000e-06	4.899169e-06	1.099449e-08	3.471418e+01	7.240060e+02
1.910000e-06	4.854788e-06	1.098477e-08	3.439972e+01	7.219673e+02
1.920000e-06	4.808748e-06	1.103133e-08	3.407349e+01	7.198515e+02
1.930000e-06	4.760808e-06	1.092731e-08	3.373380e+01	7.176527e+02
1.940000e-06	4.711179e-06	1.085799e-08	3.338214e+01	7.153527e+02
1.950000e-06	4.659771e-06	1.086018e-08	3.301788e+01	7.129251e+02
1.960000e-06	4.606489e-06	1.081785e-08	3.264033e+01	7.103412e+02
1.970000e-06	4.551301e-06	1.081839e-08	3.224929e+01	7.075765e+02
1.980000e-06	4.494321e-06	1.074451e-08	3.184554e+01	7.046174e+02
1.990000e-06	4.435837e-06	1.067852e-08	3.143114e+01	7.014644e+02
2.000000e-06	4.375930e-06	1.062950e-08	3.100666e+01	6.981323e+02
2.010000e-06	4.314445e-06	1.058268e-08	3.057099e+01	6.946473e+02
2.020000e-06	4.251192e-06	1.056728e-08	3.012279e+01	6.910410e+02
2.030000e-06	4.186395e-06	1.046083e-08	2.966366e+01	6.873432e+02
2.040000e-06	4.120203e-06	1.040207e-08	2.919464e+01	6.835756e+02
2.050000e-06	4.052572e-06	1.037944e-08	2.871543e+01	6.797480e+02
2.060000e-06	3.983496e-06	1.033783e-08	2.822597e+01	6.758562e+02
2.070000e-06	3.912789e-06	1.025518e-08	2.772496e+01	6.718852e+02
2.080000e-06	3.840574e-06	1.013630e-08	2.721327e+01	6.678130e+02
2.090000e-06	3.767046e-06	1.011022e-08	2.669227e+01	6.636175e+02
2.100000e-06	3.692112e-06	1.007170e-08	2.616131e+01	6.592810e+02
2.110000e-06	3.615723e-06	9.998207e-09	2.562003e+01	6.547952e+02
2.120000e-06	3.537703e-06	9.910332e-09	2.506721e+01	6.501618e+02
2.130000e-06	3.458221e-06	9.836490e-09	2.450402e+01	6.453915e+02
2.140000e-06	3.377576e-06	9.773506e-09	2.393259e+01	6.404997e+02
2.150000e-06	3.295779e-06	9.668932e-09	2.335300e+01	6.355026e+02
2.160000e-06	3.212888e-06	9.602999e-09	2.276565e+01	6.304122e+02
2.170000e-06	3.128978e-06	9.550111e-09	2.217109e+01	6.252336e+02
2.180000e-06	3.044065e-06	9.475331e-09	2.156942e+01	6.199641e+02
2.190000e-06	2.957907e-06	9.366241e-09	2.095893e+01	6.145950e+02
2.200000e-06	2.870463e-06	9.270436e-09	2.033932e+01	6.091143e+02
2.210000e-06	2.782017e-06	9.209694e-09	1.971262e+01	6.035108e+02
2.220000e-06	2.692723e-06	9.126475e-09	1.907990e+01	5.977770e+02
2.230000e-06	2.602557e-06	9.033993e-09	1.844101e+01	5.919113e+02
2.240000e-06	2.511540e-06	8.940663e-09	1.779609e+01	5.859180e+02
2.250000e-06	2.419756e-06	8.851375e-09	1.714574e+01	5.798053e+02
2.260000e-06	2.327159e-06	8.755456e-09	1.648962e+01	5.735823e+02
2.270000e-06	2.233705e-06	8.660473e-09	1.582743e+01	5.672562e+02
2.280000e-06	2.139292e-06	8.559730e-09	1.515844e+01	5.608292e+02
2.290000e-06	2.043936e-06	8.447940e-09	1.448277e+01	5.542978e+02
2.300000e-06	1.947815e-06	8.353613e-09	1.380169e+01	5.476534e+02
2.310000e-06	1.851152e-06	8.276820e-09	1.311676e+01	5.408845e+02
2.320000e-06	1.753956e-06	8.174712e-09	1.242805e+01	5.339794e+02
2.330000e-06	1.656092e-06	8.031957e-09	1.173462e+01	5.269290e+02
2.340000e-06	1.557649e-06	7.908494e-09	1.103708e+01	5.197294e+02
2.350000e-06	1.458745e-06	7.825651e-09	1.033627e+01	5.123817e+02
2.360000e-06	1.359423e-06	7.732949e-09	9.632506e+00	5.048913e+02
2.370000e-06	1.259705e-06	7.599248e-09	8.925926e+00	4.972654e+02
2.380000e-06	1.159583e-06	7.459647e-09	8.216488e+00	4.895097e+02
2.390000e-06	1.059044e-06	7.348329e-09	7.504100e+00	4.816262e+02
2.400000e-06	9.581388e-07	7.245598e-09	6.789112e+00	4.736106e+02
2.410000e-06	8.568768e-07	7.123203e-09	6.071597e+00	4.654519e+02
2.420000e-06	7.552842e-07	6.982530e-09	5.351739e+00	4.571332e+02
2.430000e-06	6.534101e-07	6.847084e-09	4.629887e+00	4.486333e+02
2.440000e-06	5.512955e-07	6.727518e-09	3.906330e+00	4.399288e+02
2.450000e-06	4.489415e-07	6.605625e-09	3.181078e+00	4.309963e+02
2.460000e-06	3.463229e-07	6.458748e-09	2.453950e+00	4.218132e+02
2.470000e-06	2.435269e-07	6.295967e-09	1.725566e+00	4.123581e+02
2.480000e-06	1.405741e-07	6.145613e-09	9.960702e-01	4.026099e+02
2.490000e-06	3.754501e-08	6.012235e-09	2.660338e-01	3.925465e+02
2.500000e-06	-6.538766e-08	5.868141e-09	-4.633193e-01	3.821440e+02
2.510000e-06	-1.682629e-07	5.696005e-09	-1.192266e+00	3.713758e+02
2.520000e-06	-2.710685e-07	5.512449e-09	-1.920718e+00	3.602128e+02
2.530000e-06	-3.737008e-07	5.337436e-09	-2.647942e+00	3.486250e+02
2.540000e-06	-4.761402e-07	5.165054e-09	-3.373801e+00	3.365833e+02
2.550000e-06	-5.783720e-07	4.976305e-09	-4.098187e+00	3.240615e+02
2.560000e-06	-6.803941e-07	4.771197e-09	-4.821088e+00	3.110383e+02
2.570000e-06	-7.820866e-07	4.562739e-09	-5.541654e+00	2.974977e+02
2.580000e-06	-8.833794e-07	4.352067e-09	-6.259387e+00	2.834296e+02
2.590000e-06	-9.843435e-07	4.131860e-09	-6.974791e+00	2.688281e+02
2.600000e-06	-1.084950e-06	3.899361e-09	-7.687659e+00	2.536901e+02
2.610000e-06	-1.185152e-06	3.659586e-09	-8.397666e+00	2.380139e+02
2.620000e-06	-1.284903e-06	3.414252e-09	-9.104475e+00	2.217971e+02
2.630000e-06	-1.384152e-06	3.159901e-09	-9.807726e+00	2.050370e+02
2.640000e-06	-1.482979e-06	2.894546e-09	-1.050799e+01	1.877304e+02
2.650000e-06	-1.581345e-06	2.619902e-09	-1.120498e+01	1.698745e+02
2.660000e-06	-1.679176e-06	2.336636e-09	-1.189818e+01	1.514688e+02
2.670000e-06	-1.776432e-06	2.045312e-09	-1.258732e+01	1.325155e+02
2.680000e-06	-1.873160e-06	1.748507e-09	-1.327270e+01	1.130204e+02
2.690000e-06	-1.969406e-06	1.445987e-09	-1.395468e+01	9.299274e+01
2.700000e-06	-2.065073e-06	1.135259e-09	-1.463255e+01	7.244398e+01
2.710000e-06	-2.159941e-06	8.144632e-10	-1.530476e+01	5.138682e+01
2.720000e-06	-2.253812e-06	4.841284e-10	-1.596990e+01	2.983406e+01
2.730000e-06	-2.346758e-06	1.465769e-10	-1.662849e+01	7.798083e+00
2.740000e-06	-2.438833e-06	-1.960076e-10	-1.728091e+01	-1.470861e+01
2.750000e-06	-2.530028e-06	-5.426124e-10	-1.792709e+01	-3.767200e+01
2.760000e-06	-2.620327e-06	-8.980270e-10	-1.856692e+01	-6.107432e+01
2.770000e-06	-2.709723e-06	-1.263627e-09	-1.920036e+01	-8.489152e+01
2.780000e-06	-2.798267e-06	-1.634092e-09	-1.982776e+01	-1.090910e+02
2.790000e-06	-2.885926e-06	-2.005695e-09	-2.044889e+01	-1.336301e+02
2.800000e-06	-2.972496e-06	-2.381313e-09	-2.106230e+01	-1.584554e+02
2.810000e-06	-3.057847e-06	-2.765515e-09	-2.166707e+01	-1.835030e+02
2.820000e-06	-3.142029e-06	-3.153308e-09	-2.226357e+01	-2.087001e+02
2.830000e-06	-3.225153e-06	-3.539281e-09	-2.285256e+01	-2.339660e+02
2.840000e-06	-3.307242e-06	-3.924071e-09	-2.343422e+01	-2.592143e+02
2.850000e-06	-3.388278e-06	-4.310845e-09	-2.400842e+01	-2.843532e+02
2.860000e-06	-3.468185e-06	-4.696351e-09	-2.457462e+01	-3.092869e+02
2.870000e-06	-3.546620e-06	-5.073044e-09	-2.513039e+01	-3.339162e+02
2.880000e-06	-3.623476e-06	-5.437431e-09	-2.567497e+01	-3.581387e+02
2.890000e-06	-3.698960e-06	-5.795376e-09	-2.620983e+01	-3.818506e+02
2.900000e-06	-3.773079e-06	-6.150676e-09	-2.673501e+01	-4.049488e+02
2.910000e-06	-3.845871e-06	-6.498433e-09	-2.725080e+01	-4.273342e+02
2.920000e-06	-3.917395e-06	-6.830273e-09	-2.775760e+01	-4.489154e+02
2.930000e-06	-3.987381e-06	-7.144983e-09	-2.825350e+01	-4.696131e+02
2.940000e-06	-4.055776e-06	-7.446661e-09	-2.873813e+01	-4.893637e+02
2.950000e-06	-4.122797e-06	-7.736922e-09	-2.921302e+01	-5.081215e+02
2.960000e-06	-4.188458e-06	-8.011198e-09	-2.967828e+01	-5.258594e+02
2.970000e-06	-4.252818e-06	-8.266207e-09	-3.013432e+01	-5.425679e+02
2.980000e-06	-4.315679e-06	-8.506773e-09	-3.057973e+01	-5.582525e+02
2.990000e-06	-4.376771e-06	-8.735721e-09	-3.101261e+01	-5.729303e+02
3.000000e-06	-4.436269e-06	-8.949828e-09	-3.143420e+01	-5.866259e+02
3.010000e-06	-4.494289e-06	-9.145330e-09	-3.184532e+01	-5.993689e+02
3.020000e-06	-4.550824e-06	-9.323186e-09	-3.224591e+01	-6.111925e+02
3.030000e-06	-4.605668e-06	-9.488465e-09	-3.263451e+01	-6.221324e+02
3.040000e-06	-4.658578e-06	-9.646766e-09	-3.300942e+01	-6.322284e+02
3.050000e-06	-4.709602e-06	-9.794184e-09	-3.337097e+01	-6.415250e+02
3.060000e-06	-4.758708e-06	-9.924976e-09	-3.371892e+01	-6.500727e+02
3.070000e-06	-4.805887e-06	-1.004019e-08	-3.405321e+01	-6.579279e+02
3.080000e-06	-4.851372e-06	-1.014888e-08	-3.437551e+01	-6.651514e+02
3.090000e-06	-4.895393e-06	-1.025398e-08	-3.468743e+01	-6.718059e+02
3.100000e-06	-4.937930e-06	-1.035141e-08	-3.498883e+01	-6.779523e+02
3.110000e-06	-4.978852e-06	-1.044013e-08	-3.527880e+01	-6.836460e+02
3.120000e-06	-5.018041e-06	-1.052054e-08	-3.555648e+01	-6.889340e+02
3.130000e-06	-5.055322e-06	-1.059545e-08	-3.582064e+01	-6.938535e+02
3.140000e-06	-5.090776e-06	-1.066507e-08	-3.607186e+01	-6.984324e+02
3.150000e-06	-5.124554e-06	-1.072972e-08	-3.631120e+01	-7.026903e+02
3.160000e-06	-5.156611e-06	-1.079105e-08	-3.653835e+01	-7.066425e+02
3.170000e-06	-5.186679e-06	-1.084832e-08	-3.675140e+01	-7.103023e+02
3.180000e-06	-5.214832e-06	-1.090207e-08	-3.695089e+01	-7.136838e+02
3.190000e-06	-5.241222e-06	-1.094983e-08	-3.713788e+01	-7.168034e+02
3.200000e-06	-5.265793e-06	-1.099336e-08	-3.731198e+01	-7.196793e+02
3.210000e-06	-5.288479e-06	-1.103605e-08	-3.747273e+01	-7.223301e+02
3.220000e-06	-5.309189e-06	-1.107624e-08	-3.761947e+01	-7.247726e+02
3.230000e-06	-5.328104e-06	-1.111262e-08	-3.775350e+01	-7.270204e+02
3.240000e-06	-5.345259e-06	-1.114478e-08	-3.787506e+01	-7.290818e+02
3.250000e-06	-5.360388e-06	-1.117489e-08	-3.798226e+01	-7.309611e+02
3.260000e-06	-5.373295e-06	-1.120316e-08	-3.807372e+01	-7.326597e+02
3.270000e-06	-5.384178e-06	-1.122793e-08	-3.815083e+01	-7.341784e+02
3.280000e-06	-5.393280e-06	-1.124786e-08	-3.821532e+01	-7.355205e+02
3.290000e-06	-5.400484e-06	-1.126480e-08	-3.826637e+01	-7.366931e+02
3.300000e-06	-5.405633e-06	-1.128074e-08	-3.830285e+01	-7.377079e+02
3.310000e-06	-5.408931e-06	-1.129479e-08	-3.832622e+01	-7.385794e+02
3.320000e-06	-5.410542e-06	-1.130574e-08	-3.833763e+01	-7.393226e+02
