# Temperatura_=_38.34
# Concentracion g/m^3_=_24000.0
# C_Vs_to_Am_M_A/Vsm_=_65563218390.804596
# pendiente_HvsI_1/m_=_3716.3
# ordenada_HvsI_A/m_=_1297.0
# frecuencia_Hz_=_300796.3324047297

Tiempo_(s)	Campo_(V.s)	Magnetizacion_(V.s)	Campo_(kA/m)	Magnetizacion_(A/m)
0.000000e+00	-5.436401e-06	-9.858098e-09	-3.833661e+01	-6.450286e+02
1.000000e-08	-5.435221e-06	-9.867171e-09	-3.832829e+01	-6.454114e+02
2.000000e-08	-5.432066e-06	-9.872894e-09	-3.830604e+01	-6.456679e+02
3.000000e-08	-5.427182e-06	-9.875695e-09	-3.827160e+01	-6.458065e+02
4.000000e-08	-5.420667e-06	-9.873602e-09	-3.822566e+01	-6.458315e+02
5.000000e-08	-5.412527e-06	-9.868421e-09	-3.816825e+01	-6.457418e+02
6.000000e-08	-5.402404e-06	-9.863638e-09	-3.809687e+01	-6.455313e+02
7.000000e-08	-5.390228e-06	-9.851118e-09	-3.801101e+01	-6.451906e+02
8.000000e-08	-5.376072e-06	-9.848191e-09	-3.791118e+01	-6.447102e+02
9.000000e-08	-5.359602e-06	-9.878350e-09	-3.779504e+01	-6.440836e+02
1.000000e-07	-5.340923e-06	-9.855433e-09	-3.766332e+01	-6.433103e+02
1.100000e-07	-5.320309e-06	-9.814681e-09	-3.751795e+01	-6.423970e+02
1.200000e-07	-5.297878e-06	-9.800218e-09	-3.735977e+01	-6.413573e+02
1.300000e-07	-5.273981e-06	-9.731702e-09	-3.719125e+01	-6.402093e+02
1.400000e-07	-5.248572e-06	-9.753067e-09	-3.701207e+01	-6.389716e+02
1.500000e-07	-5.221359e-06	-9.827627e-09	-3.682017e+01	-6.376596e+02
1.600000e-07	-5.192487e-06	-9.694958e-09	-3.661657e+01	-6.362817e+02
1.700000e-07	-5.162162e-06	-9.690389e-09	-3.640272e+01	-6.348377e+02
1.800000e-07	-5.130044e-06	-9.715703e-09	-3.617623e+01	-6.333183e+02
1.900000e-07	-5.095793e-06	-9.604929e-09	-3.593470e+01	-6.317082e+02
2.000000e-07	-5.059881e-06	-9.697717e-09	-3.568146e+01	-6.299891e+02
2.100000e-07	-5.022372e-06	-9.672163e-09	-3.541695e+01	-6.281441e+02
2.200000e-07	-4.983076e-06	-9.528402e-09	-3.513984e+01	-6.261613e+02
2.300000e-07	-4.941866e-06	-9.559052e-09	-3.484923e+01	-6.240364e+02
2.400000e-07	-4.898640e-06	-9.535517e-09	-3.454441e+01	-6.217725e+02
2.500000e-07	-4.853685e-06	-9.473116e-09	-3.422740e+01	-6.193784e+02
2.600000e-07	-4.806972e-06	-9.438420e-09	-3.389798e+01	-6.168654e+02
2.700000e-07	-4.758204e-06	-9.358791e-09	-3.355408e+01	-6.142436e+02
2.800000e-07	-4.707317e-06	-9.342994e-09	-3.319523e+01	-6.115187e+02
2.900000e-07	-4.654491e-06	-9.325375e-09	-3.282271e+01	-6.086902e+02
3.000000e-07	-4.600015e-06	-9.269959e-09	-3.243856e+01	-6.057513e+02
3.100000e-07	-4.544023e-06	-9.185917e-09	-3.204371e+01	-6.026910e+02
3.200000e-07	-4.486224e-06	-9.134549e-09	-3.163612e+01	-5.994973e+02
3.300000e-07	-4.426720e-06	-9.115236e-09	-3.121651e+01	-5.961610e+02
3.400000e-07	-4.365782e-06	-9.056460e-09	-3.078678e+01	-5.926781e+02
3.500000e-07	-4.303373e-06	-9.025358e-09	-3.034668e+01	-5.890521e+02
3.600000e-07	-4.239509e-06	-8.938435e-09	-2.989632e+01	-5.852931e+02
3.700000e-07	-4.173936e-06	-8.850565e-09	-2.943392e+01	-5.814161e+02
3.800000e-07	-4.106671e-06	-8.819681e-09	-2.895957e+01	-5.774371e+02
3.900000e-07	-4.037978e-06	-8.759921e-09	-2.847516e+01	-5.733702e+02
4.000000e-07	-3.967951e-06	-8.697573e-09	-2.798134e+01	-5.692239e+02
4.100000e-07	-3.896724e-06	-8.622066e-09	-2.747906e+01	-5.649999e+02
4.200000e-07	-3.824150e-06	-8.558760e-09	-2.696728e+01	-5.606930e+02
4.300000e-07	-3.749863e-06	-8.494566e-09	-2.644342e+01	-5.562929e+02
4.400000e-07	-3.673892e-06	-8.418873e-09	-2.590768e+01	-5.517872e+02
4.500000e-07	-3.596550e-06	-8.351001e-09	-2.536228e+01	-5.471650e+02
4.600000e-07	-3.517744e-06	-8.280371e-09	-2.480655e+01	-5.424189e+02
4.700000e-07	-3.437433e-06	-8.212141e-09	-2.424021e+01	-5.375474e+02
4.800000e-07	-3.355879e-06	-8.128175e-09	-2.366511e+01	-5.325539e+02
4.900000e-07	-3.273191e-06	-8.047844e-09	-2.308201e+01	-5.274464e+02
5.000000e-07	-3.189514e-06	-7.977762e-09	-2.249193e+01	-5.222343e+02
5.100000e-07	-3.104910e-06	-7.888381e-09	-2.189532e+01	-5.169260e+02
5.200000e-07	-3.019357e-06	-7.794232e-09	-2.129201e+01	-5.115273e+02
5.300000e-07	-2.932848e-06	-7.713990e-09	-2.068197e+01	-5.060400e+02
5.400000e-07	-2.845459e-06	-7.640931e-09	-2.006571e+01	-5.004620e+02
5.500000e-07	-2.757207e-06	-7.549381e-09	-1.944338e+01	-4.947891e+02
5.600000e-07	-2.667732e-06	-7.442622e-09	-1.881241e+01	-4.890161e+02
5.700000e-07	-2.576967e-06	-7.351601e-09	-1.817235e+01	-4.831392e+02
5.800000e-07	-2.485237e-06	-7.272158e-09	-1.752548e+01	-4.771567e+02
5.900000e-07	-2.392723e-06	-7.189566e-09	-1.687310e+01	-4.710695e+02
6.000000e-07	-2.299477e-06	-7.090147e-09	-1.621554e+01	-4.648800e+02
6.100000e-07	-2.205492e-06	-6.982870e-09	-1.555277e+01	-4.585907e+02
6.200000e-07	-2.110768e-06	-6.879522e-09	-1.488479e+01	-4.522026e+02
6.300000e-07	-2.015372e-06	-6.783975e-09	-1.421207e+01	-4.457140e+02
6.400000e-07	-1.919296e-06	-6.691603e-09	-1.353456e+01	-4.391199e+02
6.500000e-07	-1.822425e-06	-6.584523e-09	-1.285145e+01	-4.324126e+02
6.600000e-07	-1.724598e-06	-6.471003e-09	-1.216158e+01	-4.255837e+02
6.700000e-07	-1.625937e-06	-6.369838e-09	-1.146584e+01	-4.186256e+02
6.800000e-07	-1.526729e-06	-6.277004e-09	-1.076624e+01	-4.115341e+02
6.900000e-07	-1.427121e-06	-6.163626e-09	-1.006382e+01	-4.043090e+02
7.000000e-07	-1.327123e-06	-6.032751e-09	-9.358652e+00	-3.969548e+02
7.100000e-07	-1.226688e-06	-5.914753e-09	-8.650400e+00	-3.894793e+02
7.200000e-07	-1.125766e-06	-5.814135e-09	-7.938719e+00	-3.818911e+02
7.300000e-07	-1.024391e-06	-5.706791e-09	-7.223841e+00	-3.741972e+02
7.400000e-07	-9.227008e-07	-5.577203e-09	-6.506736e+00	-3.663997e+02
7.500000e-07	-8.207035e-07	-5.444232e-09	-5.787467e+00	-3.584942e+02
7.600000e-07	-7.184039e-07	-5.321327e-09	-5.066067e+00	-3.504685e+02
7.700000e-07	-6.158242e-07	-5.206021e-09	-4.342692e+00	-3.423034e+02
7.800000e-07	-5.130578e-07	-5.083783e-09	-3.618000e+00	-3.339739e+02
7.900000e-07	-4.101847e-07	-4.946760e-09	-2.892556e+00	-3.254521e+02
8.000000e-07	-3.071606e-07	-4.806103e-09	-2.166046e+00	-3.167091e+02
8.100000e-07	-2.040481e-07	-4.670842e-09	-1.438914e+00	-3.077181e+02
8.200000e-07	-1.009019e-07	-4.536058e-09	-7.115435e-01	-2.984548e+02
8.300000e-07	2.286217e-09	-4.388219e-09	1.612203e-02	-2.888985e+02
8.400000e-07	1.054688e-07	-4.229996e-09	7.437485e-01	-2.790313e+02
8.500000e-07	2.085948e-07	-4.072786e-09	1.470977e+00	-2.688374e+02
8.600000e-07	3.116545e-07	-3.918438e-09	2.197737e+00	-2.583012e+02
8.700000e-07	4.146080e-07	-3.753583e-09	2.923748e+00	-2.474072e+02
8.800000e-07	5.174599e-07	-3.573450e-09	3.649043e+00	-2.361390e+02
8.900000e-07	6.201837e-07	-3.389003e-09	4.373434e+00	-2.244801e+02
9.000000e-07	7.227005e-07	-3.206543e-09	5.096366e+00	-2.124144e+02
9.100000e-07	8.249930e-07	-3.020307e-09	5.817716e+00	-1.999272e+02
9.200000e-07	9.269673e-07	-2.823609e-09	6.536822e+00	-1.870068e+02
9.300000e-07	1.028555e-06	-2.617256e-09	7.253199e+00	-1.736452e+02
9.400000e-07	1.129774e-06	-2.404333e-09	7.966979e+00	-1.598387e+02
9.500000e-07	1.230643e-06	-2.189056e-09	8.678293e+00	-1.455877e+02
9.600000e-07	1.331087e-06	-1.967639e-09	9.386605e+00	-1.308969e+02
9.700000e-07	1.431072e-06	-1.738670e-09	1.009168e+01	-1.157750e+02
9.800000e-07	1.530616e-06	-1.501679e-09	1.079365e+01	-1.002339e+02
9.900000e-07	1.629680e-06	-1.257192e-09	1.149224e+01	-8.428876e+01
1.000000e-06	1.728220e-06	-1.006604e-09	1.218712e+01	-6.795746e+01
1.010000e-06	1.826014e-06	-7.512811e-10	1.287675e+01	-5.126059e+01
1.020000e-06	1.922847e-06	-4.923696e-10	1.355960e+01	-3.422082e+01
1.030000e-06	2.018786e-06	-2.279739e-10	1.423615e+01	-1.686233e+01
1.040000e-06	2.114050e-06	4.042449e-11	1.490794e+01	7.899801e-01
1.050000e-06	2.208683e-06	3.147888e-10	1.557527e+01	1.871139e+01
1.060000e-06	2.302544e-06	5.923740e-10	1.623717e+01	3.687799e+01
1.070000e-06	2.395668e-06	8.717718e-10	1.689386e+01	5.526702e+01
1.080000e-06	2.488084e-06	1.153609e-09	1.754556e+01	7.385654e+01
1.090000e-06	2.579704e-06	1.440281e-09	1.819165e+01	9.262461e+01
1.100000e-06	2.670470e-06	1.730654e-09	1.883172e+01	1.115479e+02
1.110000e-06	2.760195e-06	2.019654e-09	1.946445e+01	1.306001e+02
1.120000e-06	2.848665e-06	2.310217e-09	2.008832e+01	1.497507e+02
1.130000e-06	2.936044e-06	2.603533e-09	2.070450e+01	1.689642e+02
1.140000e-06	3.022514e-06	2.898149e-09	2.131427e+01	1.882001e+02
1.150000e-06	3.108001e-06	3.189519e-09	2.191712e+01	2.074140e+02
1.160000e-06	3.192452e-06	3.476610e-09	2.251265e+01	2.265594e+02
1.170000e-06	3.275944e-06	3.763347e-09	2.310143e+01	2.455893e+02
1.180000e-06	3.358438e-06	4.052546e-09	2.368315e+01	2.644584e+02
1.190000e-06	3.439611e-06	4.339916e-09	2.425557e+01	2.831242e+02
1.200000e-06	3.519455e-06	4.619458e-09	2.481862e+01	3.015472e+02
1.210000e-06	3.598031e-06	4.889661e-09	2.537273e+01	3.196904e+02
1.220000e-06	3.675298e-06	5.154994e-09	2.591760e+01	3.375179e+02
1.230000e-06	3.751294e-06	5.419523e-09	2.645352e+01	3.549929e+02
1.240000e-06	3.825854e-06	5.680846e-09	2.697930e+01	3.720768e+02
1.250000e-06	3.898741e-06	5.936648e-09	2.749328e+01	3.887283e+02
1.260000e-06	3.970094e-06	6.184710e-09	2.799645e+01	4.049041e+02
1.270000e-06	4.040130e-06	6.424138e-09	2.849034e+01	4.205603e+02
1.280000e-06	4.108819e-06	6.652805e-09	2.897472e+01	4.356547e+02
1.290000e-06	4.176134e-06	6.868091e-09	2.944942e+01	4.501498e+02
1.300000e-06	4.241854e-06	7.073681e-09	2.991286e+01	4.640150e+02
1.310000e-06	4.305930e-06	7.272206e-09	3.036471e+01	4.772281e+02
1.320000e-06	4.368549e-06	7.462673e-09	3.080629e+01	4.897757e+02
1.330000e-06	4.429754e-06	7.644694e-09	3.123790e+01	5.016526e+02
1.340000e-06	4.489622e-06	7.816677e-09	3.166008e+01	5.128604e+02
1.350000e-06	4.547957e-06	7.978414e-09	3.207145e+01	5.234055e+02
1.360000e-06	4.604460e-06	8.130575e-09	3.246990e+01	5.332982e+02
1.370000e-06	4.659230e-06	8.273586e-09	3.285613e+01	5.425514e+02
1.380000e-06	4.712355e-06	8.404868e-09	3.323076e+01	5.511812e+02
1.390000e-06	4.763546e-06	8.521637e-09	3.359175e+01	5.592079e+02
1.400000e-06	4.812603e-06	8.627912e-09	3.393769e+01	5.666568e+02
1.410000e-06	4.859780e-06	8.730138e-09	3.427037e+01	5.735595e+02
1.420000e-06	4.905321e-06	8.829269e-09	3.459152e+01	5.799536e+02
1.430000e-06	4.949292e-06	8.921896e-09	3.490160e+01	5.858818e+02
1.440000e-06	4.991519e-06	9.006946e-09	3.519938e+01	5.913891e+02
1.450000e-06	5.031849e-06	9.085972e-09	3.548378e+01	5.965196e+02
1.460000e-06	5.070421e-06	9.159679e-09	3.575578e+01	6.013127e+02
1.470000e-06	5.107361e-06	9.227882e-09	3.601628e+01	6.058004e+02
1.480000e-06	5.142664e-06	9.291635e-09	3.626523e+01	6.100051e+02
1.490000e-06	5.176067e-06	9.351176e-09	3.650078e+01	6.139402e+02
1.500000e-06	5.207491e-06	9.404343e-09	3.672238e+01	6.176112e+02
1.510000e-06	5.237157e-06	9.453394e-09	3.693158e+01	6.210194e+02
1.520000e-06	5.265165e-06	9.501729e-09	3.712908e+01	6.241652e+02
1.530000e-06	5.291274e-06	9.547225e-09	3.731320e+01	6.270515e+02
1.540000e-06	5.315263e-06	9.585784e-09	3.748236e+01	6.296863e+02
1.550000e-06	5.337324e-06	9.620292e-09	3.763794e+01	6.320827e+02
1.560000e-06	5.357723e-06	9.653887e-09	3.778179e+01	6.342585e+02
1.570000e-06	5.376372e-06	9.685665e-09	3.791329e+01	6.362335e+02
1.580000e-06	5.393035e-06	9.712349e-09	3.803080e+01	6.380264e+02
1.590000e-06	5.407646e-06	9.732826e-09	3.813383e+01	6.396525e+02
1.600000e-06	5.420278e-06	9.751577e-09	3.822291e+01	6.411217e+02
1.610000e-06	5.430803e-06	9.771193e-09	3.829714e+01	6.424386e+02
1.620000e-06	5.439186e-06	9.790884e-09	3.835625e+01	6.436035e+02
1.630000e-06	5.445651e-06	9.808763e-09	3.840184e+01	6.446146e+02
1.640000e-06	5.450317e-06	9.823552e-09	3.843475e+01	6.454711e+02
1.650000e-06	5.453112e-06	9.836222e-09	3.845445e+01	6.461746e+02
1.660000e-06	5.453898e-06	9.845255e-09	3.846000e+01	6.467307e+02
1.670000e-06	5.452805e-06	9.849076e-09	3.845229e+01	6.471480e+02
1.680000e-06	5.450030e-06	9.853509e-09	3.843272e+01	6.474366e+02
1.690000e-06	5.445671e-06	9.855735e-09	3.840199e+01	6.476055e+02
1.700000e-06	5.439454e-06	9.856755e-09	3.835814e+01	6.476603e+02
1.710000e-06	5.431310e-06	9.856843e-09	3.830071e+01	6.476011e+02
1.720000e-06	5.421526e-06	9.856588e-09	3.823172e+01	6.474231e+02
1.730000e-06	5.410081e-06	9.865879e-09	3.815101e+01	6.471174e+02
1.740000e-06	5.396807e-06	9.832016e-09	3.805740e+01	6.466741e+02
1.750000e-06	5.381454e-06	9.796361e-09	3.794914e+01	6.460858e+02
1.760000e-06	5.363758e-06	9.817695e-09	3.782435e+01	6.453503e+02
1.770000e-06	5.343592e-06	9.805869e-09	3.768214e+01	6.444724e+02
1.780000e-06	5.321076e-06	9.835545e-09	3.752336e+01	6.434642e+02
1.790000e-06	5.296952e-06	9.831204e-09	3.735324e+01	6.423429e+02
1.800000e-06	5.271890e-06	9.678808e-09	3.717651e+01	6.411274e+02
1.810000e-06	5.245356e-06	9.732389e-09	3.698940e+01	6.398344e+02
1.820000e-06	5.216793e-06	9.743410e-09	3.678797e+01	6.384741e+02
1.830000e-06	5.186396e-06	9.646024e-09	3.657362e+01	6.370485e+02
1.840000e-06	5.154169e-06	9.753818e-09	3.634636e+01	6.355507e+02
1.850000e-06	5.120086e-06	9.630898e-09	3.610601e+01	6.339665e+02
1.860000e-06	5.084407e-06	9.510268e-09	3.585441e+01	6.322778e+02
1.870000e-06	5.046849e-06	9.645269e-09	3.558955e+01	6.304670e+02
1.880000e-06	5.007357e-06	9.536550e-09	3.531106e+01	6.285208e+02
1.890000e-06	4.966190e-06	9.490507e-09	3.502076e+01	6.264329e+02
1.900000e-06	4.923218e-06	9.513774e-09	3.471773e+01	6.242046e+02
1.910000e-06	4.878704e-06	9.418631e-09	3.440382e+01	6.218434e+02
1.920000e-06	4.832500e-06	9.480653e-09	3.407800e+01	6.193605e+02
1.930000e-06	4.784371e-06	9.378649e-09	3.373860e+01	6.167666e+02
1.940000e-06	4.734503e-06	9.304955e-09	3.338694e+01	6.140688e+02
1.950000e-06	4.682838e-06	9.329578e-09	3.302261e+01	6.112680e+02
1.960000e-06	4.629233e-06	9.252504e-09	3.264460e+01	6.083591e+02
1.970000e-06	4.573715e-06	9.264675e-09	3.225309e+01	6.053317e+02
1.980000e-06	4.516530e-06	9.166694e-09	3.184983e+01	6.021739e+02
1.990000e-06	4.457867e-06	9.102752e-09	3.143615e+01	5.988753e+02
2.000000e-06	4.397706e-06	9.049217e-09	3.101190e+01	5.954304e+02
2.010000e-06	4.335850e-06	8.976688e-09	3.057571e+01	5.918410e+02
2.020000e-06	4.272253e-06	9.027635e-09	3.012723e+01	5.881154e+02
2.030000e-06	4.207155e-06	8.902474e-09	2.966817e+01	5.842678e+02
2.040000e-06	4.140642e-06	8.824626e-09	2.919913e+01	5.803143e+02
2.050000e-06	4.072698e-06	8.777053e-09	2.872000e+01	5.762698e+02
2.060000e-06	4.003282e-06	8.714571e-09	2.823049e+01	5.721444e+02
2.070000e-06	3.932210e-06	8.681174e-09	2.772930e+01	5.679415e+02
2.080000e-06	3.859649e-06	8.553173e-09	2.721761e+01	5.636576e+02
2.090000e-06	3.785762e-06	8.528878e-09	2.669658e+01	5.592833e+02
2.100000e-06	3.710497e-06	8.466407e-09	2.616582e+01	5.548067e+02
2.110000e-06	3.633742e-06	8.391131e-09	2.562455e+01	5.502159e+02
2.120000e-06	3.555255e-06	8.318554e-09	2.507108e+01	5.455026e+02
2.130000e-06	3.475378e-06	8.231842e-09	2.450780e+01	5.406637e+02
2.140000e-06	3.394421e-06	8.177306e-09	2.393690e+01	5.357016e+02
2.150000e-06	3.312329e-06	8.059313e-09	2.335801e+01	5.306232e+02
2.160000e-06	3.229171e-06	8.009624e-09	2.277159e+01	5.254378e+02
2.170000e-06	3.145021e-06	7.951386e-09	2.217818e+01	5.201543e+02
2.180000e-06	3.059712e-06	7.861039e-09	2.157659e+01	5.147794e+02
2.190000e-06	2.973010e-06	7.750705e-09	2.096518e+01	5.093157e+02
2.200000e-06	2.885166e-06	7.663325e-09	2.034572e+01	5.037622e+02
2.210000e-06	2.796398e-06	7.625220e-09	1.971974e+01	4.981149e+02
2.220000e-06	2.706718e-06	7.531451e-09	1.908734e+01	4.923688e+02
2.230000e-06	2.616137e-06	7.427208e-09	1.844857e+01	4.865196e+02
2.240000e-06	2.524714e-06	7.322116e-09	1.780387e+01	4.805650e+02
2.250000e-06	2.432553e-06	7.241022e-09	1.715397e+01	4.745052e+02
2.260000e-06	2.339530e-06	7.154725e-09	1.649798e+01	4.683425e+02
2.270000e-06	2.245540e-06	7.060902e-09	1.583518e+01	4.620794e+02
2.280000e-06	2.150558e-06	6.965248e-09	1.516538e+01	4.557175e+02
2.290000e-06	2.054699e-06	6.852866e-09	1.448940e+01	4.492559e+02
2.300000e-06	1.958183e-06	6.758045e-09	1.380879e+01	4.426902e+02
2.310000e-06	1.861116e-06	6.675051e-09	1.312428e+01	4.360135e+02
2.320000e-06	1.763460e-06	6.576616e-09	1.243563e+01	4.292172e+02
2.330000e-06	1.665172e-06	6.442788e-09	1.174252e+01	4.222934e+02
2.340000e-06	1.566322e-06	6.327062e-09	1.104545e+01	4.152368e+02
2.350000e-06	1.466989e-06	6.243265e-09	1.034497e+01	4.080463e+02
2.360000e-06	1.367295e-06	6.145138e-09	9.641940e+00	4.007253e+02
2.370000e-06	1.267267e-06	6.010729e-09	8.936557e+00	3.932807e+02
2.380000e-06	1.166852e-06	5.875746e-09	8.228447e+00	3.857214e+02
2.390000e-06	1.065993e-06	5.772372e-09	7.517208e+00	3.780549e+02
2.400000e-06	9.646151e-07	5.674825e-09	6.802309e+00	3.702849e+02
2.410000e-06	8.626785e-07	5.558043e-09	6.083468e+00	3.624087e+02
2.420000e-06	7.603592e-07	5.423017e-09	5.361929e+00	3.544160e+02
2.430000e-06	6.577395e-07	5.290199e-09	4.638272e+00	3.462894e+02
2.440000e-06	5.548214e-07	5.170063e-09	3.912510e+00	3.380050e+02
2.450000e-06	4.517193e-07	5.053030e-09	3.185451e+00	3.295354e+02
2.460000e-06	3.484409e-07	4.919361e-09	2.457148e+00	3.208518e+02
2.470000e-06	2.450225e-07	4.770557e-09	1.727858e+00	3.119266e+02
2.480000e-06	1.415005e-07	4.627137e-09	9.978387e-01	3.027349e+02
2.490000e-06	3.796315e-08	4.496060e-09	2.677099e-01	2.932551e+02
2.500000e-06	-6.552329e-08	4.358381e-09	-4.620596e-01	2.834687e+02
2.510000e-06	-1.689786e-07	4.199035e-09	-1.191609e+00	2.733593e+02
2.520000e-06	-2.723943e-07	4.030165e-09	-1.920880e+00	2.629116e+02
2.530000e-06	-3.757465e-07	3.866579e-09	-2.649703e+00	2.521099e+02
2.540000e-06	-4.789155e-07	3.705211e-09	-3.377234e+00	2.409383e+02
2.550000e-06	-5.818342e-07	3.532177e-09	-4.102999e+00	2.293801e+02
2.560000e-06	-6.845192e-07	3.345638e-09	-4.827118e+00	2.174190e+02
2.570000e-06	-7.868620e-07	3.154489e-09	-5.548822e+00	2.050398e+02
2.580000e-06	-8.887705e-07	2.962943e-09	-6.267464e+00	1.922301e+02
2.590000e-06	-9.902333e-07	2.766536e-09	-6.982964e+00	1.789808e+02
2.600000e-06	-1.091218e-06	2.557611e-09	-7.695093e+00	1.652871e+02
2.610000e-06	-1.191755e-06	2.337347e-09	-8.404064e+00	1.511483e+02
2.620000e-06	-1.291873e-06	2.112051e-09	-9.110079e+00	1.365684e+02
2.630000e-06	-1.391538e-06	1.883083e-09	-9.812898e+00	1.215547e+02
2.640000e-06	-1.490827e-06	1.648759e-09	-1.051307e+01	1.061186e+02
2.650000e-06	-1.589714e-06	1.407893e-09	-1.121040e+01	9.027427e+01
2.660000e-06	-1.688029e-06	1.158233e-09	-1.190370e+01	7.403912e+01
2.670000e-06	-1.785748e-06	9.017567e-10	-1.259280e+01	5.743304e+01
2.680000e-06	-1.882885e-06	6.443459e-10	-1.327780e+01	4.047823e+01
2.690000e-06	-1.979431e-06	3.862243e-10	-1.395862e+01	2.319855e+01
2.700000e-06	-2.075347e-06	1.213226e-10	-1.463501e+01	5.618805e+00
2.710000e-06	-2.170579e-06	-1.521671e-10	-1.530657e+01	-1.223616e+01
2.720000e-06	-2.265081e-06	-4.314589e-10	-1.597298e+01	-3.034219e+01
2.730000e-06	-2.358631e-06	-7.141066e-10	-1.663268e+01	-4.867624e+01
2.740000e-06	-2.451087e-06	-9.983145e-10	-1.728466e+01	-6.721623e+01
2.750000e-06	-2.542596e-06	-1.284737e-09	-1.792997e+01	-8.594032e+01
2.760000e-06	-2.633227e-06	-1.573146e-09	-1.856909e+01	-1.048257e+02
2.770000e-06	-2.722932e-06	-1.863190e-09	-1.920167e+01	-1.238468e+02
2.780000e-06	-2.811732e-06	-2.152702e-09	-1.982787e+01	-1.429745e+02
2.790000e-06	-2.899672e-06	-2.442527e-09	-2.044802e+01	-1.621744e+02
2.800000e-06	-2.986691e-06	-2.735508e-09	-2.106166e+01	-1.814073e+02
2.810000e-06	-3.072523e-06	-3.032605e-09	-2.166693e+01	-2.006297e+02
2.820000e-06	-3.157070e-06	-3.329249e-09	-2.226314e+01	-2.197952e+02
2.830000e-06	-3.240547e-06	-3.621263e-09	-2.285181e+01	-2.388568e+02
2.840000e-06	-3.322998e-06	-3.911746e-09	-2.343324e+01	-2.577688e+02
2.850000e-06	-3.404293e-06	-4.201928e-09	-2.400652e+01	-2.764877e+02
2.860000e-06	-3.484394e-06	-4.487296e-09	-2.457138e+01	-2.949735e+02
2.870000e-06	-3.563191e-06	-4.766086e-09	-2.512704e+01	-3.131886e+02
2.880000e-06	-3.640459e-06	-5.037935e-09	-2.567192e+01	-3.310969e+02
2.890000e-06	-3.716274e-06	-5.303692e-09	-2.620656e+01	-3.486621e+02
2.900000e-06	-3.790749e-06	-5.566782e-09	-2.673175e+01	-3.658461e+02
2.910000e-06	-3.863851e-06	-5.826405e-09	-2.724724e+01	-3.826083e+02
2.920000e-06	-3.935678e-06	-6.077632e-09	-2.775376e+01	-3.989057e+02
2.930000e-06	-4.006096e-06	-6.319019e-09	-2.825033e+01	-4.146944e+02
2.940000e-06	-4.074909e-06	-6.554136e-09	-2.873559e+01	-4.299315e+02
2.950000e-06	-4.142268e-06	-6.783824e-09	-2.921060e+01	-4.445782e+02
2.960000e-06	-4.208279e-06	-7.000762e-09	-2.967610e+01	-4.586019e+02
2.970000e-06	-4.272857e-06	-7.202368e-09	-3.013149e+01	-4.719782e+02
2.980000e-06	-4.335958e-06	-7.394024e-09	-3.057647e+01	-4.846915e+02
2.990000e-06	-4.397384e-06	-7.578725e-09	-3.100964e+01	-4.967347e+02
3.000000e-06	-4.457120e-06	-7.754418e-09	-3.143088e+01	-5.081078e+02
3.010000e-06	-4.515458e-06	-7.918519e-09	-3.184227e+01	-5.188164e+02
3.020000e-06	-4.572351e-06	-8.071259e-09	-3.224348e+01	-5.288696e+02
3.030000e-06	-4.627531e-06	-8.214549e-09	-3.263259e+01	-5.382798e+02
3.040000e-06	-4.680736e-06	-8.352117e-09	-3.300779e+01	-5.470623e+02
3.050000e-06	-4.731964e-06	-8.481545e-09	-3.336904e+01	-5.552362e+02
3.060000e-06	-4.781277e-06	-8.598392e-09	-3.371679e+01	-5.628254e+02
3.070000e-06	-4.828639e-06	-8.703305e-09	-3.405078e+01	-5.698598e+02
3.080000e-06	-4.874288e-06	-8.801358e-09	-3.437268e+01	-5.763758e+02
3.090000e-06	-4.918474e-06	-8.895559e-09	-3.468427e+01	-5.824149e+02
3.100000e-06	-4.961215e-06	-8.982849e-09	-3.498568e+01	-5.880218e+02
3.110000e-06	-5.002389e-06	-9.062107e-09	-3.527603e+01	-5.932411e+02
3.120000e-06	-5.041852e-06	-9.136058e-09	-3.555432e+01	-5.981137e+02
3.130000e-06	-5.079402e-06	-9.206777e-09	-3.581911e+01	-6.026738e+02
3.140000e-06	-5.115049e-06	-9.272522e-09	-3.607049e+01	-6.069462e+02
3.150000e-06	-5.148923e-06	-9.332100e-09	-3.630937e+01	-6.109465e+02
3.160000e-06	-5.181072e-06	-9.389425e-09	-3.653607e+01	-6.146818e+02
3.170000e-06	-5.211330e-06	-9.443608e-09	-3.674945e+01	-6.181543e+02
3.180000e-06	-5.239618e-06	-9.493957e-09	-3.694893e+01	-6.213641e+02
3.190000e-06	-5.266062e-06	-9.538545e-09	-3.713541e+01	-6.243133e+02
3.200000e-06	-5.290682e-06	-9.579407e-09	-3.730903e+01	-6.270085e+02
3.210000e-06	-5.313425e-06	-9.618204e-09	-3.746941e+01	-6.294615e+02
3.220000e-06	-5.334247e-06	-9.654322e-09	-3.761624e+01	-6.316892e+02
3.230000e-06	-5.353265e-06	-9.688085e-09	-3.775035e+01	-6.337111e+02
3.240000e-06	-5.370472e-06	-9.717602e-09	-3.787169e+01	-6.355464e+02
3.250000e-06	-5.385675e-06	-9.743155e-09	-3.797890e+01	-6.372116e+02
3.260000e-06	-5.398683e-06	-9.766202e-09	-3.807063e+01	-6.387180e+02
3.270000e-06	-5.409615e-06	-9.786513e-09	-3.814772e+01	-6.400714e+02
3.280000e-06	-5.418760e-06	-9.804470e-09	-3.821221e+01	-6.412729e+02
3.290000e-06	-5.426025e-06	-9.819659e-09	-3.826344e+01	-6.423212e+02
3.300000e-06	-5.431216e-06	-9.832460e-09	-3.830005e+01	-6.432149e+02
3.310000e-06	-5.434526e-06	-9.842513e-09	-3.832339e+01	-6.439548e+02
3.320000e-06	-5.436104e-06	-9.849113e-09	-3.833452e+01	-6.445456e+02
