# Temperatura_=_58.17
# Concentracion g/m^3_=_24000.0
# C_Vs_to_Am_M_A/Vsm_=_65563218390.804596
# pendiente_HvsI_1/m_=_3716.3
# ordenada_HvsI_A/m_=_1297.0
# frecuencia_Hz_=_300787.0438451083

Tiempo_(s)	Campo_(V.s)	Magnetizacion_(V.s)	Campo_(kA/m)	Magnetizacion_(A/m)
0.000000e+00	-5.426557e-06	-1.097603e-08	-3.832906e+01	-7.178440e+02
1.000000e-08	-5.423490e-06	-1.098386e-08	-3.830739e+01	-7.182489e+02
2.000000e-08	-5.418737e-06	-1.098772e-08	-3.827382e+01	-7.185278e+02
3.000000e-08	-5.412365e-06	-1.098602e-08	-3.822881e+01	-7.186819e+02
4.000000e-08	-5.404245e-06	-1.098267e-08	-3.817146e+01	-7.187086e+02
5.000000e-08	-5.394104e-06	-1.098206e-08	-3.809983e+01	-7.186030e+02
6.000000e-08	-5.381988e-06	-1.097789e-08	-3.801425e+01	-7.183593e+02
7.000000e-08	-5.367854e-06	-1.097558e-08	-3.791442e+01	-7.179729e+02
8.000000e-08	-5.351434e-06	-1.098993e-08	-3.779844e+01	-7.174426e+02
9.000000e-08	-5.332848e-06	-1.097226e-08	-3.766716e+01	-7.167715e+02
1.000000e-07	-5.312316e-06	-1.094251e-08	-3.752214e+01	-7.159673e+02
1.100000e-07	-5.289976e-06	-1.092485e-08	-3.736435e+01	-7.150414e+02
1.200000e-07	-5.266116e-06	-1.087919e-08	-3.719583e+01	-7.140066e+02
1.300000e-07	-5.240697e-06	-1.088549e-08	-3.701628e+01	-7.128744e+02
1.400000e-07	-5.213553e-06	-1.093098e-08	-3.682456e+01	-7.116531e+02
1.500000e-07	-5.184839e-06	-1.084852e-08	-3.662174e+01	-7.103462e+02
1.600000e-07	-5.154658e-06	-1.082465e-08	-3.640857e+01	-7.089516e+02
1.700000e-07	-5.122668e-06	-1.083098e-08	-3.618262e+01	-7.074632e+02
1.800000e-07	-5.088573e-06	-1.075626e-08	-3.594180e+01	-7.058725e+02
1.900000e-07	-5.052853e-06	-1.079335e-08	-3.568949e+01	-7.041712e+02
2.000000e-07	-5.015493e-06	-1.077905e-08	-3.542562e+01	-7.023534e+02
2.100000e-07	-4.976294e-06	-1.069941e-08	-3.514874e+01	-7.004171e+02
2.200000e-07	-4.935198e-06	-1.069676e-08	-3.485847e+01	-6.983642e+02
2.300000e-07	-4.892139e-06	-1.066152e-08	-3.455434e+01	-6.961996e+02
2.400000e-07	-4.847392e-06	-1.060831e-08	-3.423827e+01	-6.939292e+02
2.500000e-07	-4.800892e-06	-1.056082e-08	-3.390983e+01	-6.915569e+02
2.600000e-07	-4.752322e-06	-1.050646e-08	-3.356678e+01	-6.890831e+02
2.700000e-07	-4.701592e-06	-1.050320e-08	-3.320846e+01	-6.865031e+02
2.800000e-07	-4.648977e-06	-1.046459e-08	-3.283683e+01	-6.838077e+02
2.900000e-07	-4.594775e-06	-1.040705e-08	-3.245398e+01	-6.809846e+02
3.000000e-07	-4.538989e-06	-1.034756e-08	-3.205996e+01	-6.780212e+02
3.100000e-07	-4.481364e-06	-1.028667e-08	-3.165293e+01	-6.749077e+02
3.200000e-07	-4.422009e-06	-1.025186e-08	-3.123370e+01	-6.716397e+02
3.300000e-07	-4.361230e-06	-1.020482e-08	-3.080440e+01	-6.682199e+02
3.400000e-07	-4.299078e-06	-1.016487e-08	-3.036540e+01	-6.646578e+02
3.500000e-07	-4.235449e-06	-1.009362e-08	-2.991598e+01	-6.609683e+02
3.600000e-07	-4.170094e-06	-1.002575e-08	-2.945436e+01	-6.571690e+02
3.700000e-07	-4.103077e-06	-9.975339e-09	-2.898101e+01	-6.532760e+02
3.800000e-07	-4.034589e-06	-9.904124e-09	-2.849726e+01	-6.493014e+02
3.900000e-07	-3.964733e-06	-9.847762e-09	-2.800385e+01	-6.452506e+02
4.000000e-07	-3.893664e-06	-9.786755e-09	-2.750187e+01	-6.411217e+02
4.100000e-07	-3.821178e-06	-9.727033e-09	-2.698989e+01	-6.369061e+02
4.200000e-07	-3.746989e-06	-9.657109e-09	-2.646587e+01	-6.325909e+02
4.300000e-07	-3.671238e-06	-9.578826e-09	-2.593082e+01	-6.281621e+02
4.400000e-07	-3.594116e-06	-9.517046e-09	-2.538609e+01	-6.236071e+02
4.500000e-07	-3.515464e-06	-9.453639e-09	-2.483056e+01	-6.189179e+02
4.600000e-07	-3.435365e-06	-9.380907e-09	-2.426480e+01	-6.140918e+02
4.700000e-07	-3.354077e-06	-9.293969e-09	-2.369064e+01	-6.091315e+02
4.800000e-07	-3.271634e-06	-9.215699e-09	-2.310832e+01	-6.040439e+02
4.900000e-07	-3.188193e-06	-9.149243e-09	-2.251896e+01	-5.988378e+02
5.000000e-07	-3.103794e-06	-9.062465e-09	-2.192283e+01	-5.935218e+02
5.100000e-07	-3.018416e-06	-8.962763e-09	-2.131979e+01	-5.881024e+02
5.200000e-07	-2.932073e-06	-8.875980e-09	-2.070993e+01	-5.825831e+02
5.300000e-07	-2.844773e-06	-8.808472e-09	-2.009331e+01	-5.769638e+02
5.400000e-07	-2.756581e-06	-8.727820e-09	-1.947038e+01	-5.712422e+02
5.500000e-07	-2.667256e-06	-8.622487e-09	-1.883946e+01	-5.654145e+02
5.600000e-07	-2.576679e-06	-8.521696e-09	-1.819970e+01	-5.594769e+02
5.700000e-07	-2.485157e-06	-8.434828e-09	-1.755325e+01	-5.534266e+02
5.800000e-07	-2.392878e-06	-8.352501e-09	-1.690146e+01	-5.472621e+02
5.900000e-07	-2.299812e-06	-8.256456e-09	-1.624412e+01	-5.409827e+02
6.000000e-07	-2.206013e-06	-8.147752e-09	-1.558159e+01	-5.345884e+02
6.100000e-07	-2.111466e-06	-8.041325e-09	-1.491378e+01	-5.280780e+02
6.200000e-07	-2.016189e-06	-7.946601e-09	-1.424082e+01	-5.214494e+02
6.300000e-07	-1.920225e-06	-7.854367e-09	-1.356300e+01	-5.146987e+02
6.400000e-07	-1.823439e-06	-7.745073e-09	-1.287938e+01	-5.078209e+02
6.500000e-07	-1.725771e-06	-7.625264e-09	-1.218953e+01	-5.008109e+02
6.600000e-07	-1.627347e-06	-7.518165e-09	-1.149434e+01	-4.936642e+02
6.700000e-07	-1.528350e-06	-7.423851e-09	-1.079510e+01	-4.863783e+02
6.800000e-07	-1.428913e-06	-7.312236e-09	-1.009275e+01	-4.789531e+02
6.900000e-07	-1.329044e-06	-7.178713e-09	-9.387350e+00	-4.713907e+02
7.000000e-07	-1.228740e-06	-7.052840e-09	-8.678878e+00	-4.636945e+02
7.100000e-07	-1.127997e-06	-6.946907e-09	-7.967312e+00	-4.558677e+02
7.200000e-07	-1.026831e-06	-6.839531e-09	-7.252747e+00	-4.479114e+02
7.300000e-07	-9.253396e-07	-6.710605e-09	-6.535893e+00	-4.398230e+02
7.400000e-07	-8.235512e-07	-6.572615e-09	-5.816937e+00	-4.315950e+02
7.500000e-07	-7.214956e-07	-6.440418e-09	-5.096095e+00	-4.232144e+02
7.600000e-07	-6.191716e-07	-6.316215e-09	-4.373355e+00	-4.146633e+02
7.700000e-07	-5.165891e-07	-6.186600e-09	-3.648791e+00	-4.059196e+02
7.800000e-07	-4.138282e-07	-6.044245e-09	-2.922966e+00	-3.969589e+02
7.900000e-07	-3.109246e-07	-5.897881e-09	-2.196134e+00	-3.877554e+02
8.000000e-07	-2.079541e-07	-5.755201e-09	-1.468829e+00	-3.782832e+02
8.100000e-07	-1.049668e-07	-5.614192e-09	-7.414051e-01	-3.685175e+02
8.200000e-07	-1.949691e-09	-5.461157e-09	-1.377113e-02	-3.584341e+02
8.300000e-07	1.010664e-07	-5.295310e-09	7.138559e-01	-3.480093e+02
8.400000e-07	2.040420e-07	-5.125659e-09	1.441197e+00	-3.372198e+02
8.500000e-07	3.069408e-07	-4.957853e-09	2.167995e+00	-3.260422e+02
8.600000e-07	4.097258e-07	-4.782704e-09	2.893990e+00	-3.144528e+02
8.700000e-07	5.123863e-07	-4.592684e-09	3.619105e+00	-3.024284e+02
8.800000e-07	6.148939e-07	-4.397024e-09	4.343141e+00	-2.899467e+02
8.900000e-07	7.172121e-07	-4.202451e-09	5.065839e+00	-2.769878e+02
9.000000e-07	8.192935e-07	-4.002829e-09	5.786864e+00	-2.635350e+02
9.100000e-07	9.211015e-07	-3.790670e-09	6.505958e+00	-2.495755e+02
9.200000e-07	1.022570e-06	-3.567855e-09	7.222657e+00	-2.351013e+02
9.300000e-07	1.123615e-06	-3.338435e-09	7.936358e+00	-2.201086e+02
9.400000e-07	1.224271e-06	-3.103182e-09	8.647318e+00	-2.045976e+02
9.500000e-07	1.324541e-06	-2.858651e-09	9.355549e+00	-1.885715e+02
9.600000e-07	1.424411e-06	-2.604985e-09	1.006095e+01	-1.720358e+02
9.700000e-07	1.523886e-06	-2.343786e-09	1.076357e+01	-1.549972e+02
9.800000e-07	1.622895e-06	-2.075963e-09	1.146289e+01	-1.374632e+02
9.900000e-07	1.721315e-06	-1.802163e-09	1.215805e+01	-1.194420e+02
1.000000e-06	1.819008e-06	-1.523795e-09	1.284808e+01	-1.009425e+02
1.010000e-06	1.915764e-06	-1.238952e-09	1.353150e+01	-8.197427e+01
1.020000e-06	2.011604e-06	-9.426172e-10	1.420844e+01	-6.254837e+01
1.030000e-06	2.106729e-06	-6.367929e-10	1.488032e+01	-4.267716e+01
1.040000e-06	2.201181e-06	-3.241046e-10	1.554746e+01	-2.237463e+01
1.050000e-06	2.294918e-06	-8.280047e-12	1.620955e+01	-1.656395e+00
1.060000e-06	2.387859e-06	3.125602e-10	1.686601e+01	1.946023e+01
1.070000e-06	2.480045e-06	6.404670e-10	1.751715e+01	4.095611e+01
1.080000e-06	2.571538e-06	9.744665e-10	1.816338e+01	6.280991e+01
1.090000e-06	2.662242e-06	1.314296e-09	1.880404e+01	8.499750e+01
1.100000e-06	2.751836e-06	1.657446e-09	1.943687e+01	1.074911e+02
1.110000e-06	2.840172e-06	2.005619e-09	2.006081e+01	1.302583e+02
1.120000e-06	2.927455e-06	2.357792e-09	2.067731e+01	1.532611e+02
1.130000e-06	3.013796e-06	2.712731e-09	2.128715e+01	1.764547e+02
1.140000e-06	3.099115e-06	3.069028e-09	2.188978e+01	1.997872e+02
1.150000e-06	3.183420e-06	3.424925e-09	2.248525e+01	2.231992e+02
1.160000e-06	3.266792e-06	3.781178e-09	2.307412e+01	2.466237e+02
1.170000e-06	3.349118e-06	4.139692e-09	2.365562e+01	2.699869e+02
1.180000e-06	3.430133e-06	4.495730e-09	2.422784e+01	2.932089e+02
1.190000e-06	3.509837e-06	4.844277e-09	2.479081e+01	3.162050e+02
1.200000e-06	3.588305e-06	5.186281e-09	2.534504e+01	3.388876e+02
1.210000e-06	3.665462e-06	5.524255e-09	2.589003e+01	3.611678e+02
1.220000e-06	3.741359e-06	5.860115e-09	2.642611e+01	3.829579e+02
1.230000e-06	3.815851e-06	6.188421e-09	2.695226e+01	4.041739e+02
1.240000e-06	3.888672e-06	6.503393e-09	2.746661e+01	4.247380e+02
1.250000e-06	3.959948e-06	6.803332e-09	2.797005e+01	4.445811e+02
1.260000e-06	4.029863e-06	7.090220e-09	2.846388e+01	4.636445e+02
1.270000e-06	4.098463e-06	7.362549e-09	2.894841e+01	4.818817e+02
1.280000e-06	4.165791e-06	7.622301e-09	2.942397e+01	4.992584e+02
1.290000e-06	4.231608e-06	7.872413e-09	2.988885e+01	5.157525e+02
1.300000e-06	4.295719e-06	8.111095e-09	3.034168e+01	5.313529e+02
1.310000e-06	4.358271e-06	8.334522e-09	3.078350e+01	5.460577e+02
1.320000e-06	4.419409e-06	8.540708e-09	3.121533e+01	5.598727e+02
1.330000e-06	4.479218e-06	8.733293e-09	3.163778e+01	5.728091e+02
1.340000e-06	4.537517e-06	8.915484e-09	3.204956e+01	5.848833e+02
1.350000e-06	4.593990e-06	9.087579e-09	3.244844e+01	5.961159e+02
1.360000e-06	4.648734e-06	9.248172e-09	3.283511e+01	6.065322e+02
1.370000e-06	4.701845e-06	9.394730e-09	3.321025e+01	6.161632e+02
1.380000e-06	4.753096e-06	9.526553e-09	3.357224e+01	6.250463e+02
1.390000e-06	4.802275e-06	9.646915e-09	3.391961e+01	6.332257e+02
1.400000e-06	4.849480e-06	9.759405e-09	3.425302e+01	6.407518e+02
1.410000e-06	4.894989e-06	9.864946e-09	3.457446e+01	6.476803e+02
1.420000e-06	4.938954e-06	9.962090e-09	3.488500e+01	6.540691e+02
1.430000e-06	4.981208e-06	1.005202e-08	3.518345e+01	6.599754e+02
1.440000e-06	5.021552e-06	1.013609e-08	3.546841e+01	6.654526e+02
1.450000e-06	5.060139e-06	1.021310e-08	3.574096e+01	6.705470e+02
1.460000e-06	5.097087e-06	1.028436e-08	3.600193e+01	6.752961e+02
1.470000e-06	5.132368e-06	1.035205e-08	3.625113e+01	6.797281e+02
1.480000e-06	5.165769e-06	1.041643e-08	3.648705e+01	6.838626e+02
1.490000e-06	5.197239e-06	1.047512e-08	3.670933e+01	6.877127e+02
1.500000e-06	5.226980e-06	1.052701e-08	3.691939e+01	6.912879e+02
1.510000e-06	5.255058e-06	1.057453e-08	3.711772e+01	6.945965e+02
1.520000e-06	5.281243e-06	1.062064e-08	3.730267e+01	6.976484e+02
1.530000e-06	5.305313e-06	1.066355e-08	3.747268e+01	7.004556e+02
1.540000e-06	5.327435e-06	1.070049e-08	3.762893e+01	7.030328e+02
1.550000e-06	5.347862e-06	1.073337e-08	3.777322e+01	7.053959e+02
1.560000e-06	5.366585e-06	1.076524e-08	3.790546e+01	7.075609e+02
1.570000e-06	5.383337e-06	1.079482e-08	3.802378e+01	7.095417e+02
1.580000e-06	5.398068e-06	1.081980e-08	3.812783e+01	7.113490e+02
1.590000e-06	5.410850e-06	1.084092e-08	3.821812e+01	7.129899e+02
1.600000e-06	5.421515e-06	1.086087e-08	3.829345e+01	7.144682e+02
1.610000e-06	5.430019e-06	1.088036e-08	3.835351e+01	7.157859e+02
1.620000e-06	5.436576e-06	1.089870e-08	3.839983e+01	7.169444e+02
1.630000e-06	5.441313e-06	1.091453e-08	3.843328e+01	7.179464e+02
1.640000e-06	5.444191e-06	1.092794e-08	3.845361e+01	7.187962e+02
1.650000e-06	5.445096e-06	1.094017e-08	3.846000e+01	7.195002e+02
1.660000e-06	5.444092e-06	1.094874e-08	3.845291e+01	7.200658e+02
1.670000e-06	5.441356e-06	1.095585e-08	3.843359e+01	7.204998e+02
1.680000e-06	5.437072e-06	1.095948e-08	3.840333e+01	7.208072e+02
1.690000e-06	5.431011e-06	1.096130e-08	3.836052e+01	7.209898e+02
1.700000e-06	5.422998e-06	1.096245e-08	3.830392e+01	7.210459e+02
1.710000e-06	5.413355e-06	1.096269e-08	3.823581e+01	7.209708e+02
1.720000e-06	5.402090e-06	1.096656e-08	3.815624e+01	7.207589e+02
1.730000e-06	5.388987e-06	1.094518e-08	3.806369e+01	7.204051e+02
1.740000e-06	5.373780e-06	1.091737e-08	3.795628e+01	7.199072e+02
1.750000e-06	5.356232e-06	1.092502e-08	3.783234e+01	7.192674e+02
1.760000e-06	5.336271e-06	1.091970e-08	3.769135e+01	7.184926e+02
1.770000e-06	5.313932e-06	1.093430e-08	3.753356e+01	7.175935e+02
1.780000e-06	5.289889e-06	1.093149e-08	3.736374e+01	7.165826e+02
1.790000e-06	5.264869e-06	1.082326e-08	3.718702e+01	7.154721e+02
1.800000e-06	5.238452e-06	1.082309e-08	3.700042e+01	7.142712e+02
1.810000e-06	5.210085e-06	1.082662e-08	3.680007e+01	7.129843e+02
1.820000e-06	5.179821e-06	1.077410e-08	3.658630e+01	7.116106e+02
1.830000e-06	5.147706e-06	1.083908e-08	3.635947e+01	7.101447e+02
1.840000e-06	5.113770e-06	1.077324e-08	3.611977e+01	7.085784e+02
1.850000e-06	5.078164e-06	1.069115e-08	3.586828e+01	7.069031e+02
1.860000e-06	5.040687e-06	1.074590e-08	3.560357e+01	7.051123e+02
1.870000e-06	5.001308e-06	1.065993e-08	3.532542e+01	7.032030e+02
1.880000e-06	4.960217e-06	1.062358e-08	3.503519e+01	7.011764e+02
1.890000e-06	4.917303e-06	1.064343e-08	3.473208e+01	6.990371e+02
1.900000e-06	4.872845e-06	1.059137e-08	3.441806e+01	6.967906e+02
1.910000e-06	4.826774e-06	1.061329e-08	3.409265e+01	6.944416e+02
1.920000e-06	4.778797e-06	1.052114e-08	3.375377e+01	6.919915e+02
1.930000e-06	4.729100e-06	1.047002e-08	3.340275e+01	6.894366e+02
1.940000e-06	4.677660e-06	1.049154e-08	3.303942e+01	6.867686e+02
1.950000e-06	4.624299e-06	1.041804e-08	3.266252e+01	6.839757e+02
1.960000e-06	4.568971e-06	1.040703e-08	3.227172e+01	6.810450e+02
1.970000e-06	4.511892e-06	1.034068e-08	3.186856e+01	6.779660e+02
1.980000e-06	4.453323e-06	1.027801e-08	3.145487e+01	6.747328e+02
1.990000e-06	4.393287e-06	1.022396e-08	3.103082e+01	6.713467e+02
2.000000e-06	4.331664e-06	1.015321e-08	3.059557e+01	6.678156e+02
2.010000e-06	4.268325e-06	1.015976e-08	3.014819e+01	6.641538e+02
2.020000e-06	4.203399e-06	1.006713e-08	2.968960e+01	6.603782e+02
2.030000e-06	4.137017e-06	1.001109e-08	2.922073e+01	6.565058e+02
2.040000e-06	4.069262e-06	9.966890e-09	2.874216e+01	6.525497e+02
2.050000e-06	4.000080e-06	9.894457e-09	2.825351e+01	6.485168e+02
2.060000e-06	3.929159e-06	9.835940e-09	2.775258e+01	6.444069e+02
2.070000e-06	3.856745e-06	9.730450e-09	2.724110e+01	6.402125e+02
2.080000e-06	3.783073e-06	9.710832e-09	2.672074e+01	6.359216e+02
2.090000e-06	3.708040e-06	9.649958e-09	2.619076e+01	6.315200e+02
2.100000e-06	3.631572e-06	9.561565e-09	2.565065e+01	6.269946e+02
2.110000e-06	3.553422e-06	9.488587e-09	2.509866e+01	6.223363e+02
2.120000e-06	3.473811e-06	9.418448e-09	2.453635e+01	6.175412e+02
2.130000e-06	3.393051e-06	9.360863e-09	2.396592e+01	6.126109e+02
2.140000e-06	3.311135e-06	9.243399e-09	2.338733e+01	6.075515e+02
2.150000e-06	3.228112e-06	9.178960e-09	2.280092e+01	6.023717e+02
2.160000e-06	3.144076e-06	9.124748e-09	2.220735e+01	5.970803e+02
2.170000e-06	3.058995e-06	9.047096e-09	2.160640e+01	5.916844e+02
2.180000e-06	2.972581e-06	8.939994e-09	2.099604e+01	5.861881e+02
2.190000e-06	2.884939e-06	8.840009e-09	2.037701e+01	5.805921e+02
2.200000e-06	2.796347e-06	8.784462e-09	1.975126e+01	5.748944e+02
2.210000e-06	2.706834e-06	8.698782e-09	1.911901e+01	5.690915e+02
2.220000e-06	2.616412e-06	8.606516e-09	1.848034e+01	5.631794e+02
2.230000e-06	2.525124e-06	8.505821e-09	1.783555e+01	5.571552e+02
2.240000e-06	2.433076e-06	8.412663e-09	1.718539e+01	5.510169e+02
2.250000e-06	2.340275e-06	8.319304e-09	1.652992e+01	5.447639e+02
2.260000e-06	2.246528e-06	8.228380e-09	1.586776e+01	5.383959e+02
2.270000e-06	2.151726e-06	8.134048e-09	1.519815e+01	5.319123e+02
2.280000e-06	2.056079e-06	8.017839e-09	1.452257e+01	5.253109e+02
2.290000e-06	1.959739e-06	7.915328e-09	1.384210e+01	5.185885e+02
2.300000e-06	1.862794e-06	7.829538e-09	1.315735e+01	5.117401e+02
2.310000e-06	1.765299e-06	7.731196e-09	1.246872e+01	5.047606e+02
2.320000e-06	1.667187e-06	7.596768e-09	1.177574e+01	4.976452e+02
2.330000e-06	1.568475e-06	7.473065e-09	1.107851e+01	4.903909e+02
2.340000e-06	1.469259e-06	7.381827e-09	1.037773e+01	4.829971e+02
2.350000e-06	1.369694e-06	7.283408e-09	9.674470e+00	4.754655e+02
2.360000e-06	1.269820e-06	7.152247e-09	8.969039e+00	4.677994e+02
2.370000e-06	1.169576e-06	7.013419e-09	8.260992e+00	4.600021e+02
2.380000e-06	1.068930e-06	6.897855e-09	7.550106e+00	4.520754e+02
2.390000e-06	9.678425e-07	6.791104e-09	6.836101e+00	4.440175e+02
2.400000e-06	8.663225e-07	6.671672e-09	6.119041e+00	4.358220e+02
2.410000e-06	7.643808e-07	6.536473e-09	5.399002e+00	4.274771e+02
2.420000e-06	6.620243e-07	6.399392e-09	4.676034e+00	4.189660e+02
2.430000e-06	5.593523e-07	6.271247e-09	3.950838e+00	4.102673e+02
2.440000e-06	4.564922e-07	6.145901e-09	3.224313e+00	4.013570e+02
2.450000e-06	3.534084e-07	6.005652e-09	2.496207e+00	3.922093e+02
2.460000e-06	2.500813e-07	5.849651e-09	1.766383e+00	3.827986e+02
2.470000e-06	1.466912e-07	5.696637e-09	1.036115e+00	3.730996e+02
2.480000e-06	4.333559e-08	5.556340e-09	3.060895e-01	3.630879e+02
2.490000e-06	-6.003366e-08	5.411186e-09	-4.240319e-01	3.527399e+02
2.500000e-06	-1.634070e-07	5.245522e-09	-1.154182e+00	3.420323e+02
2.510000e-06	-2.667227e-07	5.067281e-09	-1.883926e+00	3.309415e+02
2.520000e-06	-3.699328e-07	4.890877e-09	-2.612923e+00	3.194441e+02
2.530000e-06	-4.729578e-07	4.715901e-09	-3.340613e+00	3.075165e+02
2.540000e-06	-5.757288e-07	4.531322e-09	-4.066509e+00	2.951363e+02
2.550000e-06	-6.781805e-07	4.333585e-09	-4.790149e+00	2.822829e+02
2.560000e-06	-7.802349e-07	4.128155e-09	-5.510983e+00	2.689388e+02
2.570000e-06	-8.818634e-07	3.918433e-09	-6.228810e+00	2.550905e+02
2.580000e-06	-9.830797e-07	3.702451e-09	-6.943725e+00	2.407287e+02
2.590000e-06	-1.083943e-06	3.477030e-09	-7.656148e+00	2.258489e+02
2.600000e-06	-1.184425e-06	3.240978e-09	-8.365872e+00	2.104505e+02
2.610000e-06	-1.284457e-06	2.997394e-09	-9.072421e+00	1.945361e+02
2.620000e-06	-1.384062e-06	2.746006e-09	-9.775961e+00	1.781108e+02
2.630000e-06	-1.483262e-06	2.487953e-09	-1.047663e+01	1.611810e+02
2.640000e-06	-1.582009e-06	2.223473e-09	-1.117410e+01	1.437542e+02
2.650000e-06	-1.680191e-06	1.949240e-09	-1.186759e+01	1.258385e+02
2.660000e-06	-1.777769e-06	1.665703e-09	-1.255681e+01	1.074423e+02
2.670000e-06	-1.874770e-06	1.375724e-09	-1.324194e+01	8.857539e+01
2.680000e-06	-1.971251e-06	1.082420e-09	-1.392342e+01	6.924828e+01
2.690000e-06	-2.067233e-06	7.841627e-10	-1.460135e+01	4.947308e+01
2.700000e-06	-2.162514e-06	4.770877e-10	-1.527435e+01	2.926342e+01
2.710000e-06	-2.256832e-06	1.608468e-10	-1.594054e+01	8.634574e+00
2.720000e-06	-2.350126e-06	-1.611940e-10	-1.659950e+01	-1.239652e+01
2.730000e-06	-2.442486e-06	-4.859869e-10	-1.725185e+01	-3.381114e+01
2.740000e-06	-2.533982e-06	-8.151004e-10	-1.789811e+01	-5.558846e+01
2.750000e-06	-2.624584e-06	-1.151736e-09	-1.853806e+01	-7.770501e+01
2.760000e-06	-2.714202e-06	-1.494983e-09	-1.917105e+01	-1.001339e+02
2.770000e-06	-2.802910e-06	-1.840914e-09	-1.979762e+01	-1.228438e+02
2.780000e-06	-2.890851e-06	-2.188695e-09	-2.041876e+01	-1.457979e+02
2.790000e-06	-2.977841e-06	-2.540108e-09	-2.103319e+01	-1.689530e+02
2.800000e-06	-3.063582e-06	-2.897095e-09	-2.163880e+01	-1.922588e+02
2.810000e-06	-3.148100e-06	-3.255027e-09	-2.223578e+01	-2.156574e+02
2.820000e-06	-3.231590e-06	-3.610341e-09	-2.282549e+01	-2.390835e+02
2.830000e-06	-3.314057e-06	-3.966113e-09	-2.340797e+01	-2.624647e+02
2.840000e-06	-3.395402e-06	-4.323627e-09	-2.398253e+01	-2.857222e+02
2.850000e-06	-3.475600e-06	-4.679649e-09	-2.454899e+01	-3.087724e+02
2.860000e-06	-3.554470e-06	-5.027920e-09	-2.510606e+01	-3.315279e+02
2.870000e-06	-3.631792e-06	-5.365494e-09	-2.565221e+01	-3.539001e+02
2.880000e-06	-3.707642e-06	-5.695067e-09	-2.618795e+01	-3.758007e+02
2.890000e-06	-3.782111e-06	-6.019049e-09	-2.671395e+01	-3.971448e+02
2.900000e-06	-3.855232e-06	-6.336778e-09	-2.723041e+01	-4.178531e+02
2.910000e-06	-3.927092e-06	-6.644174e-09	-2.773798e+01	-4.378543e+02
2.920000e-06	-3.997489e-06	-6.938186e-09	-2.823521e+01	-4.570874e+02
2.930000e-06	-4.066259e-06	-7.220633e-09	-2.872095e+01	-4.755033e+02
2.940000e-06	-4.133609e-06	-7.493528e-09	-2.919666e+01	-4.930649e+02
2.950000e-06	-4.199617e-06	-7.752861e-09	-2.966289e+01	-5.097477e+02
2.960000e-06	-4.264255e-06	-7.995679e-09	-3.011944e+01	-5.255383e+02
2.970000e-06	-4.327425e-06	-8.223628e-09	-3.056563e+01	-5.404331e+02
2.980000e-06	-4.388836e-06	-8.439058e-09	-3.099939e+01	-5.544363e+02
2.990000e-06	-4.448563e-06	-8.641202e-09	-3.142125e+01	-5.675581e+02
3.000000e-06	-4.506834e-06	-8.829135e-09	-3.183283e+01	-5.798137e+02
3.010000e-06	-4.563632e-06	-9.002442e-09	-3.223402e+01	-5.912229e+02
3.020000e-06	-4.618721e-06	-9.164127e-09	-3.262312e+01	-6.018101e+02
3.030000e-06	-4.671851e-06	-9.317736e-09	-3.299839e+01	-6.116047e+02
3.040000e-06	-4.723147e-06	-9.461139e-09	-3.336071e+01	-6.206429e+02
3.050000e-06	-4.772539e-06	-9.590450e-09	-3.370957e+01	-6.289673e+02
3.060000e-06	-4.819900e-06	-9.705738e-09	-3.404409e+01	-6.366272e+02
3.070000e-06	-4.865601e-06	-9.812710e-09	-3.436689e+01	-6.436772e+02
3.080000e-06	-4.909844e-06	-9.914174e-09	-3.467939e+01	-6.501750e+02
3.090000e-06	-4.952570e-06	-1.000793e-08	-3.498118e+01	-6.561784e+02
3.100000e-06	-4.993737e-06	-1.009361e-08	-3.527195e+01	-6.617416e+02
3.110000e-06	-5.033187e-06	-1.017274e-08	-3.555059e+01	-6.669128e+02
3.120000e-06	-5.070708e-06	-1.024721e-08	-3.581561e+01	-6.717316e+02
3.130000e-06	-5.106316e-06	-1.031740e-08	-3.606712e+01	-6.762279e+02
3.140000e-06	-5.140198e-06	-1.038201e-08	-3.630644e+01	-6.804231e+02
3.150000e-06	-5.172367e-06	-1.044311e-08	-3.653365e+01	-6.843316e+02
3.160000e-06	-5.202597e-06	-1.049978e-08	-3.674717e+01	-6.879633e+02
3.170000e-06	-5.230895e-06	-1.055210e-08	-3.694705e+01	-6.913266e+02
3.180000e-06	-5.257412e-06	-1.059895e-08	-3.713435e+01	-6.944309e+02
3.190000e-06	-5.282190e-06	-1.064286e-08	-3.730936e+01	-6.972876e+02
3.200000e-06	-5.305096e-06	-1.068609e-08	-3.747115e+01	-6.999111e+02
3.210000e-06	-5.325984e-06	-1.072641e-08	-3.761869e+01	-7.023170e+02
3.220000e-06	-5.345010e-06	-1.076157e-08	-3.775307e+01	-7.045215e+02
3.230000e-06	-5.362320e-06	-1.079273e-08	-3.787533e+01	-7.065391e+02
3.240000e-06	-5.377648e-06	-1.082198e-08	-3.798360e+01	-7.083811e+02
3.250000e-06	-5.390756e-06	-1.084979e-08	-3.807618e+01	-7.100555e+02
3.260000e-06	-5.401790e-06	-1.087552e-08	-3.815412e+01	-7.115668e+02
3.270000e-06	-5.410960e-06	-1.089780e-08	-3.821889e+01	-7.129170e+02
3.280000e-06	-5.418222e-06	-1.091637e-08	-3.827019e+01	-7.141078e+02
3.290000e-06	-5.423417e-06	-1.093129e-08	-3.830688e+01	-7.151413e+02
3.300000e-06	-5.426745e-06	-1.094262e-08	-3.833038e+01	-7.160215e+02
3.310000e-06	-5.428365e-06	-1.095206e-08	-3.834183e+01	-7.167545e+02
3.320000e-06	-5.428200e-06	-1.096435e-08	-3.834066e+01	-7.173474e+02
