4.038002e+02
4.123360e+02
4.212524e+02
4.232329e+02
4.281855e+02
4.348591e+02
4.390654e+02
4.456009e+02
4.510736e+02
4.542151e+02
4.602842e+02
4.713969e+02
4.755150e+02
4.807977e+02
4.852398e+02
4.913203e+02
4.967404e+02
5.038616e+02
5.076180e+02
5.147670e+02
5.184103e+02
5.236685e+02
5.277057e+02
5.328000e+02
5.396723e+02
5.456936e+02
5.490459e+02
5.522815e+02
5.608694e+02
5.642120e+02
5.752150e+02
5.833918e+02
5.891231e+02
5.965509e+02
6.011990e+02
6.047316e+02
6.112543e+02
6.131279e+02
6.232295e+02
6.271995e+02
6.318616e+02
6.364377e+02
6.414399e+02
6.434834e+02
6.458793e+02
