2.954636e+02
3.017092e+02
3.082334e+02
3.096826e+02
3.133064e+02
3.181896e+02
3.212674e+02
3.260495e+02
3.300539e+02
3.323525e+02
3.367933e+02
3.449246e+02
3.479378e+02
3.518032e+02
3.550535e+02
3.595027e+02
3.634686e+02
3.686792e+02
3.714278e+02
3.766588e+02
3.793246e+02
3.831721e+02
3.861261e+02
3.898537e+02
3.948821e+02
3.992880e+02
4.017409e+02
4.041084e+02
4.103923e+02
4.128381e+02
4.208890e+02
4.268720e+02
4.310657e+02
4.365007e+02
4.399017e+02
4.424865e+02
4.472592e+02
4.486302e+02
4.560216e+02
4.589265e+02
4.623378e+02
4.656861e+02
4.693463e+02
4.708415e+02
4.725946e+02
