3.778464e+02
3.942365e+02
4.029726e+02
4.115028e+02
4.172608e+02
4.230753e+02
4.270877e+02
4.390727e+02
4.427816e+02
4.495623e+02
4.536238e+02
4.553941e+02
4.608062e+02
4.657881e+02
4.716485e+02
4.778510e+02
4.813597e+02
4.853626e+02
4.905427e+02
4.985550e+02
5.002066e+02
5.058590e+02
5.105507e+02
5.154161e+02
5.236986e+02
5.274296e+02
5.390697e+02
5.457648e+02
5.495591e+02
5.567268e+02
5.605112e+02
5.647028e+02
5.718729e+02
5.784123e+02
5.837325e+02
5.877643e+02
5.963802e+02
6.002189e+02
6.023250e+02
6.096692e+02
6.165549e+02
6.176852e+02
6.243250e+02
6.257716e+02
6.302297e+02
6.324432e+02
