# Temperatura_=_35.77
# Concentracion g/m^3_=_32800.0
# C_Vs_to_Am_M_A/Vsm_=_65563218390.804596
# pendiente_HvsI_1/m_=_3716.3
# ordenada_HvsI_A/m_=_1297.0
# frecuencia_Hz_=_300790.84887711983

Tiempo_(s)	Campo_(V.s)	Magnetizacion_(V.s)	Campo_(kA/m)	Magnetizacion_(A/m)
0.000000e+00	-5.436813e-06	-9.751901e-09	-3.833749e+01	-6.357834e+02
1.000000e-08	-5.435492e-06	-9.760884e-09	-3.832817e+01	-6.361950e+02
2.000000e-08	-5.432242e-06	-9.766597e-09	-3.830526e+01	-6.364935e+02
3.000000e-08	-5.427326e-06	-9.768309e-09	-3.827059e+01	-6.366748e+02
4.000000e-08	-5.420787e-06	-9.766460e-09	-3.822448e+01	-6.367270e+02
5.000000e-08	-5.412519e-06	-9.762738e-09	-3.816618e+01	-6.366337e+02
6.000000e-08	-5.402244e-06	-9.759014e-09	-3.809373e+01	-6.363792e+02
7.000000e-08	-5.389943e-06	-9.746691e-09	-3.800699e+01	-6.359535e+02
8.000000e-08	-5.375683e-06	-9.745989e-09	-3.790644e+01	-6.353572e+02
9.000000e-08	-5.359075e-06	-9.771047e-09	-3.778933e+01	-6.346026e+02
1.000000e-07	-5.340176e-06	-9.755746e-09	-3.765606e+01	-6.337131e+02
1.100000e-07	-5.319378e-06	-9.718878e-09	-3.750941e+01	-6.327193e+02
1.200000e-07	-5.296796e-06	-9.692134e-09	-3.735017e+01	-6.316524e+02
1.300000e-07	-5.272741e-06	-9.621210e-09	-3.718055e+01	-6.305384e+02
1.400000e-07	-5.247196e-06	-9.638599e-09	-3.700042e+01	-6.293923e+02
1.500000e-07	-5.219877e-06	-9.693606e-09	-3.680778e+01	-6.282157e+02
1.600000e-07	-5.190917e-06	-9.603726e-09	-3.660356e+01	-6.269973e+02
1.700000e-07	-5.160485e-06	-9.599964e-09	-3.638897e+01	-6.257161e+02
1.800000e-07	-5.128252e-06	-9.605508e-09	-3.616169e+01	-6.243473e+02
1.900000e-07	-5.093865e-06	-9.513783e-09	-3.591920e+01	-6.228683e+02
2.000000e-07	-5.057826e-06	-9.539064e-09	-3.566508e+01	-6.212641e+02
2.100000e-07	-5.020208e-06	-9.479798e-09	-3.539981e+01	-6.195296e+02
2.200000e-07	-4.980769e-06	-9.371895e-09	-3.512172e+01	-6.176692e+02
2.300000e-07	-4.939451e-06	-9.416050e-09	-3.483036e+01	-6.156934e+02
2.400000e-07	-4.896154e-06	-9.415845e-09	-3.452506e+01	-6.136138e+02
2.500000e-07	-4.851093e-06	-9.356136e-09	-3.420731e+01	-6.114369e+02
2.600000e-07	-4.804232e-06	-9.284268e-09	-3.387687e+01	-6.091605e+02
2.700000e-07	-4.755323e-06	-9.208893e-09	-3.353199e+01	-6.067718e+02
2.800000e-07	-4.704300e-06	-9.204982e-09	-3.317220e+01	-6.042490e+02
2.900000e-07	-4.651358e-06	-9.206604e-09	-3.279889e+01	-6.015659e+02
3.000000e-07	-4.596784e-06	-9.149287e-09	-3.241406e+01	-5.986983e+02
3.100000e-07	-4.540671e-06	-9.047006e-09	-3.201838e+01	-5.956299e+02
3.200000e-07	-4.482767e-06	-8.989292e-09	-3.161007e+01	-5.923575e+02
3.300000e-07	-4.423150e-06	-8.968491e-09	-3.118968e+01	-5.888924e+02
3.400000e-07	-4.362103e-06	-8.910604e-09	-3.075921e+01	-5.852594e+02
3.500000e-07	-4.299620e-06	-8.856977e-09	-3.031862e+01	-5.814913e+02
3.600000e-07	-4.235704e-06	-8.782027e-09	-2.986791e+01	-5.776229e+02
3.700000e-07	-4.170114e-06	-8.730107e-09	-2.940541e+01	-5.736835e+02
3.800000e-07	-4.102814e-06	-8.702654e-09	-2.893085e+01	-5.696917e+02
3.900000e-07	-4.034029e-06	-8.616666e-09	-2.844581e+01	-5.656523e+02
4.000000e-07	-3.963905e-06	-8.518717e-09	-2.795133e+01	-5.615567e+02
4.100000e-07	-3.892579e-06	-8.445934e-09	-2.744838e+01	-5.573869e+02
4.200000e-07	-3.819869e-06	-8.414579e-09	-2.693567e+01	-5.531203e+02
4.300000e-07	-3.745481e-06	-8.366225e-09	-2.641113e+01	-5.487363e+02
4.400000e-07	-3.669464e-06	-8.279458e-09	-2.587509e+01	-5.442212e+02
4.500000e-07	-3.592035e-06	-8.195804e-09	-2.532911e+01	-5.395706e+02
4.600000e-07	-3.513146e-06	-8.130623e-09	-2.477282e+01	-5.347899e+02
4.700000e-07	-3.432789e-06	-8.072578e-09	-2.420619e+01	-5.298917e+02
4.800000e-07	-3.351176e-06	-7.982480e-09	-2.363070e+01	-5.248911e+02
4.900000e-07	-3.268460e-06	-7.894155e-09	-2.304743e+01	-5.198018e+02
5.000000e-07	-3.184753e-06	-7.830010e-09	-2.245717e+01	-5.146320e+02
5.100000e-07	-3.100080e-06	-7.757935e-09	-2.186011e+01	-5.093829e+02
5.200000e-07	-3.014405e-06	-7.662344e-09	-2.125597e+01	-5.040487e+02
5.300000e-07	-2.927747e-06	-7.563666e-09	-2.064491e+01	-4.986195e+02
5.400000e-07	-2.840245e-06	-7.484953e-09	-2.002788e+01	-4.930843e+02
5.500000e-07	-2.751879e-06	-7.412473e-09	-1.940478e+01	-4.874349e+02
5.600000e-07	-2.662314e-06	-7.328630e-09	-1.877321e+01	-4.816677e+02
5.700000e-07	-2.571484e-06	-7.232493e-09	-1.813273e+01	-4.757852e+02
5.800000e-07	-2.479674e-06	-7.131947e-09	-1.748533e+01	-4.697942e+02
5.900000e-07	-2.387111e-06	-7.036692e-09	-1.683263e+01	-4.637034e+02
6.000000e-07	-2.293842e-06	-6.943186e-09	-1.617495e+01	-4.575202e+02
6.100000e-07	-2.199778e-06	-6.844103e-09	-1.551165e+01	-4.512482e+02
6.200000e-07	-2.104960e-06	-6.742315e-09	-1.484305e+01	-4.448851e+02
6.300000e-07	-2.009456e-06	-6.648682e-09	-1.416961e+01	-4.384232e+02
6.400000e-07	-1.913270e-06	-6.561347e-09	-1.349135e+01	-4.318513e+02
6.500000e-07	-1.816269e-06	-6.456185e-09	-1.280735e+01	-4.251571e+02
6.600000e-07	-1.718394e-06	-6.333402e-09	-1.211720e+01	-4.183308e+02
6.700000e-07	-1.619767e-06	-6.223608e-09	-1.142173e+01	-4.113674e+02
6.800000e-07	-1.520535e-06	-6.133740e-09	-1.072200e+01	-4.042676e+02
6.900000e-07	-1.420840e-06	-6.031368e-09	-1.001900e+01	-3.970376e+02
7.000000e-07	-1.320706e-06	-5.904838e-09	-9.312909e+00	-3.896865e+02
7.100000e-07	-1.220172e-06	-5.779975e-09	-8.604001e+00	-3.822235e+02
7.200000e-07	-1.119227e-06	-5.670922e-09	-7.892188e+00	-3.746550e+02
7.300000e-07	-1.017893e-06	-5.564142e-09	-7.177636e+00	-3.669816e+02
7.400000e-07	-9.162059e-07	-5.443409e-09	-6.460593e+00	-3.591973e+02
7.500000e-07	-8.141593e-07	-5.318902e-09	-5.741015e+00	-3.512898e+02
7.600000e-07	-7.117831e-07	-5.200931e-09	-5.019113e+00	-3.432419e+02
7.700000e-07	-6.091859e-07	-5.084775e-09	-4.295653e+00	-3.350340e+02
7.800000e-07	-5.064323e-07	-4.957482e-09	-3.571089e+00	-3.266460e+02
7.900000e-07	-4.035387e-07	-4.813506e-09	-2.845539e+00	-3.180588e+02
8.000000e-07	-3.005302e-07	-4.669919e-09	-2.119178e+00	-3.092552e+02
8.100000e-07	-1.974439e-07	-4.539017e-09	-1.392269e+00	-3.002191e+02
8.200000e-07	-9.433938e-08	-4.409507e-09	-6.652307e-01	-2.909343e+02
8.300000e-07	8.787931e-09	-4.264254e-09	6.196778e-02	-2.813830e+02
8.400000e-07	1.119346e-07	-4.106145e-09	7.893027e-01	-2.715453e+02
8.500000e-07	2.150873e-07	-3.948243e-09	1.516680e+00	-2.613981e+02
8.600000e-07	3.181646e-07	-3.793588e-09	2.243526e+00	-2.509170e+02
8.700000e-07	4.211265e-07	-3.629605e-09	2.969559e+00	-2.400771e+02
8.800000e-07	5.240005e-07	-3.452180e-09	3.694971e+00	-2.288556e+02
8.900000e-07	6.267245e-07	-3.271469e-09	4.419325e+00	-2.172334e+02
9.000000e-07	7.292565e-07	-3.089998e-09	5.142326e+00	-2.051966e+02
9.100000e-07	8.315759e-07	-2.902255e-09	5.863828e+00	-1.927367e+02
9.200000e-07	9.335551e-07	-2.702614e-09	6.582931e+00	-1.798503e+02
9.300000e-07	1.035155e-06	-2.495789e-09	7.299361e+00	-1.665373e+02
9.400000e-07	1.136379e-06	-2.288836e-09	8.013136e+00	-1.528004e+02
9.500000e-07	1.237172e-06	-2.081236e-09	8.723873e+00	-1.386434e+02
9.600000e-07	1.337593e-06	-1.862729e-09	9.431987e+00	-1.240715e+02
9.700000e-07	1.437640e-06	-1.628726e-09	1.013746e+01	-1.090912e+02
9.800000e-07	1.537197e-06	-1.387627e-09	1.083949e+01	-9.371197e+01
9.900000e-07	1.636234e-06	-1.147804e-09	1.153785e+01	-7.794690e+01
1.000000e-06	1.734663e-06	-9.076041e-10	1.223191e+01	-6.181381e+01
1.010000e-06	1.832330e-06	-6.590269e-10	1.292061e+01	-4.533522e+01
1.020000e-06	1.929178e-06	-4.026541e-10	1.360353e+01	-2.853735e+01
1.030000e-06	2.025190e-06	-1.426301e-10	1.428055e+01	-1.144837e+01
1.040000e-06	2.120421e-06	1.200056e-10	1.495207e+01	5.903770e+00
1.050000e-06	2.214945e-06	3.887143e-10	1.561860e+01	2.349339e+01
1.060000e-06	2.308773e-06	6.623204e-10	1.628023e+01	4.129825e+01
1.070000e-06	2.401827e-06	9.362132e-10	1.693640e+01	5.929954e+01
1.080000e-06	2.494137e-06	1.209917e-09	1.758732e+01	7.748066e+01
1.090000e-06	2.585734e-06	1.487017e-09	1.823321e+01	9.582496e+01
1.100000e-06	2.676421e-06	1.770137e-09	1.887269e+01	1.143131e+02
1.110000e-06	2.765965e-06	2.054989e-09	1.950411e+01	1.329206e+02
1.120000e-06	2.854323e-06	2.339927e-09	2.012716e+01	1.516169e+02
1.130000e-06	2.941667e-06	2.623135e-09	2.074306e+01	1.703648e+02
1.140000e-06	3.028118e-06	2.905280e-09	2.135267e+01	1.891222e+02
1.150000e-06	3.113582e-06	3.188261e-09	2.195532e+01	2.078443e+02
1.160000e-06	3.198017e-06	3.469545e-09	2.255070e+01	2.264860e+02
1.170000e-06	3.281436e-06	3.750245e-09	2.313893e+01	2.450044e+02
1.180000e-06	3.363750e-06	4.030917e-09	2.371936e+01	2.633600e+02
1.190000e-06	3.444790e-06	4.308203e-09	2.429081e+01	2.815160e+02
1.200000e-06	3.524505e-06	4.578834e-09	2.485292e+01	2.994378e+02
1.210000e-06	3.602989e-06	4.842161e-09	2.540635e+01	3.170902e+02
1.220000e-06	3.680209e-06	5.102404e-09	2.595086e+01	3.344361e+02
1.230000e-06	3.756118e-06	5.361210e-09	2.648613e+01	3.514353e+02
1.240000e-06	3.830578e-06	5.614255e-09	2.701119e+01	3.680440e+02
1.250000e-06	3.903422e-06	5.858881e-09	2.752484e+01	3.842171e+02
1.260000e-06	3.974735e-06	6.096367e-09	2.802770e+01	3.999103e+02
1.270000e-06	4.044657e-06	6.327144e-09	2.852075e+01	4.150833e+02
1.280000e-06	4.113264e-06	6.548732e-09	2.900453e+01	4.297025e+02
1.290000e-06	4.180550e-06	6.759002e-09	2.947900e+01	4.437421e+02
1.300000e-06	4.246239e-06	6.959617e-09	2.994220e+01	4.571847e+02
1.310000e-06	4.310227e-06	7.153353e-09	3.039341e+01	4.700197e+02
1.320000e-06	4.372724e-06	7.338171e-09	3.083411e+01	4.822409e+02
1.330000e-06	4.433845e-06	7.512079e-09	3.126510e+01	4.938440e+02
1.340000e-06	4.493622e-06	7.676724e-09	3.168661e+01	5.048252e+02
1.350000e-06	4.551798e-06	7.835597e-09	3.209684e+01	5.151802e+02
1.360000e-06	4.608133e-06	7.988279e-09	3.249409e+01	5.249061e+02
1.370000e-06	4.662781e-06	8.129489e-09	3.287944e+01	5.340035e+02
1.380000e-06	4.715767e-06	8.255363e-09	3.325306e+01	5.424799e+02
1.390000e-06	4.766857e-06	8.367848e-09	3.361332e+01	5.503529e+02
1.400000e-06	4.815863e-06	8.472479e-09	3.395889e+01	5.576509e+02
1.410000e-06	4.862968e-06	8.573464e-09	3.429105e+01	5.644133e+02
1.420000e-06	4.908448e-06	8.669385e-09	3.461174e+01	5.706874e+02
1.430000e-06	4.952382e-06	8.757360e-09	3.492154e+01	5.765240e+02
1.440000e-06	4.994512e-06	8.839928e-09	3.521862e+01	5.819718e+02
1.450000e-06	5.034652e-06	8.919170e-09	3.550167e+01	5.870728e+02
1.460000e-06	5.073046e-06	8.993631e-09	3.577240e+01	5.918586e+02
1.470000e-06	5.109858e-06	9.060767e-09	3.603198e+01	5.963494e+02
1.480000e-06	5.145004e-06	9.122867e-09	3.627981e+01	6.005554e+02
1.490000e-06	5.178259e-06	9.182123e-09	3.651431e+01	6.044802e+02
1.500000e-06	5.209607e-06	9.234622e-09	3.673536e+01	6.081252e+02
1.510000e-06	5.239206e-06	9.281094e-09	3.694408e+01	6.114940e+02
1.520000e-06	5.267119e-06	9.324982e-09	3.714090e+01	6.145956e+02
1.530000e-06	5.293067e-06	9.367046e-09	3.732387e+01	6.174446e+02
1.540000e-06	5.316896e-06	9.408349e-09	3.749190e+01	6.200609e+02
1.550000e-06	5.338863e-06	9.447557e-09	3.764680e+01	6.224658e+02
1.560000e-06	5.359175e-06	9.482024e-09	3.779003e+01	6.246792e+02
1.570000e-06	5.377715e-06	9.512154e-09	3.792077e+01	6.267157e+02
1.580000e-06	5.394226e-06	9.536931e-09	3.803719e+01	6.285832e+02
1.590000e-06	5.408737e-06	9.557111e-09	3.813951e+01	6.302830e+02
1.600000e-06	5.421312e-06	9.576236e-09	3.822819e+01	6.318121e+02
1.610000e-06	5.431739e-06	9.595540e-09	3.830171e+01	6.331665e+02
1.620000e-06	5.439986e-06	9.614381e-09	3.835987e+01	6.343447e+02
1.630000e-06	5.446272e-06	9.632463e-09	3.840419e+01	6.353505e+02
1.640000e-06	5.450819e-06	9.648732e-09	3.843625e+01	6.361935e+02
1.650000e-06	5.453524e-06	9.662192e-09	3.845533e+01	6.368880e+02
1.660000e-06	5.454186e-06	9.671005e-09	3.846000e+01	6.374496e+02
1.670000e-06	5.452971e-06	9.675429e-09	3.845143e+01	6.378913e+02
1.680000e-06	5.450115e-06	9.679811e-09	3.843129e+01	6.382196e+02
1.690000e-06	5.445631e-06	9.682067e-09	3.839967e+01	6.384326e+02
1.700000e-06	5.439239e-06	9.680897e-09	3.835460e+01	6.385200e+02
1.710000e-06	5.430978e-06	9.677745e-09	3.829634e+01	6.384662e+02
1.720000e-06	5.421106e-06	9.676904e-09	3.822674e+01	6.382547e+02
1.730000e-06	5.409597e-06	9.688417e-09	3.814558e+01	6.378737e+02
1.740000e-06	5.396220e-06	9.652896e-09	3.805125e+01	6.373208e+02
1.750000e-06	5.380715e-06	9.614494e-09	3.794192e+01	6.366055e+02
1.760000e-06	5.362864e-06	9.620756e-09	3.781604e+01	6.357486e+02
1.770000e-06	5.342511e-06	9.612230e-09	3.767252e+01	6.347794e+02
1.780000e-06	5.319807e-06	9.656531e-09	3.751243e+01	6.337295e+02
1.790000e-06	5.295548e-06	9.647298e-09	3.734137e+01	6.326268e+02
1.800000e-06	5.270370e-06	9.519180e-09	3.716383e+01	6.314895e+02
1.810000e-06	5.243743e-06	9.536667e-09	3.697607e+01	6.303227e+02
1.820000e-06	5.215149e-06	9.526401e-09	3.677444e+01	6.291179e+02
1.830000e-06	5.184702e-06	9.471002e-09	3.655974e+01	6.278562e+02
1.840000e-06	5.152407e-06	9.561913e-09	3.633201e+01	6.265130e+02
1.850000e-06	5.118250e-06	9.490710e-09	3.609115e+01	6.250649e+02
1.860000e-06	5.082487e-06	9.443199e-09	3.583897e+01	6.234944e+02
1.870000e-06	5.044858e-06	9.540920e-09	3.557364e+01	6.217938e+02
1.880000e-06	5.005331e-06	9.430157e-09	3.529491e+01	6.199656e+02
1.890000e-06	4.964116e-06	9.361172e-09	3.500429e+01	6.180190e+02
1.900000e-06	4.921067e-06	9.357140e-09	3.470073e+01	6.159659e+02
1.910000e-06	4.876413e-06	9.325052e-09	3.438585e+01	6.138147e+02
1.920000e-06	4.830003e-06	9.393040e-09	3.405859e+01	6.115654e+02
1.930000e-06	4.781690e-06	9.296437e-09	3.371791e+01	6.092080e+02
1.940000e-06	4.731677e-06	9.214873e-09	3.336525e+01	6.067226e+02
1.950000e-06	4.679888e-06	9.220224e-09	3.300006e+01	6.040836e+02
1.960000e-06	4.626172e-06	9.185767e-09	3.262128e+01	6.012656e+02
1.970000e-06	4.570510e-06	9.180951e-09	3.222879e+01	5.982497e+02
1.980000e-06	4.513177e-06	9.079125e-09	3.182450e+01	5.950293e+02
1.990000e-06	4.454396e-06	9.030322e-09	3.141001e+01	5.916120e+02
2.000000e-06	4.394176e-06	8.986542e-09	3.098537e+01	5.880196e+02
2.010000e-06	4.332339e-06	8.924823e-09	3.054933e+01	5.842835e+02
2.020000e-06	4.268701e-06	8.904780e-09	3.010059e+01	5.804386e+02
2.030000e-06	4.203475e-06	8.764332e-09	2.964065e+01	5.765162e+02
2.040000e-06	4.136803e-06	8.715743e-09	2.917052e+01	5.725380e+02
2.050000e-06	4.068750e-06	8.717238e-09	2.869064e+01	5.685123e+02
2.060000e-06	3.999170e-06	8.687411e-09	2.820000e+01	5.644337e+02
2.070000e-06	3.927958e-06	8.599380e-09	2.769785e+01	5.602860e+02
2.080000e-06	3.855342e-06	8.447780e-09	2.718580e+01	5.560472e+02
2.090000e-06	3.781386e-06	8.422832e-09	2.666431e+01	5.516957e+02
2.100000e-06	3.706067e-06	8.386862e-09	2.613320e+01	5.472156e+02
2.110000e-06	3.629211e-06	8.312948e-09	2.559125e+01	5.426002e+02
2.120000e-06	3.550627e-06	8.213841e-09	2.503712e+01	5.378526e+02
2.130000e-06	3.470662e-06	8.139837e-09	2.447325e+01	5.329838e+02
2.140000e-06	3.389640e-06	8.098650e-09	2.390192e+01	5.280089e+02
2.150000e-06	3.307469e-06	7.992079e-09	2.332250e+01	5.229423e+02
2.160000e-06	3.224209e-06	7.913788e-09	2.273540e+01	5.177937e+02
2.170000e-06	3.140007e-06	7.840250e-09	2.214164e+01	5.125662e+02
2.180000e-06	3.054672e-06	7.772253e-09	2.153991e+01	5.072556e+02
2.190000e-06	2.967930e-06	7.687391e-09	2.092825e+01	5.018527e+02
2.200000e-06	2.880023e-06	7.595167e-09	2.030838e+01	4.963464e+02
2.210000e-06	2.791195e-06	7.514879e-09	1.968201e+01	4.907276e+02
2.220000e-06	2.701439e-06	7.409135e-09	1.904910e+01	4.849913e+02
2.230000e-06	2.610764e-06	7.325483e-09	1.840971e+01	4.791387e+02
2.240000e-06	2.519302e-06	7.250175e-09	1.776477e+01	4.731755e+02
2.250000e-06	2.427149e-06	7.171937e-09	1.711496e+01	4.671103e+02
2.260000e-06	2.334131e-06	7.071570e-09	1.645904e+01	4.609512e+02
2.270000e-06	2.240037e-06	6.974070e-09	1.579554e+01	4.547029e+02
2.280000e-06	2.144901e-06	6.879787e-09	1.512469e+01	4.483645e+02
2.290000e-06	2.049000e-06	6.765164e-09	1.444845e+01	4.419298e+02
2.300000e-06	1.952449e-06	6.662614e-09	1.376762e+01	4.353881e+02
2.310000e-06	1.855301e-06	6.581135e-09	1.308259e+01	4.287270e+02
2.320000e-06	1.757559e-06	6.491813e-09	1.239336e+01	4.219359e+02
2.330000e-06	1.659186e-06	6.364602e-09	1.169969e+01	4.150084e+02
2.340000e-06	1.560224e-06	6.242895e-09	1.100186e+01	4.079439e+02
2.350000e-06	1.460816e-06	6.150354e-09	1.030089e+01	4.007471e+02
2.360000e-06	1.361130e-06	6.054427e-09	9.597959e+00	3.934269e+02
2.370000e-06	1.261148e-06	5.931430e-09	8.892939e+00	3.859926e+02
2.380000e-06	1.160769e-06	5.802880e-09	8.185123e+00	3.784517e+02
2.390000e-06	1.059916e-06	5.691566e-09	7.473963e+00	3.708062e+02
2.400000e-06	9.585513e-07	5.581364e-09	6.759190e+00	3.630521e+02
2.410000e-06	8.566624e-07	5.456156e-09	6.040724e+00	3.551783e+02
2.420000e-06	7.543113e-07	5.320056e-09	5.318999e+00	3.471688e+02
2.430000e-06	6.515967e-07	5.191950e-09	4.594711e+00	3.390044e+02
2.440000e-06	5.486544e-07	5.077757e-09	3.868817e+00	3.306647e+02
2.450000e-06	4.455697e-07	4.963127e-09	3.141919e+00	3.221305e+02
2.460000e-06	3.423331e-07	4.826322e-09	2.413950e+00	3.133840e+02
2.470000e-06	2.389338e-07	4.669968e-09	1.684833e+00	3.044090e+02
2.480000e-06	1.354524e-07	4.520675e-09	9.551380e-01	2.951894e+02
2.490000e-06	3.194172e-08	4.388704e-09	2.252359e-01	2.857081e+02
2.500000e-06	-7.158855e-08	4.253619e-09	-5.048041e-01	2.759455e+02
2.510000e-06	-1.750869e-07	4.096832e-09	-1.234619e+00	2.658795e+02
2.520000e-06	-2.784925e-07	3.928876e-09	-1.963780e+00	2.554857e+02
2.530000e-06	-3.817466e-07	3.765706e-09	-2.691872e+00	2.447392e+02
2.540000e-06	-4.848413e-07	3.601524e-09	-3.418841e+00	2.336165e+02
2.550000e-06	-5.877363e-07	3.426340e-09	-4.144402e+00	2.220975e+02
2.560000e-06	-6.903512e-07	3.241419e-09	-4.867987e+00	2.101669e+02
2.570000e-06	-7.926856e-07	3.054632e-09	-5.589594e+00	1.978148e+02
2.580000e-06	-8.946761e-07	2.865825e-09	-6.308777e+00	1.850366e+02
2.590000e-06	-9.961763e-07	2.666326e-09	-7.024502e+00	1.718316e+02
2.600000e-06	-1.097215e-06	2.453280e-09	-7.736975e+00	1.582018e+02
2.610000e-06	-1.197825e-06	2.232884e-09	-8.446417e+00	1.441509e+02
2.620000e-06	-1.297979e-06	2.012181e-09	-9.152652e+00	1.296837e+02
2.630000e-06	-1.397675e-06	1.789006e-09	-9.855653e+00	1.148063e+02
2.640000e-06	-1.496925e-06	1.558133e-09	-1.055552e+01	9.952719e+01
2.650000e-06	-1.595720e-06	1.317657e-09	-1.125216e+01	8.385859e+01
2.660000e-06	-1.693976e-06	1.069328e-09	-1.194501e+01	6.781707e+01
2.670000e-06	-1.791682e-06	8.160984e-10	-1.263398e+01	5.142401e+01
2.680000e-06	-1.888814e-06	5.598769e-10	-1.331890e+01	3.470485e+01
2.690000e-06	-1.985338e-06	3.019794e-10	-1.399954e+01	1.768748e+01
2.700000e-06	-2.081264e-06	4.101542e-11	-1.467596e+01	4.000988e-01
2.710000e-06	-2.176575e-06	-2.256965e-10	-1.534804e+01	-1.713089e+01
2.720000e-06	-2.271081e-06	-4.990784e-10	-1.601445e+01	-3.488232e+01
2.730000e-06	-2.364564e-06	-7.773650e-10	-1.667364e+01	-5.283462e+01
2.740000e-06	-2.457008e-06	-1.057752e-09	-1.732550e+01	-7.097081e+01
2.750000e-06	-2.548486e-06	-1.336465e-09	-1.797055e+01	-8.927448e+01
2.760000e-06	-2.639079e-06	-1.614071e-09	-1.860937e+01	-1.077272e+02
2.770000e-06	-2.728741e-06	-1.896776e-09	-1.924162e+01	-1.263060e+02
2.780000e-06	-2.817463e-06	-2.184926e-09	-1.986724e+01	-1.449819e+02
2.790000e-06	-2.905357e-06	-2.473633e-09	-2.048702e+01	-1.637192e+02
2.800000e-06	-2.992315e-06	-2.762222e-09	-2.110020e+01	-1.824768e+02
2.810000e-06	-3.078018e-06	-3.051396e-09	-2.170453e+01	-2.012105e+02
2.820000e-06	-3.162444e-06	-3.337614e-09	-2.229986e+01	-2.198749e+02
2.830000e-06	-3.245809e-06	-3.619304e-09	-2.288771e+01	-2.384265e+02
2.840000e-06	-3.328181e-06	-3.899191e-09	-2.346855e+01	-2.568249e+02
2.850000e-06	-3.409466e-06	-4.181046e-09	-2.404173e+01	-2.750326e+02
2.860000e-06	-3.489530e-06	-4.463208e-09	-2.460630e+01	-2.930146e+02
2.870000e-06	-3.568260e-06	-4.738897e-09	-2.516146e+01	-3.107363e+02
2.880000e-06	-3.645487e-06	-5.004074e-09	-2.570602e+01	-3.281610e+02
2.890000e-06	-3.721242e-06	-5.261298e-09	-2.624021e+01	-3.452493e+02
2.900000e-06	-3.795629e-06	-5.516144e-09	-2.676474e+01	-3.619583e+02
2.910000e-06	-3.868689e-06	-5.769052e-09	-2.727992e+01	-3.782431e+02
2.920000e-06	-3.940452e-06	-6.014674e-09	-2.778596e+01	-3.940588e+02
2.930000e-06	-4.010779e-06	-6.249486e-09	-2.828187e+01	-4.093638e+02
2.940000e-06	-4.079516e-06	-6.475649e-09	-2.876656e+01	-4.241227e+02
2.950000e-06	-4.146796e-06	-6.695810e-09	-2.924098e+01	-4.383076e+02
2.960000e-06	-4.212735e-06	-6.906967e-09	-2.970595e+01	-4.518992e+02
2.970000e-06	-4.277303e-06	-7.105945e-09	-3.016125e+01	-4.648853e+02
2.980000e-06	-4.340416e-06	-7.295807e-09	-3.060629e+01	-4.772589e+02
2.990000e-06	-4.401840e-06	-7.478790e-09	-3.103942e+01	-4.890154e+02
3.000000e-06	-4.461579e-06	-7.651004e-09	-3.146067e+01	-5.001509e+02
3.010000e-06	-4.519820e-06	-7.810038e-09	-3.187135e+01	-5.106614e+02
3.020000e-06	-4.576531e-06	-7.958107e-09	-3.227125e+01	-5.205432e+02
3.030000e-06	-4.631567e-06	-8.099226e-09	-3.265933e+01	-5.297958e+02
3.040000e-06	-4.684722e-06	-8.235019e-09	-3.303415e+01	-5.384248e+02
3.050000e-06	-4.735962e-06	-8.363568e-09	-3.339546e+01	-5.464449e+02
3.060000e-06	-4.785291e-06	-8.480211e-09	-3.374331e+01	-5.538818e+02
3.070000e-06	-4.832613e-06	-8.583861e-09	-3.407700e+01	-5.607725e+02
3.080000e-06	-4.878168e-06	-8.680828e-09	-3.439823e+01	-5.671625e+02
3.090000e-06	-4.922266e-06	-8.774476e-09	-3.470918e+01	-5.731022e+02
3.100000e-06	-4.964877e-06	-8.862619e-09	-3.500965e+01	-5.786414e+02
3.110000e-06	-5.005866e-06	-8.943778e-09	-3.529869e+01	-5.838243e+02
3.120000e-06	-5.045136e-06	-9.018239e-09	-3.557559e+01	-5.886850e+02
3.130000e-06	-5.082500e-06	-9.087442e-09	-3.583907e+01	-5.932468e+02
3.140000e-06	-5.118018e-06	-9.151181e-09	-3.608952e+01	-5.975219e+02
3.150000e-06	-5.151812e-06	-9.210487e-09	-3.632781e+01	-6.015154e+02
3.160000e-06	-5.183840e-06	-9.269041e-09	-3.655366e+01	-6.052286e+02
3.170000e-06	-5.213912e-06	-9.325969e-09	-3.676571e+01	-6.086644e+02
3.180000e-06	-5.242028e-06	-9.377925e-09	-3.696397e+01	-6.118301e+02
3.190000e-06	-5.268382e-06	-9.422979e-09	-3.714981e+01	-6.147391e+02
3.200000e-06	-5.292973e-06	-9.465078e-09	-3.732321e+01	-6.174101e+02
3.210000e-06	-5.315672e-06	-9.505583e-09	-3.748327e+01	-6.198644e+02
3.220000e-06	-5.336385e-06	-9.541656e-09	-3.762933e+01	-6.221226e+02
3.230000e-06	-5.355244e-06	-9.573194e-09	-3.776231e+01	-6.242008e+02
3.240000e-06	-5.372336e-06	-9.602418e-09	-3.788284e+01	-6.261086e+02
3.250000e-06	-5.387399e-06	-9.630088e-09	-3.798905e+01	-6.278490e+02
3.260000e-06	-5.400226e-06	-9.655334e-09	-3.807950e+01	-6.294197e+02
3.270000e-06	-5.411072e-06	-9.678043e-09	-3.815598e+01	-6.308166e+02
3.280000e-06	-5.420073e-06	-9.697526e-09	-3.821945e+01	-6.320372e+02
3.290000e-06	-5.427090e-06	-9.714071e-09	-3.826893e+01	-6.330839e+02
3.300000e-06	-5.432077e-06	-9.727771e-09	-3.830410e+01	-6.339649e+02
3.310000e-06	-5.435262e-06	-9.737718e-09	-3.832656e+01	-6.346936e+02
3.320000e-06	-5.436703e-06	-9.743904e-09	-3.833672e+01	-6.352856e+02
