# Temperatura_=_45.79
# Concentracion g/m^3_=_32800.0
# C_Vs_to_Am_M_A/Vsm_=_65563218390.804596
# pendiente_HvsI_1/m_=_3716.3
# ordenada_HvsI_A/m_=_1297.0
# frecuencia_Hz_=_300785.3941163149

Tiempo_(s)	Campo_(V.s)	Magnetizacion_(V.s)	Campo_(kA/m)	Magnetizacion_(A/m)
0.000000e+00	-5.378851e-06	-1.021700e-08	-3.833726e+01	-6.660300e+02
1.000000e-08	-5.377483e-06	-1.022495e-08	-3.832751e+01	-6.665077e+02
2.000000e-08	-5.374273e-06	-1.022971e-08	-3.830463e+01	-6.668638e+02
3.000000e-08	-5.369402e-06	-1.023341e-08	-3.826991e+01	-6.670888e+02
4.000000e-08	-5.362879e-06	-1.023416e-08	-3.822342e+01	-6.671716e+02
5.000000e-08	-5.354669e-06	-1.023119e-08	-3.816490e+01	-6.671028e+02
6.000000e-08	-5.344466e-06	-1.022712e-08	-3.809218e+01	-6.668784e+02
7.000000e-08	-5.332236e-06	-1.021431e-08	-3.800501e+01	-6.665015e+02
8.000000e-08	-5.318020e-06	-1.020827e-08	-3.790369e+01	-6.659825e+02
9.000000e-08	-5.301490e-06	-1.023758e-08	-3.778587e+01	-6.653372e+02
1.000000e-07	-5.282754e-06	-1.023026e-08	-3.765234e+01	-6.645833e+02
1.100000e-07	-5.262124e-06	-1.018746e-08	-3.750530e+01	-6.637361e+02
1.200000e-07	-5.239757e-06	-1.015444e-08	-3.734588e+01	-6.628052e+02
1.300000e-07	-5.215988e-06	-1.008132e-08	-3.717646e+01	-6.617925e+02
1.400000e-07	-5.190778e-06	-1.009841e-08	-3.699678e+01	-6.606925e+02
1.500000e-07	-5.163774e-06	-1.018816e-08	-3.680432e+01	-6.594949e+02
1.600000e-07	-5.135081e-06	-1.009056e-08	-3.659981e+01	-6.581888e+02
1.700000e-07	-5.104912e-06	-1.007990e-08	-3.638479e+01	-6.567675e+02
1.800000e-07	-5.073001e-06	-1.011386e-08	-3.615734e+01	-6.552319e+02
1.900000e-07	-5.038986e-06	-9.973669e-09	-3.591490e+01	-6.535922e+02
2.000000e-07	-5.003273e-06	-9.961002e-09	-3.566036e+01	-6.518662e+02
2.100000e-07	-4.966014e-06	-9.932151e-09	-3.539480e+01	-6.500757e+02
2.200000e-07	-4.926936e-06	-9.831294e-09	-3.511627e+01	-6.482399e+02
2.300000e-07	-4.885958e-06	-9.892135e-09	-3.482421e+01	-6.463697e+02
2.400000e-07	-4.843044e-06	-9.916342e-09	-3.451834e+01	-6.444621e+02
2.500000e-07	-4.798406e-06	-9.821476e-09	-3.420019e+01	-6.424984e+02
2.600000e-07	-4.752026e-06	-9.730126e-09	-3.386962e+01	-6.404456e+02
2.700000e-07	-4.703759e-06	-9.681692e-09	-3.352560e+01	-6.382616e+02
2.800000e-07	-4.653498e-06	-9.732483e-09	-3.316737e+01	-6.359028e+02
2.900000e-07	-4.601225e-06	-9.722468e-09	-3.279480e+01	-6.333328e+02
3.000000e-07	-4.547193e-06	-9.609195e-09	-3.240970e+01	-6.305302e+02
3.100000e-07	-4.491604e-06	-9.508238e-09	-3.201349e+01	-6.274931e+02
3.200000e-07	-4.434322e-06	-9.475052e-09	-3.160522e+01	-6.242399e+02
3.300000e-07	-4.375303e-06	-9.468435e-09	-3.118457e+01	-6.208053e+02
3.400000e-07	-4.314786e-06	-9.400834e-09	-3.075323e+01	-6.172336e+02
3.500000e-07	-4.252801e-06	-9.338054e-09	-3.031144e+01	-6.135691e+02
3.600000e-07	-4.189400e-06	-9.293235e-09	-2.985956e+01	-6.098474e+02
3.700000e-07	-4.124542e-06	-9.259310e-09	-2.939729e+01	-6.060893e+02
3.800000e-07	-4.057979e-06	-9.208534e-09	-2.892287e+01	-6.022973e+02
3.900000e-07	-3.989848e-06	-9.089671e-09	-2.843727e+01	-5.984573e+02
4.000000e-07	-3.920417e-06	-8.994989e-09	-2.794240e+01	-5.945432e+02
4.100000e-07	-3.849758e-06	-8.963440e-09	-2.743879e+01	-5.905247e+02
4.200000e-07	-3.777894e-06	-8.951944e-09	-2.692659e+01	-5.863749e+02
4.300000e-07	-3.704555e-06	-8.891084e-09	-2.640387e+01	-5.820761e+02
4.400000e-07	-3.629473e-06	-8.776030e-09	-2.586873e+01	-5.776237e+02
4.500000e-07	-3.552839e-06	-8.693892e-09	-2.532253e+01	-5.730258e+02
4.600000e-07	-3.474830e-06	-8.657041e-09	-2.476653e+01	-5.682999e+02
4.700000e-07	-3.395376e-06	-8.605909e-09	-2.420023e+01	-5.634670e+02
4.800000e-07	-3.314551e-06	-8.506393e-09	-2.362416e+01	-5.585460e+02
4.900000e-07	-3.232542e-06	-8.409467e-09	-2.303964e+01	-5.535482e+02
5.000000e-07	-3.149460e-06	-8.353629e-09	-2.244748e+01	-5.484752e+02
5.100000e-07	-3.065493e-06	-8.282660e-09	-2.184901e+01	-5.433189e+02
5.200000e-07	-2.980680e-06	-8.175261e-09	-2.124452e+01	-5.380647e+02
5.300000e-07	-2.894809e-06	-8.077632e-09	-2.063248e+01	-5.326958e+02
5.400000e-07	-2.807978e-06	-8.020330e-09	-2.001360e+01	-5.271986e+02
5.500000e-07	-2.720350e-06	-7.964576e-09	-1.938904e+01	-5.215661e+02
5.600000e-07	-2.631819e-06	-7.867889e-09	-1.875805e+01	-5.157999e+02
5.700000e-07	-2.542118e-06	-7.752684e-09	-1.811871e+01	-5.099094e+02
5.800000e-07	-2.451171e-06	-7.646460e-09	-1.747049e+01	-5.039086e+02
5.900000e-07	-2.359361e-06	-7.559962e-09	-1.681612e+01	-4.978120e+02
6.000000e-07	-2.266942e-06	-7.475321e-09	-1.615741e+01	-4.916301e+02
6.100000e-07	-2.173813e-06	-7.377300e-09	-1.549365e+01	-4.853663e+02
6.200000e-07	-2.079897e-06	-7.275244e-09	-1.482427e+01	-4.790156e+02
6.300000e-07	-1.985212e-06	-7.183063e-09	-1.414941e+01	-4.725662e+02
6.400000e-07	-1.889889e-06	-7.094459e-09	-1.347001e+01	-4.660023e+02
6.500000e-07	-1.793998e-06	-6.986069e-09	-1.278655e+01	-4.593083e+02
6.600000e-07	-1.697468e-06	-6.867359e-09	-1.209855e+01	-4.524728e+02
6.700000e-07	-1.600191e-06	-6.767234e-09	-1.140521e+01	-4.454916e+02
6.800000e-07	-1.502118e-06	-6.680342e-09	-1.070621e+01	-4.383679e+02
6.900000e-07	-1.403385e-06	-6.566919e-09	-1.000249e+01	-4.311115e+02
7.000000e-07	-1.304102e-06	-6.426509e-09	-9.294868e+00	-4.237352e+02
7.100000e-07	-1.204420e-06	-6.301337e-09	-8.584391e+00	-4.162510e+02
7.200000e-07	-1.104410e-06	-6.202464e-09	-7.871579e+00	-4.086657e+02
7.300000e-07	-1.004065e-06	-6.101088e-09	-7.156379e+00	-4.009785e+02
7.400000e-07	-9.034825e-07	-5.978221e-09	-6.439487e+00	-3.931797e+02
7.500000e-07	-8.026397e-07	-5.849857e-09	-5.720739e+00	-3.852517e+02
7.600000e-07	-7.014441e-07	-5.727824e-09	-4.999477e+00	-3.771711e+02
7.700000e-07	-5.999215e-07	-5.605921e-09	-4.275885e+00	-3.689122e+02
7.800000e-07	-4.981779e-07	-5.473620e-09	-3.550717e+00	-3.604501e+02
7.900000e-07	-3.962889e-07	-5.332844e-09	-2.824512e+00	-3.517632e+02
8.000000e-07	-2.942548e-07	-5.198014e-09	-2.097274e+00	-3.428337e+02
8.100000e-07	-1.920859e-07	-5.069753e-09	-1.369074e+00	-3.336476e+02
8.200000e-07	-8.987806e-08	-4.929460e-09	-6.405975e-01	-3.241922e+02
8.300000e-07	1.233294e-08	-4.768949e-09	8.790188e-02	-3.144548e+02
8.400000e-07	1.145300e-07	-4.607243e-09	8.163020e-01	-3.044196e+02
8.500000e-07	2.166254e-07	-4.456195e-09	1.543977e+00	-2.940672e+02
8.600000e-07	3.186661e-07	-4.304421e-09	2.271263e+00	-2.833744e+02
8.700000e-07	4.206850e-07	-4.133651e-09	2.998393e+00	-2.723151e+02
8.800000e-07	5.225753e-07	-3.947615e-09	3.724607e+00	-2.608628e+02
8.900000e-07	6.242495e-07	-3.761734e-09	4.449280e+00	-2.489928e+02
9.000000e-07	7.256708e-07	-3.576592e-09	5.172151e+00	-2.366845e+02
9.100000e-07	8.267741e-07	-3.382339e-09	5.892755e+00	-2.239233e+02
9.200000e-07	9.275487e-07	-3.177571e-09	6.611017e+00	-2.107009e+02
9.300000e-07	1.028080e-06	-2.969960e-09	7.327545e+00	-1.970147e+02
9.400000e-07	1.128321e-06	-2.760202e-09	8.042004e+00	-1.828674e+02
9.500000e-07	1.228230e-06	-2.541283e-09	8.754094e+00	-1.682645e+02
9.600000e-07	1.327782e-06	-2.307779e-09	9.463645e+00	-1.532139e+02
9.700000e-07	1.426833e-06	-2.066239e-09	1.016962e+01	-1.377241e+02
9.800000e-07	1.525289e-06	-1.824597e-09	1.087136e+01	-1.218044e+02
9.900000e-07	1.623027e-06	-1.580720e-09	1.156797e+01	-1.054646e+02
1.000000e-06	1.720067e-06	-1.328240e-09	1.225962e+01	-8.871563e+01
1.010000e-06	1.816481e-06	-1.066328e-09	1.294680e+01	-7.157001e+01
1.020000e-06	1.912185e-06	-7.995069e-10	1.362892e+01	-5.404242e+01
1.030000e-06	2.007181e-06	-5.280635e-10	1.430599e+01	-3.614976e+01
1.040000e-06	2.101493e-06	-2.506001e-10	1.497820e+01	-1.791101e+01
1.050000e-06	2.195105e-06	3.319270e-11	1.564540e+01	6.530790e-01
1.060000e-06	2.287992e-06	3.200124e-10	1.630745e+01	1.952040e+01
1.070000e-06	2.380216e-06	6.091404e-10	1.696477e+01	3.866782e+01
1.080000e-06	2.471717e-06	9.027046e-10	1.761693e+01	5.807123e+01
1.090000e-06	2.562273e-06	1.203919e-09	1.826236e+01	7.770543e+01
1.100000e-06	2.651705e-06	1.509299e-09	1.889978e+01	9.754381e+01
1.110000e-06	2.740056e-06	1.812215e-09	1.952949e+01	1.175580e+02
1.120000e-06	2.827469e-06	2.115865e-09	2.015252e+01	1.377174e+02
1.130000e-06	2.913985e-06	2.424099e-09	2.076916e+01	1.579893e+02
1.140000e-06	2.999550e-06	2.736079e-09	2.137901e+01	1.783379e+02
1.150000e-06	3.084137e-06	3.048203e-09	2.198189e+01	1.987251e+02
1.160000e-06	3.167827e-06	3.358542e-09	2.257839e+01	2.191094e+02
1.170000e-06	3.250446e-06	3.667932e-09	2.316725e+01	2.394461e+02
1.180000e-06	3.331785e-06	3.977027e-09	2.374699e+01	2.596868e+02
1.190000e-06	3.411850e-06	4.282376e-09	2.431764e+01	2.797790e+02
1.200000e-06	3.490699e-06	4.582229e-09	2.487963e+01	2.996664e+02
1.210000e-06	3.568337e-06	4.878263e-09	2.543299e+01	3.192894e+02
1.220000e-06	3.644781e-06	5.170330e-09	2.597783e+01	3.385863e+02
1.230000e-06	3.719884e-06	5.456716e-09	2.651313e+01	3.574950e+02
1.240000e-06	3.793332e-06	5.733880e-09	2.703662e+01	3.759556e+02
1.250000e-06	3.865239e-06	6.001186e-09	2.754913e+01	3.939124e+02
1.260000e-06	3.935811e-06	6.262126e-09	2.805212e+01	4.113161e+02
1.270000e-06	4.005029e-06	6.518103e-09	2.854547e+01	4.281249e+02
1.280000e-06	4.072932e-06	6.765659e-09	2.902944e+01	4.443050e+02
1.290000e-06	4.139315e-06	7.000454e-09	2.950258e+01	4.598297e+02
1.300000e-06	4.204036e-06	7.223382e-09	2.996387e+01	4.746783e+02
1.310000e-06	4.267250e-06	7.437474e-09	3.041443e+01	4.888340e+02
1.320000e-06	4.329071e-06	7.639468e-09	3.085505e+01	5.022829e+02
1.330000e-06	4.389607e-06	7.827441e-09	3.128651e+01	5.150134e+02
1.340000e-06	4.448723e-06	8.005694e-09	3.170786e+01	5.270163e+02
1.350000e-06	4.506074e-06	8.177260e-09	3.211662e+01	5.382867e+02
1.360000e-06	4.561654e-06	8.340136e-09	3.251276e+01	5.488260e+02
1.370000e-06	4.615620e-06	8.491223e-09	3.289740e+01	5.586443e+02
1.380000e-06	4.667900e-06	8.629203e-09	3.327002e+01	5.677621e+02
1.390000e-06	4.718231e-06	8.754562e-09	3.362875e+01	5.762107e+02
1.400000e-06	4.766570e-06	8.871033e-09	3.397329e+01	5.840315e+02
1.410000e-06	4.813121e-06	8.980861e-09	3.430507e+01	5.912726e+02
1.420000e-06	4.858064e-06	9.082487e-09	3.462540e+01	5.979858e+02
1.430000e-06	4.901481e-06	9.174368e-09	3.493485e+01	6.042217e+02
1.440000e-06	4.943048e-06	9.260587e-09	3.523112e+01	6.100265e+02
1.450000e-06	4.982702e-06	9.343036e-09	3.551374e+01	6.154389e+02
1.460000e-06	5.020717e-06	9.419812e-09	3.578469e+01	6.204890e+02
1.470000e-06	5.057180e-06	9.490032e-09	3.604458e+01	6.251992e+02
1.480000e-06	5.091931e-06	9.555451e-09	3.629226e+01	6.295860e+02
1.490000e-06	5.124664e-06	9.617975e-09	3.652556e+01	6.336626e+02
1.500000e-06	5.155496e-06	9.674839e-09	3.674532e+01	6.374417e+02
1.510000e-06	5.184697e-06	9.725071e-09	3.695345e+01	6.409369e+02
1.520000e-06	5.212261e-06	9.771946e-09	3.714990e+01	6.441637e+02
1.530000e-06	5.237824e-06	9.817616e-09	3.733210e+01	6.471388e+02
1.540000e-06	5.261281e-06	9.859495e-09	3.749929e+01	6.498785e+02
1.550000e-06	5.282937e-06	9.894734e-09	3.765364e+01	6.523973e+02
1.560000e-06	5.303000e-06	9.926143e-09	3.779664e+01	6.547064e+02
1.570000e-06	5.321297e-06	9.957190e-09	3.792705e+01	6.568135e+02
1.580000e-06	5.337551e-06	9.985520e-09	3.804290e+01	6.587234e+02
1.590000e-06	5.351826e-06	1.000898e-08	3.814464e+01	6.604400e+02
1.600000e-06	5.364156e-06	1.002925e-08	3.823252e+01	6.619678e+02
1.610000e-06	5.374330e-06	1.004815e-08	3.830504e+01	6.633140e+02
1.620000e-06	5.382361e-06	1.006531e-08	3.836228e+01	6.644892e+02
1.630000e-06	5.388516e-06	1.008013e-08	3.840615e+01	6.655069e+02
1.640000e-06	5.392938e-06	1.009258e-08	3.843766e+01	6.663819e+02
1.650000e-06	5.395511e-06	1.010442e-08	3.845600e+01	6.671276e+02
1.660000e-06	5.396072e-06	1.011467e-08	3.846000e+01	6.677531e+02
1.670000e-06	5.394809e-06	1.012057e-08	3.845100e+01	6.682620e+02
1.680000e-06	5.391938e-06	1.012679e-08	3.843054e+01	6.686509e+02
1.690000e-06	5.387448e-06	1.013183e-08	3.839853e+01	6.689115e+02
1.700000e-06	5.381101e-06	1.013347e-08	3.835329e+01	6.690325e+02
1.710000e-06	5.372945e-06	1.013352e-08	3.829517e+01	6.690040e+02
1.720000e-06	5.363189e-06	1.013486e-08	3.822563e+01	6.688202e+02
1.730000e-06	5.351748e-06	1.014522e-08	3.814408e+01	6.684824e+02
1.740000e-06	5.338426e-06	1.012175e-08	3.804913e+01	6.679993e+02
1.750000e-06	5.322991e-06	1.007220e-08	3.793912e+01	6.673856e+02
1.760000e-06	5.305225e-06	1.007306e-08	3.781249e+01	6.666589e+02
1.770000e-06	5.284992e-06	1.007646e-08	3.766828e+01	6.658356e+02
1.780000e-06	5.262460e-06	1.012261e-08	3.750769e+01	6.649268e+02
1.790000e-06	5.238455e-06	1.013611e-08	3.733660e+01	6.639366e+02
1.800000e-06	5.213550e-06	9.982299e-09	3.715909e+01	6.628609e+02
1.810000e-06	5.187137e-06	9.985063e-09	3.697083e+01	6.616905e+02
1.820000e-06	5.158762e-06	1.000806e-08	3.676859e+01	6.604141e+02
1.830000e-06	5.128549e-06	9.921669e-09	3.655325e+01	6.590236e+02
1.840000e-06	5.096429e-06	1.002835e-08	3.632432e+01	6.575177e+02
1.850000e-06	5.062484e-06	1.002112e-08	3.608238e+01	6.559042e+02
1.860000e-06	5.026958e-06	9.925249e-09	3.582917e+01	6.541995e+02
1.870000e-06	4.989577e-06	1.000372e-08	3.556274e+01	6.524248e+02
1.880000e-06	4.950282e-06	9.909509e-09	3.528268e+01	6.506006e+02
1.890000e-06	4.909311e-06	9.793068e-09	3.499065e+01	6.487404e+02
1.900000e-06	4.866556e-06	9.843958e-09	3.468592e+01	6.468449e+02
1.910000e-06	4.822244e-06	9.868413e-09	3.437009e+01	6.448995e+02
1.920000e-06	4.776304e-06	9.902992e-09	3.404266e+01	6.428745e+02
1.930000e-06	4.728517e-06	9.771997e-09	3.370206e+01	6.407292e+02
1.940000e-06	4.679055e-06	9.657391e-09	3.334953e+01	6.384196e+02
1.950000e-06	4.627831e-06	9.726067e-09	3.298443e+01	6.359068e+02
1.960000e-06	4.574762e-06	9.702475e-09	3.260619e+01	6.331650e+02
1.970000e-06	4.519751e-06	9.658394e-09	3.221410e+01	6.301873e+02
1.980000e-06	4.462939e-06	9.579261e-09	3.180918e+01	6.269871e+02
1.990000e-06	4.404658e-06	9.531247e-09	3.139379e+01	6.235956e+02
2.000000e-06	4.344963e-06	9.517509e-09	3.096832e+01	6.200556e+02
2.010000e-06	4.283736e-06	9.403553e-09	3.053193e+01	6.164122e+02
2.020000e-06	4.220751e-06	9.345496e-09	3.008301e+01	6.127039e+02
2.030000e-06	4.156142e-06	9.276715e-09	2.962251e+01	6.089557e+02
2.040000e-06	4.090089e-06	9.265572e-09	2.915173e+01	6.051746e+02
2.050000e-06	4.022629e-06	9.285717e-09	2.867091e+01	6.013503e+02
2.060000e-06	3.953866e-06	9.187103e-09	2.818081e+01	5.974592e+02
2.070000e-06	3.883511e-06	9.060962e-09	2.767936e+01	5.934714e+02
2.080000e-06	3.811562e-06	8.945699e-09	2.716656e+01	5.893581e+02
2.090000e-06	3.738273e-06	8.958035e-09	2.664419e+01	5.850992e+02
2.100000e-06	3.663655e-06	8.947742e-09	2.611236e+01	5.806866e+02
2.110000e-06	3.587665e-06	8.825447e-09	2.557075e+01	5.761255e+02
2.120000e-06	3.510012e-06	8.721777e-09	2.501728e+01	5.714314e+02
2.130000e-06	3.430809e-06	8.666251e-09	2.445277e+01	5.666250e+02
2.140000e-06	3.350473e-06	8.632589e-09	2.388018e+01	5.617262e+02
2.150000e-06	3.269051e-06	8.515186e-09	2.329986e+01	5.567488e+02
2.160000e-06	3.186523e-06	8.418746e-09	2.271165e+01	5.516967e+02
2.170000e-06	3.103010e-06	8.379600e-09	2.211642e+01	5.465642e+02
2.180000e-06	3.018572e-06	8.323407e-09	2.151459e+01	5.413377e+02
2.190000e-06	2.932859e-06	8.220903e-09	2.090368e+01	5.360007e+02
2.200000e-06	2.845747e-06	8.097067e-09	2.028280e+01	5.305382e+02
2.210000e-06	2.757603e-06	8.020896e-09	1.965455e+01	5.249414e+02
2.220000e-06	2.668672e-06	7.948785e-09	1.902071e+01	5.192097e+02
2.230000e-06	2.578924e-06	7.879572e-09	1.838104e+01	5.133508e+02
2.240000e-06	2.488257e-06	7.800108e-09	1.773482e+01	5.073779e+02
2.250000e-06	2.396801e-06	7.696405e-09	1.708298e+01	5.013057e+02
2.260000e-06	2.304656e-06	7.589780e-09	1.642622e+01	4.951462e+02
2.270000e-06	2.211734e-06	7.494496e-09	1.576393e+01	4.889047e+02
2.280000e-06	2.117824e-06	7.406364e-09	1.509459e+01	4.825783e+02
2.290000e-06	2.022909e-06	7.297814e-09	1.441809e+01	4.761567e+02
2.300000e-06	1.927197e-06	7.194826e-09	1.373592e+01	4.696246e+02
2.310000e-06	1.830908e-06	7.110745e-09	1.304962e+01	4.629661e+02
2.320000e-06	1.734111e-06	7.010963e-09	1.235972e+01	4.561685e+02
2.330000e-06	1.636699e-06	6.879592e-09	1.166542e+01	4.492254e+02
2.340000e-06	1.538690e-06	6.763091e-09	1.096687e+01	4.421383e+02
2.350000e-06	1.440196e-06	6.681703e-09	1.026487e+01	4.349156e+02
2.360000e-06	1.341298e-06	6.586848e-09	9.559975e+00	4.275698e+02
2.370000e-06	1.242005e-06	6.457151e-09	8.852274e+00	4.201133e+02
2.380000e-06	1.142381e-06	6.323488e-09	8.142214e+00	4.125547e+02
2.390000e-06	1.042456e-06	6.211004e-09	7.430006e+00	4.048953e+02
2.400000e-06	9.421968e-07	6.100228e-09	6.715420e+00	3.971275e+02
2.410000e-06	8.416113e-07	5.973779e-09	5.998506e+00	3.892355e+02
2.420000e-06	7.407466e-07	5.845259e-09	5.279602e+00	3.811971e+02
2.430000e-06	6.396227e-07	5.726615e-09	4.558851e+00	3.729869e+02
2.440000e-06	5.382053e-07	5.611423e-09	3.836008e+00	3.645795e+02
2.450000e-06	4.365093e-07	5.481563e-09	3.111179e+00	3.559523e+02
2.460000e-06	3.346137e-07	5.331908e-09	2.384928e+00	3.470866e+02
2.470000e-06	2.325639e-07	5.182262e-09	1.657577e+00	3.379675e+02
2.480000e-06	1.303194e-07	5.046600e-09	9.288395e-01	3.285823e+02
2.490000e-06	2.800717e-08	4.912747e-09	1.996185e-01	3.189184e+02
2.500000e-06	-7.424150e-08	4.760464e-09	-5.291493e-01	3.089610e+02
2.510000e-06	-1.764410e-07	4.592856e-09	-1.257566e+00	2.986917e+02
2.520000e-06	-2.786119e-07	4.427871e-09	-1.985780e+00	2.880881e+02
2.530000e-06	-3.806237e-07	4.268511e-09	-2.712860e+00	2.771246e+02
2.540000e-06	-4.823329e-07	4.102095e-09	-3.437783e+00	2.657747e+02
2.550000e-06	-5.837569e-07	3.921431e-09	-4.160673e+00	2.540129e+02
2.560000e-06	-6.849040e-07	3.734738e-09	-4.881589e+00	2.418175e+02
2.570000e-06	-7.857534e-07	3.546751e-09	-5.600384e+00	2.291723e+02
2.580000e-06	-8.863175e-07	3.349523e-09	-6.317145e+00	2.160673e+02
2.590000e-06	-9.866019e-07	3.137376e-09	-7.031913e+00	2.024987e+02
2.600000e-06	-1.086611e-06	2.916473e-09	-7.744715e+00	1.884679e+02
2.610000e-06	-1.186264e-06	2.697396e-09	-8.454987e+00	1.739800e+02
2.620000e-06	-1.285484e-06	2.477004e-09	-9.162167e+00	1.590422e+02
2.630000e-06	-1.384276e-06	2.241893e-09	-9.866299e+00	1.436631e+02
2.640000e-06	-1.482637e-06	1.992624e-09	-1.056736e+01	1.278517e+02
2.650000e-06	-1.580513e-06	1.741546e-09	-1.126496e+01	1.116176e+02
2.660000e-06	-1.677786e-06	1.491267e-09	-1.195826e+01	9.497156e+01
2.670000e-06	-1.774465e-06	1.233173e-09	-1.264733e+01	7.792551e+01
2.680000e-06	-1.870651e-06	9.647676e-10	-1.333289e+01	6.049362e+01
2.690000e-06	-1.966382e-06	6.911652e-10	-1.401521e+01	4.269222e+01
2.700000e-06	-2.061485e-06	4.146685e-10	-1.469304e+01	2.453980e+01
2.710000e-06	-2.155650e-06	1.335289e-10	-1.536419e+01	6.056728e+00
2.720000e-06	-2.248781e-06	-1.560116e-10	-1.602797e+01	-1.273522e+01
2.730000e-06	-2.341023e-06	-4.515965e-10	-1.668542e+01	-3.181314e+01
2.740000e-06	-2.432467e-06	-7.468467e-10	-1.733718e+01	-5.115316e+01
2.750000e-06	-2.523086e-06	-1.041769e-09	-1.798306e+01	-7.073039e+01
2.760000e-06	-2.612778e-06	-1.342385e-09	-1.862233e+01	-9.051861e+01
2.770000e-06	-2.701547e-06	-1.651433e-09	-1.925502e+01	-1.104899e+02
2.780000e-06	-2.789551e-06	-1.962634e-09	-1.988227e+01	-1.306143e+02
2.790000e-06	-2.876717e-06	-2.270124e-09	-2.050353e+01	-1.508596e+02
2.800000e-06	-2.962675e-06	-2.576571e-09	-2.111619e+01	-1.711908e+02
2.810000e-06	-3.047347e-06	-2.887890e-09	-2.171968e+01	-1.915704e+02
2.820000e-06	-3.130956e-06	-3.201139e-09	-2.231560e+01	-2.119578e+02
2.830000e-06	-3.213575e-06	-3.511769e-09	-2.290446e+01	-2.323091e+02
2.840000e-06	-3.295099e-06	-3.820542e-09	-2.348551e+01	-2.525769e+02
2.850000e-06	-3.375515e-06	-4.129427e-09	-2.405867e+01	-2.727096e+02
2.860000e-06	-3.454804e-06	-4.436924e-09	-2.462379e+01	-2.926520e+02
2.870000e-06	-3.532624e-06	-4.739404e-09	-2.517844e+01	-3.123452e+02
2.880000e-06	-3.608863e-06	-5.035417e-09	-2.572183e+01	-3.317277e+02
2.890000e-06	-3.683731e-06	-5.327496e-09	-2.625545e+01	-3.507375e+02
2.900000e-06	-3.757260e-06	-5.616801e-09	-2.677952e+01	-3.693138e+02
2.910000e-06	-3.829540e-06	-5.898915e-09	-2.729469e+01	-3.873998e+02
2.920000e-06	-3.900520e-06	-6.168059e-09	-2.780059e+01	-4.049443e+02
2.930000e-06	-3.969950e-06	-6.424518e-09	-2.829545e+01	-4.219036e+02
2.940000e-06	-4.037882e-06	-6.673618e-09	-2.877963e+01	-4.382419e+02
2.950000e-06	-4.104442e-06	-6.917101e-09	-2.925403e+01	-4.539309e+02
2.960000e-06	-4.169649e-06	-7.150918e-09	-2.971879e+01	-4.689485e+02
2.970000e-06	-4.233550e-06	-7.372659e-09	-3.017423e+01	-4.832771e+02
2.980000e-06	-4.295872e-06	-7.584462e-09	-3.061843e+01	-4.969022e+02
2.990000e-06	-4.356445e-06	-7.785670e-09	-3.105015e+01	-5.098116e+02
3.000000e-06	-4.415503e-06	-7.972021e-09	-3.147109e+01	-5.219954e+02
3.010000e-06	-4.473152e-06	-8.144091e-09	-3.188197e+01	-5.334473e+02
3.020000e-06	-4.529273e-06	-8.307239e-09	-3.228197e+01	-5.441671e+02
3.030000e-06	-4.583539e-06	-8.463476e-09	-3.266874e+01	-5.541625e+02
3.040000e-06	-4.635817e-06	-8.611423e-09	-3.304135e+01	-5.634511e+02
3.050000e-06	-4.686331e-06	-8.747215e-09	-3.340139e+01	-5.720619e+02
3.060000e-06	-4.734959e-06	-8.869127e-09	-3.374798e+01	-5.800336e+02
3.070000e-06	-4.781643e-06	-8.980191e-09	-3.408072e+01	-5.874132e+02
3.080000e-06	-4.826771e-06	-9.086547e-09	-3.440236e+01	-5.942517e+02
3.090000e-06	-4.870476e-06	-9.187801e-09	-3.471386e+01	-6.006007e+02
3.100000e-06	-4.912639e-06	-9.281399e-09	-3.501438e+01	-6.065077e+02
3.110000e-06	-4.953218e-06	-9.367095e-09	-3.530360e+01	-6.120133e+02
3.120000e-06	-4.992098e-06	-9.445764e-09	-3.558071e+01	-6.171499e+02
3.130000e-06	-5.029076e-06	-9.519539e-09	-3.584427e+01	-6.219416e+02
3.140000e-06	-5.064228e-06	-9.588200e-09	-3.609481e+01	-6.264062e+02
3.150000e-06	-5.097631e-06	-9.652180e-09	-3.633289e+01	-6.305575e+02
3.160000e-06	-5.129226e-06	-9.713787e-09	-3.655808e+01	-6.344081e+02
3.170000e-06	-5.158883e-06	-9.772416e-09	-3.676946e+01	-6.379712e+02
3.180000e-06	-5.186718e-06	-9.824983e-09	-3.696784e+01	-6.412619e+02
3.190000e-06	-5.212845e-06	-9.869979e-09	-3.715406e+01	-6.442966e+02
3.200000e-06	-5.237116e-06	-9.912777e-09	-3.732706e+01	-6.470920e+02
3.210000e-06	-5.259446e-06	-9.955324e-09	-3.748621e+01	-6.496631e+02
3.220000e-06	-5.279861e-06	-9.994664e-09	-3.763172e+01	-6.520221e+02
3.230000e-06	-5.298483e-06	-1.002901e-08	-3.776444e+01	-6.541774e+02
3.240000e-06	-5.315400e-06	-1.005922e-08	-3.788501e+01	-6.561346e+02
3.250000e-06	-5.330373e-06	-1.008605e-08	-3.799173e+01	-6.578975e+02
3.260000e-06	-5.343096e-06	-1.011023e-08	-3.808242e+01	-6.594702e+02
3.270000e-06	-5.353751e-06	-1.013460e-08	-3.815836e+01	-6.608593e+02
3.280000e-06	-5.362576e-06	-1.015783e-08	-3.822126e+01	-6.620743e+02
3.290000e-06	-5.369498e-06	-1.017772e-08	-3.827059e+01	-6.631283e+02
3.300000e-06	-5.374422e-06	-1.019236e-08	-3.830569e+01	-6.640360e+02
3.310000e-06	-5.377493e-06	-1.020100e-08	-3.832758e+01	-6.648112e+02
3.320000e-06	-5.378818e-06	-1.020790e-08	-3.833702e+01	-6.654645e+02
