# Temperatura_=_43.28
# Concentracion g/m^3_=_32800.0
# C_Vs_to_Am_M_A/Vsm_=_65563218390.804596
# pendiente_HvsI_1/m_=_3716.3
# ordenada_HvsI_A/m_=_1297.0
# frecuencia_Hz_=_300783.4134048094

Tiempo_(s)	Campo_(V.s)	Magnetizacion_(V.s)	Campo_(kA/m)	Magnetizacion_(A/m)
0.000000e+00	-5.411274e-06	-1.007121e-08	-3.834075e+01	-6.574843e+02
1.000000e-08	-5.409988e-06	-1.007931e-08	-3.833164e+01	-6.579430e+02
2.000000e-08	-5.406713e-06	-1.008404e-08	-3.830843e+01	-6.583006e+02
3.000000e-08	-5.401730e-06	-1.008687e-08	-3.827313e+01	-6.585433e+02
4.000000e-08	-5.395137e-06	-1.008580e-08	-3.822642e+01	-6.586494e+02
5.000000e-08	-5.386906e-06	-1.008100e-08	-3.816810e+01	-6.585947e+02
6.000000e-08	-5.376729e-06	-1.007699e-08	-3.809599e+01	-6.583595e+02
7.000000e-08	-5.364534e-06	-1.006843e-08	-3.800959e+01	-6.579360e+02
8.000000e-08	-5.350412e-06	-1.005827e-08	-3.790952e+01	-6.573322e+02
9.000000e-08	-5.333969e-06	-1.007788e-08	-3.779302e+01	-6.565735e+02
1.000000e-07	-5.315238e-06	-1.008087e-08	-3.766031e+01	-6.556993e+02
1.100000e-07	-5.294577e-06	-1.004426e-08	-3.751391e+01	-6.547556e+02
1.200000e-07	-5.272149e-06	-1.001642e-08	-3.735501e+01	-6.537857e+02
1.300000e-07	-5.248241e-06	-9.960335e-09	-3.718561e+01	-6.528210e+02
1.400000e-07	-5.222893e-06	-9.931348e-09	-3.700601e+01	-6.518732e+02
1.500000e-07	-5.195820e-06	-1.001412e-08	-3.681419e+01	-6.509312e+02
1.600000e-07	-5.167061e-06	-9.955436e-09	-3.661042e+01	-6.499629e+02
1.700000e-07	-5.136827e-06	-9.887758e-09	-3.639620e+01	-6.489217e+02
1.800000e-07	-5.104819e-06	-9.952335e-09	-3.616942e+01	-6.477559e+02
1.900000e-07	-5.070707e-06	-9.901569e-09	-3.592772e+01	-6.464198e+02
2.000000e-07	-5.034894e-06	-9.898050e-09	-3.567397e+01	-6.448828e+02
2.100000e-07	-4.997491e-06	-9.893473e-09	-3.540895e+01	-6.431350e+02
2.200000e-07	-4.958244e-06	-9.747707e-09	-3.513088e+01	-6.411877e+02
2.300000e-07	-4.917098e-06	-9.730762e-09	-3.483935e+01	-6.390688e+02
2.400000e-07	-4.873990e-06	-9.780522e-09	-3.453391e+01	-6.368151e+02
2.500000e-07	-4.829154e-06	-9.738984e-09	-3.421623e+01	-6.344618e+02
2.600000e-07	-4.782577e-06	-9.674359e-09	-3.388622e+01	-6.320344e+02
2.700000e-07	-4.733965e-06	-9.572335e-09	-3.354178e+01	-6.295420e+02
2.800000e-07	-4.683261e-06	-9.548251e-09	-3.318253e+01	-6.269760e+02
2.900000e-07	-4.630657e-06	-9.573410e-09	-3.280981e+01	-6.243135e+02
3.000000e-07	-4.576400e-06	-9.525437e-09	-3.242538e+01	-6.215241e+02
3.100000e-07	-4.520565e-06	-9.425820e-09	-3.202977e+01	-6.185780e+02
3.200000e-07	-4.463024e-06	-9.353121e-09	-3.162207e+01	-6.154544e+02
3.300000e-07	-4.403765e-06	-9.338617e-09	-3.120220e+01	-6.121471e+02
3.400000e-07	-4.342993e-06	-9.303501e-09	-3.077161e+01	-6.086655e+02
3.500000e-07	-4.280792e-06	-9.241739e-09	-3.033090e+01	-6.050326e+02
3.600000e-07	-4.217121e-06	-9.164309e-09	-2.987976e+01	-6.012786e+02
3.700000e-07	-4.151831e-06	-9.104643e-09	-2.941716e+01	-5.974336e+02
3.800000e-07	-4.084907e-06	-9.088699e-09	-2.894298e+01	-5.935201e+02
3.900000e-07	-4.016524e-06	-9.024041e-09	-2.845846e+01	-5.895486e+02
4.000000e-07	-3.946757e-06	-8.915537e-09	-2.796414e+01	-5.855158e+02
4.100000e-07	-3.875662e-06	-8.838025e-09	-2.746041e+01	-5.814068e+02
4.200000e-07	-3.803231e-06	-8.798121e-09	-2.694721e+01	-5.772002e+02
4.300000e-07	-3.729275e-06	-8.761673e-09	-2.642320e+01	-5.728742e+02
4.400000e-07	-3.653723e-06	-8.684266e-09	-2.588790e+01	-5.684128e+02
4.500000e-07	-3.576698e-06	-8.593014e-09	-2.534215e+01	-5.638096e+02
4.600000e-07	-3.498239e-06	-8.523097e-09	-2.478624e+01	-5.590684e+02
4.700000e-07	-3.418399e-06	-8.463869e-09	-2.422055e+01	-5.542018e+02
4.800000e-07	-3.337310e-06	-8.384296e-09	-2.364600e+01	-5.492265e+02
4.900000e-07	-3.254998e-06	-8.289058e-09	-2.306279e+01	-5.441580e+02
5.000000e-07	-3.171574e-06	-8.218080e-09	-2.247170e+01	-5.390068e+02
5.100000e-07	-3.087199e-06	-8.150380e-09	-2.187387e+01	-5.337750e+02
5.200000e-07	-3.001980e-06	-8.060158e-09	-2.127007e+01	-5.284568e+02
5.300000e-07	-2.915833e-06	-7.959692e-09	-2.065969e+01	-5.230408e+02
5.400000e-07	-2.828655e-06	-7.875242e-09	-2.004200e+01	-5.175139e+02
5.500000e-07	-2.740544e-06	-7.803542e-09	-1.941771e+01	-5.118658e+02
5.600000e-07	-2.651458e-06	-7.719877e-09	-1.878650e+01	-5.060921e+02
5.700000e-07	-2.561225e-06	-7.625036e-09	-1.814717e+01	-5.001959e+02
5.800000e-07	-2.469871e-06	-7.525638e-09	-1.749989e+01	-4.941864e+02
5.900000e-07	-2.377671e-06	-7.431531e-09	-1.684662e+01	-4.880758e+02
6.000000e-07	-2.284788e-06	-7.337234e-09	-1.618852e+01	-4.818753e+02
6.100000e-07	-2.191221e-06	-7.234356e-09	-1.552556e+01	-4.755913e+02
6.200000e-07	-2.096896e-06	-7.129593e-09	-1.485724e+01	-4.692225e+02
6.300000e-07	-2.001813e-06	-7.035350e-09	-1.418354e+01	-4.627596e+02
6.400000e-07	-1.905975e-06	-6.949448e-09	-1.350449e+01	-4.561878e+02
6.500000e-07	-1.809391e-06	-6.846615e-09	-1.282016e+01	-4.494900e+02
6.600000e-07	-1.712085e-06	-6.724152e-09	-1.213072e+01	-4.426516e+02
6.700000e-07	-1.614089e-06	-6.612745e-09	-1.143638e+01	-4.356642e+02
6.800000e-07	-1.515500e-06	-6.522609e-09	-1.073785e+01	-4.285281e+02
6.900000e-07	-1.416320e-06	-6.420098e-09	-1.003512e+01	-4.212519e+02
7.000000e-07	-1.316631e-06	-6.290192e-09	-9.328788e+00	-4.138497e+02
7.100000e-07	-1.216511e-06	-6.160731e-09	-8.619402e+00	-4.063373e+02
7.200000e-07	-1.115970e-06	-6.052674e-09	-7.907034e+00	-3.987267e+02
7.300000e-07	-1.015112e-06	-5.950499e-09	-7.192417e+00	-3.910225e+02
7.400000e-07	-9.139447e-07	-5.830356e-09	-6.475615e+00	-3.832190e+02
7.500000e-07	-8.124344e-07	-5.697678e-09	-5.756380e+00	-3.753000e+02
7.600000e-07	-7.106785e-07	-5.571728e-09	-5.035403e+00	-3.672415e+02
7.700000e-07	-6.086433e-07	-5.454898e-09	-4.312449e+00	-3.590149e+02
7.800000e-07	-5.063405e-07	-5.328728e-09	-3.587598e+00	-3.505916e+02
7.900000e-07	-4.039242e-07	-5.185261e-09	-2.861943e+00	-3.419466e+02
8.000000e-07	-3.014182e-07	-5.038271e-09	-2.135653e+00	-3.330606e+02
8.100000e-07	-1.987889e-07	-4.904587e-09	-1.408488e+00	-3.239200e+02
8.200000e-07	-9.608309e-08	-4.773940e-09	-6.807821e-01	-3.145150e+02
8.300000e-07	6.664868e-09	-4.624692e-09	4.722290e-02	-3.048364e+02
8.400000e-07	1.094173e-07	-4.460784e-09	7.752592e-01	-2.948723e+02
8.500000e-07	2.121021e-07	-4.299878e-09	1.502817e+00	-2.846055e+02
8.600000e-07	3.147358e-07	-4.145331e-09	2.230012e+00	-2.740125e+02
8.700000e-07	4.172712e-07	-3.980425e-09	2.956511e+00	-2.630643e+02
8.800000e-07	5.196709e-07	-3.799240e-09	3.682048e+00	-2.517294e+02
8.900000e-07	6.219460e-07	-3.613774e-09	4.406703e+00	-2.399771e+02
9.000000e-07	7.239901e-07	-3.429986e-09	5.129721e+00	-2.277815e+02
9.100000e-07	8.257457e-07	-3.239283e-09	5.850695e+00	-2.151246e+02
9.200000e-07	9.271872e-07	-3.036433e-09	6.569443e+00	-2.019975e+02
9.300000e-07	1.028263e-06	-2.825840e-09	7.285603e+00	-1.884008e+02
9.400000e-07	1.129031e-06	-2.613718e-09	7.999576e+00	-1.743419e+02
9.500000e-07	1.229502e-06	-2.400443e-09	8.711451e+00	-1.598333e+02
9.600000e-07	1.329602e-06	-2.174705e-09	9.420690e+00	-1.448889e+02
9.700000e-07	1.429251e-06	-1.933581e-09	1.012674e+01	-1.295220e+02
9.800000e-07	1.528361e-06	-1.686771e-09	1.082897e+01	-1.137442e+02
9.900000e-07	1.626896e-06	-1.441185e-09	1.152713e+01	-9.756509e+01
1.000000e-06	1.724762e-06	-1.192593e-09	1.222054e+01	-8.099343e+01
1.010000e-06	1.821844e-06	-9.362439e-10	1.290839e+01	-6.403862e+01
1.020000e-06	1.918144e-06	-6.707256e-10	1.359072e+01	-4.671238e+01
1.030000e-06	2.013691e-06	-3.987730e-10	1.426770e+01	-2.902976e+01
1.040000e-06	2.108534e-06	-1.240106e-10	1.493969e+01	-1.100952e+01
1.050000e-06	2.202681e-06	1.551865e-10	1.560676e+01	7.326328e+00
1.060000e-06	2.296101e-06	4.385611e-10	1.626867e+01	2.595344e+01
1.070000e-06	2.388793e-06	7.239744e-10	1.692543e+01	4.484624e+01
1.080000e-06	2.480782e-06	1.011754e-09	1.757720e+01	6.397868e+01
1.090000e-06	2.571948e-06	1.306852e-09	1.822315e+01	8.332451e+01
1.100000e-06	2.662071e-06	1.610486e-09	1.886169e+01	1.028569e+02
1.110000e-06	2.751066e-06	1.915974e-09	1.949226e+01	1.225476e+02
1.120000e-06	2.839011e-06	2.218146e-09	2.011537e+01	1.423660e+02
1.130000e-06	2.926023e-06	2.517694e-09	2.073189e+01	1.622783e+02
1.140000e-06	3.012102e-06	2.817819e-09	2.134179e+01	1.822470e+02
1.150000e-06	3.097171e-06	3.120292e-09	2.194453e+01	2.022312e+02
1.160000e-06	3.181288e-06	3.423141e-09	2.254053e+01	2.221869e+02
1.170000e-06	3.264476e-06	3.726215e-09	2.312994e+01	2.420682e+02
1.180000e-06	3.346485e-06	4.030100e-09	2.371100e+01	2.618274e+02
1.190000e-06	3.427193e-06	4.329399e-09	2.428285e+01	2.814161e+02
1.200000e-06	3.506633e-06	4.621453e-09	2.484571e+01	3.007847e+02
1.210000e-06	3.584825e-06	4.907657e-09	2.539973e+01	3.198826e+02
1.220000e-06	3.661759e-06	5.190265e-09	2.594484e+01	3.386578e+02
1.230000e-06	3.737362e-06	5.470554e-09	2.648050e+01	3.570574e+02
1.240000e-06	3.811403e-06	5.743384e-09	2.700511e+01	3.750277e+02
1.250000e-06	3.883797e-06	6.006133e-09	2.751805e+01	3.925161e+02
1.260000e-06	3.954767e-06	6.259448e-09	2.802090e+01	4.094725e+02
1.270000e-06	4.024350e-06	6.506519e-09	2.851392e+01	4.258514e+02
1.280000e-06	4.092651e-06	6.745984e-09	2.899785e+01	4.416139e+02
1.290000e-06	4.159639e-06	6.974147e-09	2.947248e+01	4.567282e+02
1.300000e-06	4.224927e-06	7.191817e-09	2.993507e+01	4.711704e+02
1.310000e-06	4.288542e-06	7.401341e-09	3.038581e+01	4.849239e+02
1.320000e-06	4.350763e-06	7.599711e-09	3.082667e+01	4.979778e+02
1.330000e-06	4.411655e-06	7.783293e-09	3.125811e+01	5.103262e+02
1.340000e-06	4.471257e-06	7.955726e-09	3.168041e+01	5.219671e+02
1.350000e-06	4.529209e-06	8.121851e-09	3.209102e+01	5.329023e+02
1.360000e-06	4.585280e-06	8.281314e-09	3.248830e+01	5.431379e+02
1.370000e-06	4.639719e-06	8.429791e-09	3.287402e+01	5.526860e+02
1.380000e-06	4.692479e-06	8.564482e-09	3.324784e+01	5.615661e+02
1.390000e-06	4.743253e-06	8.684730e-09	3.360759e+01	5.698060e+02
1.400000e-06	4.791994e-06	8.795968e-09	3.395294e+01	5.774421e+02
1.410000e-06	4.838918e-06	8.902832e-09	3.428541e+01	5.845179e+02
1.420000e-06	4.884201e-06	9.003697e-09	3.460626e+01	5.910812e+02
1.430000e-06	4.928012e-06	9.097274e-09	3.491668e+01	5.971804e+02
1.440000e-06	4.970025e-06	9.184990e-09	3.521435e+01	6.028606e+02
1.450000e-06	5.010011e-06	9.266689e-09	3.549767e+01	6.081601e+02
1.460000e-06	5.048281e-06	9.340399e-09	3.576882e+01	6.131087e+02
1.470000e-06	5.084974e-06	9.407900e-09	3.602881e+01	6.177273e+02
1.480000e-06	5.119987e-06	9.472202e-09	3.627689e+01	6.220299e+02
1.490000e-06	5.153029e-06	9.533330e-09	3.651100e+01	6.260262e+02
1.500000e-06	5.184159e-06	9.587789e-09	3.673156e+01	6.297254e+02
1.510000e-06	5.213616e-06	9.636571e-09	3.694028e+01	6.331388e+02
1.520000e-06	5.241440e-06	9.683338e-09	3.713742e+01	6.362814e+02
1.530000e-06	5.267300e-06	9.727763e-09	3.732065e+01	6.391717e+02
1.540000e-06	5.291030e-06	9.767852e-09	3.748878e+01	6.418297e+02
1.550000e-06	5.312921e-06	9.803150e-09	3.764389e+01	6.442748e+02
1.560000e-06	5.333170e-06	9.835069e-09	3.778736e+01	6.465223e+02
1.570000e-06	5.351669e-06	9.864877e-09	3.791843e+01	6.485820e+02
1.580000e-06	5.368124e-06	9.891422e-09	3.803502e+01	6.504579e+02
1.590000e-06	5.382577e-06	9.913716e-09	3.813742e+01	6.521496e+02
1.600000e-06	5.395125e-06	9.933487e-09	3.822633e+01	6.536555e+02
1.610000e-06	5.405551e-06	9.952784e-09	3.830020e+01	6.549763e+02
1.620000e-06	5.413802e-06	9.971181e-09	3.835866e+01	6.561177e+02
1.630000e-06	5.420106e-06	9.987747e-09	3.840333e+01	6.570920e+02
1.640000e-06	5.424657e-06	1.000146e-08	3.843558e+01	6.579171e+02
1.650000e-06	5.427384e-06	1.001287e-08	3.845490e+01	6.586131e+02
1.660000e-06	5.428104e-06	1.002337e-08	3.846000e+01	6.591980e+02
1.670000e-06	5.426977e-06	1.002992e-08	3.845201e+01	6.596829e+02
1.680000e-06	5.424170e-06	1.003445e-08	3.843212e+01	6.600682e+02
1.690000e-06	5.419727e-06	1.003713e-08	3.840065e+01	6.603430e+02
1.700000e-06	5.413441e-06	1.003773e-08	3.835610e+01	6.604872e+02
1.710000e-06	5.405311e-06	1.003778e-08	3.829851e+01	6.604764e+02
1.720000e-06	5.395533e-06	1.003682e-08	3.822923e+01	6.602893e+02
1.730000e-06	5.384050e-06	1.004050e-08	3.814786e+01	6.599143e+02
1.740000e-06	5.370769e-06	1.002900e-08	3.805376e+01	6.593554e+02
1.750000e-06	5.355379e-06	9.981213e-09	3.794472e+01	6.586339e+02
1.760000e-06	5.337617e-06	9.973452e-09	3.781887e+01	6.577859e+02
1.770000e-06	5.317369e-06	9.977297e-09	3.767540e+01	6.568569e+02
1.780000e-06	5.294735e-06	9.990889e-09	3.751503e+01	6.558916e+02
1.790000e-06	5.270545e-06	1.002298e-08	3.734364e+01	6.549252e+02
1.800000e-06	5.245531e-06	9.903649e-09	3.716641e+01	6.539749e+02
1.810000e-06	5.219126e-06	9.867625e-09	3.697932e+01	6.530353e+02
1.820000e-06	5.190689e-06	9.944935e-09	3.677783e+01	6.520792e+02
1.830000e-06	5.160453e-06	9.858199e-09	3.656360e+01	6.510626e+02
1.840000e-06	5.128373e-06	9.857010e-09	3.633630e+01	6.499342e+02
1.850000e-06	5.094383e-06	9.854361e-09	3.609547e+01	6.486459e+02
1.860000e-06	5.058767e-06	9.748719e-09	3.584312e+01	6.471625e+02
1.870000e-06	5.021288e-06	9.822690e-09	3.557757e+01	6.454688e+02
1.880000e-06	4.981939e-06	9.811187e-09	3.529877e+01	6.435708e+02
1.890000e-06	4.940892e-06	9.683921e-09	3.500793e+01	6.414932e+02
1.900000e-06	4.897988e-06	9.664526e-09	3.470394e+01	6.392712e+02
1.910000e-06	4.853505e-06	9.628898e-09	3.438877e+01	6.369415e+02
1.920000e-06	4.807386e-06	9.682567e-09	3.406200e+01	6.345327e+02
1.930000e-06	4.759379e-06	9.677313e-09	3.372185e+01	6.320582e+02
1.940000e-06	4.709682e-06	9.533593e-09	3.336973e+01	6.295139e+02
1.950000e-06	4.658214e-06	9.518720e-09	3.300506e+01	6.268799e+02
1.960000e-06	4.604893e-06	9.510852e-09	3.262727e+01	6.241268e+02
1.970000e-06	4.549628e-06	9.494880e-09	3.223569e+01	6.212238e+02
1.980000e-06	4.492549e-06	9.433547e-09	3.183127e+01	6.181474e+02
1.990000e-06	4.434025e-06	9.324927e-09	3.141661e+01	6.148874e+02
2.000000e-06	4.374009e-06	9.306631e-09	3.099137e+01	6.114493e+02
2.010000e-06	4.312407e-06	9.273583e-09	3.055490e+01	6.078531e+02
2.020000e-06	4.249161e-06	9.235994e-09	3.010678e+01	6.041281e+02
2.030000e-06	4.184339e-06	9.130250e-09	2.964749e+01	6.003048e+02
2.040000e-06	4.118039e-06	9.026995e-09	2.917774e+01	5.964085e+02
2.050000e-06	4.050241e-06	9.042000e-09	2.869736e+01	5.924529e+02
2.060000e-06	3.980944e-06	9.017277e-09	2.820637e+01	5.884381e+02
2.070000e-06	3.910128e-06	8.938149e-09	2.770462e+01	5.843516e+02
2.080000e-06	3.837871e-06	8.807112e-09	2.719265e+01	5.801731e+02
2.090000e-06	3.764242e-06	8.734848e-09	2.667096e+01	5.758804e+02
2.100000e-06	3.689246e-06	8.726886e-09	2.613959e+01	5.714555e+02
2.110000e-06	3.612793e-06	8.661699e-09	2.559789e+01	5.668893e+02
2.120000e-06	3.534765e-06	8.574576e-09	2.504504e+01	5.621833e+02
2.130000e-06	3.455314e-06	8.487039e-09	2.448210e+01	5.573482e+02
2.140000e-06	3.374667e-06	8.427517e-09	2.391068e+01	5.524000e+02
2.150000e-06	3.292937e-06	8.344218e-09	2.333160e+01	5.473552e+02
2.160000e-06	3.210136e-06	8.254409e-09	2.274492e+01	5.422258e+02
2.170000e-06	3.126280e-06	8.191178e-09	2.215078e+01	5.370160e+02
2.180000e-06	3.041374e-06	8.117877e-09	2.154919e+01	5.317219e+02
2.190000e-06	2.955190e-06	8.038060e-09	2.093855e+01	5.263331e+02
2.200000e-06	2.867732e-06	7.946739e-09	2.031887e+01	5.208367e+02
2.210000e-06	2.779285e-06	7.864707e-09	1.969220e+01	5.152212e+02
2.220000e-06	2.689972e-06	7.772213e-09	1.905939e+01	5.094805e+02
2.230000e-06	2.599751e-06	7.677275e-09	1.842014e+01	5.036159e+02
2.240000e-06	2.508668e-06	7.599492e-09	1.777478e+01	4.976352e+02
2.250000e-06	2.416822e-06	7.514689e-09	1.712402e+01	4.915503e+02
2.260000e-06	2.324135e-06	7.421678e-09	1.646730e+01	4.853730e+02
2.270000e-06	2.230531e-06	7.324983e-09	1.580409e+01	4.791113e+02
2.280000e-06	2.136024e-06	7.227075e-09	1.513447e+01	4.727658e+02
2.290000e-06	2.040693e-06	7.116350e-09	1.445902e+01	4.663293e+02
2.300000e-06	1.944578e-06	7.014821e-09	1.377801e+01	4.597880e+02
2.310000e-06	1.847808e-06	6.939445e-09	1.309236e+01	4.531248e+02
2.320000e-06	1.750532e-06	6.848934e-09	1.240313e+01	4.463242e+02
2.330000e-06	1.652728e-06	6.717437e-09	1.171015e+01	4.393760e+02
2.340000e-06	1.554301e-06	6.585755e-09	1.101276e+01	4.322782e+02
2.350000e-06	1.455300e-06	6.492330e-09	1.031131e+01	4.250374e+02
2.360000e-06	1.355976e-06	6.401787e-09	9.607564e+00	4.176668e+02
2.370000e-06	1.256319e-06	6.279254e-09	8.901454e+00	4.101822e+02
2.380000e-06	1.156201e-06	6.146731e-09	8.192086e+00	4.025970e+02
2.390000e-06	1.055668e-06	6.033723e-09	7.479774e+00	3.949179e+02
2.400000e-06	9.547222e-07	5.928650e-09	6.764538e+00	3.871419e+02
2.410000e-06	8.533347e-07	5.807375e-09	6.046172e+00	3.792554e+02
2.420000e-06	7.515689e-07	5.672795e-09	5.325126e+00	3.712360e+02
2.430000e-06	6.495165e-07	5.542002e-09	4.602049e+00	3.630557e+02
2.440000e-06	5.472216e-07	5.426739e-09	3.877255e+00	3.546857e+02
2.450000e-06	4.447748e-07	5.313053e-09	3.151384e+00	3.460998e+02
2.460000e-06	3.422136e-07	5.174765e-09	2.424702e+00	3.372771e+02
2.470000e-06	2.394647e-07	5.014616e-09	1.696690e+00	3.282028e+02
2.480000e-06	1.366156e-07	4.864425e-09	9.679686e-01	3.188663e+02
2.490000e-06	3.372462e-08	4.736390e-09	2.389506e-01	3.092586e+02
2.500000e-06	-6.927244e-08	4.604155e-09	-4.908193e-01	2.993689e+02
2.510000e-06	-1.723027e-07	4.446452e-09	-1.220824e+00	2.891813e+02
2.520000e-06	-2.751516e-07	4.274203e-09	-1.949544e+00	2.786740e+02
2.530000e-06	-3.777444e-07	4.107946e-09	-2.676450e+00	2.678192e+02
2.540000e-06	-4.801618e-07	3.945539e-09	-3.402113e+00	2.565855e+02
2.550000e-06	-5.824184e-07	3.770372e-09	-4.126636e+00	2.449418e+02
2.560000e-06	-6.844588e-07	3.581505e-09	-4.849628e+00	2.328607e+02
2.570000e-06	-7.861408e-07	3.390730e-09	-5.570080e+00	2.203219e+02
2.580000e-06	-8.874147e-07	3.200302e-09	-6.287641e+00	2.073143e+02
2.590000e-06	-9.883838e-07	3.000495e-09	-7.003042e+00	1.938361e+02
2.600000e-06	-1.089010e-06	2.784089e-09	-7.716012e+00	1.798933e+02
2.610000e-06	-1.189201e-06	2.558218e-09	-8.425898e+00	1.654975e+02
2.620000e-06	-1.288898e-06	2.333080e-09	-9.132286e+00	1.506623e+02
2.630000e-06	-1.388143e-06	2.105763e-09	-9.835472e+00	1.354014e+02
2.640000e-06	-1.486999e-06	1.867682e-09	-1.053591e+01	1.197270e+02
2.650000e-06	-1.585399e-06	1.618362e-09	-1.123310e+01	1.036490e+02
2.660000e-06	-1.683239e-06	1.363613e-09	-1.192633e+01	8.717625e+01
2.670000e-06	-1.780464e-06	1.105244e-09	-1.261520e+01	7.031784e+01
2.680000e-06	-1.877156e-06	8.440719e-10	-1.330030e+01	5.308479e+01
2.690000e-06	-1.973364e-06	5.791063e-10	-1.398197e+01	3.549124e+01
2.700000e-06	-2.068996e-06	3.084024e-10	-1.465955e+01	1.755505e+01
2.710000e-06	-2.163873e-06	3.106084e-11	-1.533179e+01	-7.025001e-01
2.720000e-06	-2.257800e-06	-2.548525e-10	-1.599730e+01	-1.925756e+01
2.730000e-06	-2.350709e-06	-5.478902e-10	-1.665559e+01	-3.808478e+01
2.740000e-06	-2.442690e-06	-8.426966e-10	-1.730731e+01	-5.715816e+01
2.750000e-06	-2.533821e-06	-1.135532e-09	-1.795300e+01	-7.645153e+01
2.760000e-06	-2.624086e-06	-1.429264e-09	-1.859256e+01	-9.593825e+01
2.770000e-06	-2.713404e-06	-1.728804e-09	-1.922541e+01	-1.155905e+02
2.780000e-06	-2.801834e-06	-2.033030e-09	-1.985197e+01	-1.353785e+02
2.790000e-06	-2.889396e-06	-2.335882e-09	-2.047238e+01	-1.552691e+02
2.800000e-06	-2.975859e-06	-2.637707e-09	-2.108500e+01	-1.752258e+02
2.810000e-06	-3.061056e-06	-2.943499e-09	-2.168865e+01	-1.952085e+02
2.820000e-06	-3.145115e-06	-3.251179e-09	-2.228423e+01	-2.151740e+02
2.830000e-06	-3.228190e-06	-3.555802e-09	-2.287285e+01	-2.350766e+02
2.840000e-06	-3.310198e-06	-3.857282e-09	-2.345390e+01	-2.548693e+02
2.850000e-06	-3.391086e-06	-4.158901e-09	-2.402702e+01	-2.745036e+02
2.860000e-06	-3.470807e-06	-4.461107e-09	-2.459187e+01	-2.939304e+02
2.870000e-06	-3.549159e-06	-4.758056e-09	-2.514702e+01	-3.130992e+02
2.880000e-06	-3.625978e-06	-5.044094e-09	-2.569131e+01	-3.319584e+02
2.890000e-06	-3.701354e-06	-5.323162e-09	-2.622538e+01	-3.504553e+02
2.900000e-06	-3.775425e-06	-5.601348e-09	-2.675020e+01	-3.685363e+02
2.910000e-06	-3.848236e-06	-5.876355e-09	-2.726609e+01	-3.861484e+02
2.920000e-06	-3.919751e-06	-6.140690e-09	-2.777280e+01	-4.032407e+02
2.930000e-06	-3.989683e-06	-6.392714e-09	-2.826829e+01	-4.197663e+02
2.940000e-06	-4.058057e-06	-6.637523e-09	-2.875274e+01	-4.356846e+02
2.950000e-06	-4.125089e-06	-6.876328e-09	-2.922769e+01	-4.509619e+02
2.960000e-06	-4.190732e-06	-7.104089e-09	-2.969279e+01	-4.655724e+02
2.970000e-06	-4.255041e-06	-7.317443e-09	-3.014844e+01	-4.794976e+02
2.980000e-06	-4.317854e-06	-7.519088e-09	-3.059349e+01	-4.927255e+02
2.990000e-06	-4.378899e-06	-7.712215e-09	-3.102602e+01	-5.052491e+02
3.000000e-06	-4.438338e-06	-7.895709e-09	-3.144716e+01	-5.170653e+02
3.010000e-06	-4.496343e-06	-8.065759e-09	-3.185815e+01	-5.281749e+02
3.020000e-06	-4.552854e-06	-8.222146e-09	-3.225855e+01	-5.385829e+02
3.030000e-06	-4.607670e-06	-8.370224e-09	-3.264694e+01	-5.482998e+02
3.040000e-06	-4.660573e-06	-8.513377e-09	-3.302178e+01	-5.573430e+02
3.050000e-06	-4.711612e-06	-8.648640e-09	-3.338341e+01	-5.657382e+02
3.060000e-06	-4.760726e-06	-8.769634e-09	-3.373140e+01	-5.735199e+02
3.070000e-06	-4.807874e-06	-8.876062e-09	-3.406546e+01	-5.807298e+02
3.080000e-06	-4.853324e-06	-8.975513e-09	-3.438749e+01	-5.874150e+02
3.090000e-06	-4.897264e-06	-9.072095e-09	-3.469881e+01	-5.936242e+02
3.100000e-06	-4.939693e-06	-9.163176e-09	-3.499944e+01	-5.994037e+02
3.110000e-06	-4.980561e-06	-9.248951e-09	-3.528900e+01	-6.047937e+02
3.120000e-06	-5.019751e-06	-9.328070e-09	-3.556667e+01	-6.098261e+02
3.130000e-06	-5.057050e-06	-9.399633e-09	-3.583096e+01	-6.145240e+02
3.140000e-06	-5.092472e-06	-9.465671e-09	-3.608193e+01	-6.189030e+02
3.150000e-06	-5.126173e-06	-9.527595e-09	-3.632072e+01	-6.229734e+02
3.160000e-06	-5.158128e-06	-9.586699e-09	-3.654713e+01	-6.267444e+02
3.170000e-06	-5.188108e-06	-9.640716e-09	-3.675954e+01	-6.302264e+02
3.180000e-06	-5.216199e-06	-9.691514e-09	-3.695858e+01	-6.334335e+02
3.190000e-06	-5.242548e-06	-9.738472e-09	-3.714527e+01	-6.363834e+02
3.200000e-06	-5.267094e-06	-9.781973e-09	-3.731919e+01	-6.390960e+02
3.210000e-06	-5.289702e-06	-9.822020e-09	-3.747938e+01	-6.415910e+02
3.220000e-06	-5.310342e-06	-9.858378e-09	-3.762561e+01	-6.438852e+02
3.230000e-06	-5.329218e-06	-9.891583e-09	-3.775936e+01	-6.459897e+02
3.240000e-06	-5.346368e-06	-9.922260e-09	-3.788087e+01	-6.479098e+02
3.250000e-06	-5.361530e-06	-9.948870e-09	-3.798830e+01	-6.496462e+02
3.260000e-06	-5.374384e-06	-9.972159e-09	-3.807937e+01	-6.511970e+02
3.270000e-06	-5.385140e-06	-9.992492e-09	-3.815558e+01	-6.525622e+02
3.280000e-06	-5.394140e-06	-1.000976e-08	-3.821935e+01	-6.537459e+02
3.290000e-06	-5.401277e-06	-1.002563e-08	-3.826992e+01	-6.547589e+02
3.300000e-06	-5.406366e-06	-1.004045e-08	-3.830598e+01	-6.556178e+02
3.310000e-06	-5.409583e-06	-1.005295e-08	-3.832877e+01	-6.563427e+02
3.320000e-06	-5.411078e-06	-1.006204e-08	-3.833937e+01	-6.569524e+02
