# Temperatura_=_28.43
# Concentracion g/m^3_=_32800.0
# C_Vs_to_Am_M_A/Vsm_=_65563218390.804596
# pendiente_HvsI_1/m_=_3716.3
# ordenada_HvsI_A/m_=_1297.0
# frecuencia_Hz_=_300797.0693096365

Tiempo_(s)	Campo_(V.s)	Magnetizacion_(V.s)	Campo_(kA/m)	Magnetizacion_(A/m)
0.000000e+00	-5.414912e-06	-9.290811e-09	-3.834117e+01	-6.067486e+02
1.000000e-08	-5.413633e-06	-9.299030e-09	-3.833211e+01	-6.070684e+02
2.000000e-08	-5.410413e-06	-9.302229e-09	-3.830931e+01	-6.072825e+02
3.000000e-08	-5.405501e-06	-9.304189e-09	-3.827453e+01	-6.073877e+02
4.000000e-08	-5.398966e-06	-9.302682e-09	-3.822826e+01	-6.073716e+02
5.000000e-08	-5.390802e-06	-9.296400e-09	-3.817046e+01	-6.072155e+02
6.000000e-08	-5.380630e-06	-9.288368e-09	-3.809843e+01	-6.069009e+02
7.000000e-08	-5.368396e-06	-9.269075e-09	-3.801181e+01	-6.064153e+02
8.000000e-08	-5.354243e-06	-9.255081e-09	-3.791159e+01	-6.057569e+02
9.000000e-08	-5.337737e-06	-9.310352e-09	-3.779472e+01	-6.049371e+02
1.000000e-07	-5.318948e-06	-9.301905e-09	-3.766168e+01	-6.039793e+02
1.100000e-07	-5.298297e-06	-9.238118e-09	-3.751545e+01	-6.029146e+02
1.200000e-07	-5.275887e-06	-9.222664e-09	-3.735678e+01	-6.017753e+02
1.300000e-07	-5.252005e-06	-9.122547e-09	-3.718768e+01	-6.005881e+02
1.400000e-07	-5.226642e-06	-9.103615e-09	-3.700809e+01	-5.993682e+02
1.500000e-07	-5.199524e-06	-9.274341e-09	-3.681608e+01	-5.981167e+02
1.600000e-07	-5.170721e-06	-9.109887e-09	-3.661213e+01	-5.968205e+02
1.700000e-07	-5.140409e-06	-9.063233e-09	-3.639750e+01	-5.954563e+02
1.800000e-07	-5.108281e-06	-9.205535e-09	-3.617002e+01	-5.939966e+02
1.900000e-07	-5.074059e-06	-9.031663e-09	-3.592770e+01	-5.924162e+02
2.000000e-07	-5.038273e-06	-9.061086e-09	-3.567432e+01	-5.906978e+02
2.100000e-07	-5.000923e-06	-9.060852e-09	-3.540985e+01	-5.888353e+02
2.200000e-07	-4.961701e-06	-8.864517e-09	-3.513214e+01	-5.868333e+02
2.300000e-07	-4.920569e-06	-8.929594e-09	-3.484089e+01	-5.847042e+02
2.400000e-07	-4.877473e-06	-8.978666e-09	-3.453574e+01	-5.824629e+02
2.500000e-07	-4.832694e-06	-8.894287e-09	-3.421868e+01	-5.801209e+02
2.600000e-07	-4.786163e-06	-8.816145e-09	-3.388921e+01	-5.776819e+02
2.700000e-07	-4.737478e-06	-8.687092e-09	-3.354448e+01	-5.751394e+02
2.800000e-07	-4.686698e-06	-8.724572e-09	-3.318493e+01	-5.724777e+02
2.900000e-07	-4.634113e-06	-8.758390e-09	-3.281260e+01	-5.696755e+02
3.000000e-07	-4.579891e-06	-8.684691e-09	-3.242867e+01	-5.667114e+02
3.100000e-07	-4.524072e-06	-8.571392e-09	-3.203343e+01	-5.635696e+02
3.200000e-07	-4.466417e-06	-8.494917e-09	-3.162519e+01	-5.602448e+02
3.300000e-07	-4.407055e-06	-8.498119e-09	-3.120487e+01	-5.567440e+02
3.400000e-07	-4.346261e-06	-8.430698e-09	-3.077441e+01	-5.530857e+02
3.500000e-07	-4.284014e-06	-8.377522e-09	-3.033366e+01	-5.492955e+02
3.600000e-07	-4.220355e-06	-8.307293e-09	-2.988291e+01	-5.454011e+02
3.700000e-07	-4.155090e-06	-8.245075e-09	-2.942079e+01	-5.414262e+02
3.800000e-07	-4.088135e-06	-8.232287e-09	-2.894671e+01	-5.373851e+02
3.900000e-07	-4.019707e-06	-8.133472e-09	-2.846220e+01	-5.332811e+02
4.000000e-07	-3.949884e-06	-8.029993e-09	-2.796780e+01	-5.291061e+02
4.100000e-07	-3.878795e-06	-7.966204e-09	-2.746444e+01	-5.248441e+02
4.200000e-07	-3.806446e-06	-7.936382e-09	-2.695216e+01	-5.204759e+02
4.300000e-07	-3.732465e-06	-7.896474e-09	-2.642833e+01	-5.159843e+02
4.400000e-07	-3.656823e-06	-7.794405e-09	-2.589273e+01	-5.113583e+02
4.500000e-07	-3.579738e-06	-7.696275e-09	-2.534692e+01	-5.065958e+02
4.600000e-07	-3.501215e-06	-7.627239e-09	-2.479092e+01	-5.017032e+02
4.700000e-07	-3.421246e-06	-7.578368e-09	-2.422469e+01	-4.966934e+02
4.800000e-07	-3.339995e-06	-7.498696e-09	-2.364938e+01	-4.915817e+02
4.900000e-07	-3.257617e-06	-7.399784e-09	-2.306609e+01	-4.863823e+02
5.000000e-07	-3.174213e-06	-7.334871e-09	-2.247554e+01	-4.811044e+02
5.100000e-07	-3.089887e-06	-7.258262e-09	-2.187845e+01	-4.757508e+02
5.200000e-07	-3.004617e-06	-7.157766e-09	-2.127468e+01	-4.703178e+02
5.300000e-07	-2.918350e-06	-7.054874e-09	-2.066385e+01	-4.647974e+02
5.400000e-07	-2.831119e-06	-6.981728e-09	-2.004620e+01	-4.591798e+02
5.500000e-07	-2.743048e-06	-6.920301e-09	-1.942260e+01	-4.534567e+02
5.600000e-07	-2.653993e-06	-6.828516e-09	-1.879203e+01	-4.476229e+02
5.700000e-07	-2.563653e-06	-6.723160e-09	-1.815237e+01	-4.416780e+02
5.800000e-07	-2.472300e-06	-6.617715e-09	-1.750552e+01	-4.356250e+02
5.900000e-07	-2.380231e-06	-6.527260e-09	-1.685362e+01	-4.294690e+02
6.000000e-07	-2.287393e-06	-6.437809e-09	-1.619626e+01	-4.232149e+02
6.100000e-07	-2.193811e-06	-6.341214e-09	-1.553364e+01	-4.168652e+02
6.200000e-07	-2.099459e-06	-6.239964e-09	-1.486556e+01	-4.104189e+02
6.300000e-07	-2.004365e-06	-6.142739e-09	-1.419223e+01	-4.038717e+02
6.400000e-07	-1.908583e-06	-6.049909e-09	-1.351403e+01	-3.972169e+02
6.500000e-07	-1.812087e-06	-5.939305e-09	-1.283078e+01	-3.904477e+02
6.600000e-07	-1.714768e-06	-5.818108e-09	-1.214169e+01	-3.835590e+02
6.700000e-07	-1.616590e-06	-5.712914e-09	-1.144653e+01	-3.765488e+02
6.800000e-07	-1.517731e-06	-5.629619e-09	-1.074654e+01	-3.694192e+02
6.900000e-07	-1.418417e-06	-5.526797e-09	-1.004333e+01	-3.621753e+02
7.000000e-07	-1.318719e-06	-5.392787e-09	-9.337404e+00	-3.548238e+02
7.100000e-07	-1.218611e-06	-5.261761e-09	-8.628577e+00	-3.473706e+02
7.200000e-07	-1.118086e-06	-5.155630e-09	-7.916792e+00	-3.398190e+02
7.300000e-07	-1.017168e-06	-5.055861e-09	-7.202225e+00	-3.321680e+02
7.400000e-07	-9.159014e-07	-4.935389e-09	-6.485189e+00	-3.244119e+02
7.500000e-07	-8.143251e-07	-4.805781e-09	-5.765962e+00	-3.165404e+02
7.600000e-07	-7.124673e-07	-4.680773e-09	-5.044741e+00	-3.085401e+02
7.700000e-07	-6.103641e-07	-4.563568e-09	-4.321783e+00	-3.003959e+02
7.800000e-07	-5.080112e-07	-4.439046e-09	-3.597056e+00	-2.920923e+02
7.900000e-07	-4.054614e-07	-4.300006e-09	-2.870936e+00	-2.836140e+02
8.000000e-07	-3.028197e-07	-4.161943e-09	-2.144164e+00	-2.749464e+02
8.100000e-07	-2.000757e-07	-4.036028e-09	-1.416669e+00	-2.660743e+02
8.200000e-07	-9.724900e-08	-3.907800e-09	-6.885875e-01	-2.569817e+02
8.300000e-07	5.621774e-09	-3.757629e-09	3.980589e-02	-2.476503e+02
8.400000e-07	1.084917e-07	-3.596742e-09	7.681932e-01	-2.380601e+02
8.500000e-07	2.113210e-07	-3.444654e-09	1.496293e+00	-2.281893e+02
8.600000e-07	3.140828e-07	-3.301326e-09	2.223915e+00	-2.180153e+02
8.700000e-07	4.167221e-07	-3.146668e-09	2.950669e+00	-2.075170e+02
8.800000e-07	5.192123e-07	-2.976018e-09	3.676367e+00	-1.966759e+02
8.900000e-07	6.215404e-07	-2.798858e-09	4.400919e+00	-1.854777e+02
9.000000e-07	7.236436e-07	-2.620892e-09	5.123877e+00	-1.739127e+02
9.100000e-07	8.254856e-07	-2.438443e-09	5.844985e+00	-1.619757e+02
9.200000e-07	9.270334e-07	-2.247938e-09	6.564012e+00	-1.496649e+02
9.300000e-07	1.028234e-06	-2.053458e-09	7.280577e+00	-1.369812e+02
9.400000e-07	1.129034e-06	-1.857496e-09	7.994310e+00	-1.239264e+02
9.500000e-07	1.229416e-06	-1.659035e-09	8.705084e+00	-1.105030e+02
9.600000e-07	1.329449e-06	-1.449599e-09	9.413384e+00	-9.671446e+01
9.700000e-07	1.429148e-06	-1.229717e-09	1.011931e+01	-8.256563e+01
9.800000e-07	1.528464e-06	-1.005376e-09	1.082254e+01	-6.806416e+01
9.900000e-07	1.627180e-06	-7.821752e-10	1.152151e+01	-5.322176e+01
1.000000e-06	1.725055e-06	-5.563377e-10	1.221453e+01	-3.805507e+01
1.010000e-06	1.822119e-06	-3.210534e-10	1.290181e+01	-2.258576e+01
1.020000e-06	1.918393e-06	-7.947295e-11	1.358350e+01	-6.839940e+00
1.030000e-06	2.013947e-06	1.658162e-10	1.426008e+01	9.153289e+00
1.040000e-06	2.108856e-06	4.122021e-10	1.493210e+01	2.536347e+01
1.050000e-06	2.203076e-06	6.638582e-10	1.559924e+01	4.176041e+01
1.060000e-06	2.296585e-06	9.163013e-10	1.626134e+01	5.831535e+01
1.070000e-06	2.389301e-06	1.167664e-09	1.691784e+01	7.500130e+01
1.080000e-06	2.481312e-06	1.420235e-09	1.756933e+01	9.179282e+01
1.090000e-06	2.572624e-06	1.677482e-09	1.821589e+01	1.086652e+02
1.100000e-06	2.662938e-06	1.939987e-09	1.885537e+01	1.255937e+02
1.110000e-06	2.752083e-06	2.199618e-09	1.948657e+01	1.425525e+02
1.120000e-06	2.840123e-06	2.456237e-09	2.010995e+01	1.595151e+02
1.130000e-06	2.927145e-06	2.712461e-09	2.072613e+01	1.764546e+02
1.140000e-06	3.013232e-06	2.969655e-09	2.133568e+01	1.933443e+02
1.150000e-06	3.098319e-06	3.225590e-09	2.193815e+01	2.101586e+02
1.160000e-06	3.182446e-06	3.478911e-09	2.253383e+01	2.268735e+02
1.170000e-06	3.265649e-06	3.730851e-09	2.312296e+01	2.434663e+02
1.180000e-06	3.347648e-06	3.981958e-09	2.370357e+01	2.599142e+02
1.190000e-06	3.428313e-06	4.230128e-09	2.427473e+01	2.761930e+02
1.200000e-06	3.507710e-06	4.474469e-09	2.483691e+01	2.922752e+02
1.210000e-06	3.585877e-06	4.714529e-09	2.539039e+01	3.081286e+02
1.220000e-06	3.662807e-06	4.950296e-09	2.593510e+01	3.237165e+02
1.230000e-06	3.738448e-06	5.183226e-09	2.647069e+01	3.389984e+02
1.240000e-06	3.812557e-06	5.410489e-09	2.699543e+01	3.539327e+02
1.250000e-06	3.885040e-06	5.627977e-09	2.750866e+01	3.684798e+02
1.260000e-06	3.956134e-06	5.837284e-09	2.801205e+01	3.826055e+02
1.270000e-06	4.025866e-06	6.043331e-09	2.850580e+01	3.962837e+02
1.280000e-06	4.094246e-06	6.244527e-09	2.898998e+01	4.094967e+02
1.290000e-06	4.161291e-06	6.436181e-09	2.946470e+01	4.222350e+02
1.300000e-06	4.226705e-06	6.620059e-09	2.992787e+01	4.344946e+02
1.310000e-06	4.290447e-06	6.799765e-09	3.037921e+01	4.462732e+02
1.320000e-06	4.352732e-06	6.972875e-09	3.082023e+01	4.575667e+02
1.330000e-06	4.413618e-06	7.137368e-09	3.125135e+01	4.683667e+02
1.340000e-06	4.473192e-06	7.292943e-09	3.167316e+01	4.786596e+02
1.350000e-06	4.531229e-06	7.441501e-09	3.208410e+01	4.884287e+02
1.360000e-06	4.587402e-06	7.584749e-09	3.248185e+01	4.976570e+02
1.370000e-06	4.641867e-06	7.718637e-09	3.286750e+01	5.063329e+02
1.380000e-06	4.694713e-06	7.840181e-09	3.324168e+01	5.144546e+02
1.390000e-06	4.745620e-06	7.948235e-09	3.360214e+01	5.220334e+02
1.400000e-06	4.794451e-06	8.049825e-09	3.394790e+01	5.290950e+02
1.410000e-06	4.841414e-06	8.150034e-09	3.428042e+01	5.356775e+02
1.420000e-06	4.886787e-06	8.246190e-09	3.460169e+01	5.418271e+02
1.430000e-06	4.930670e-06	8.335107e-09	3.491242e+01	5.475917e+02
1.440000e-06	4.972727e-06	8.416420e-09	3.521021e+01	5.530146e+02
1.450000e-06	5.012814e-06	8.493701e-09	3.549405e+01	5.581294e+02
1.460000e-06	5.051154e-06	8.567097e-09	3.576552e+01	5.629566e+02
1.470000e-06	5.087865e-06	8.635745e-09	3.602546e+01	5.675047e+02
1.480000e-06	5.122893e-06	8.700468e-09	3.627348e+01	5.717724e+02
1.490000e-06	5.155963e-06	8.760141e-09	3.650764e+01	5.757540e+02
1.500000e-06	5.187149e-06	8.813286e-09	3.672845e+01	5.794453e+02
1.510000e-06	5.216656e-06	8.861871e-09	3.693739e+01	5.828475e+02
1.520000e-06	5.244511e-06	8.907846e-09	3.713462e+01	5.859706e+02
1.530000e-06	5.270398e-06	8.951855e-09	3.731792e+01	5.888326e+02
1.540000e-06	5.294169e-06	8.992540e-09	3.748623e+01	5.914569e+02
1.550000e-06	5.316104e-06	9.029985e-09	3.764154e+01	5.938682e+02
1.560000e-06	5.336364e-06	9.062913e-09	3.778500e+01	5.960871e+02
1.570000e-06	5.354876e-06	9.092479e-09	3.791608e+01	5.981275e+02
1.580000e-06	5.371404e-06	9.119627e-09	3.803310e+01	5.999939e+02
1.590000e-06	5.385946e-06	9.142293e-09	3.813607e+01	6.016835e+02
1.600000e-06	5.398535e-06	9.161313e-09	3.822521e+01	6.031888e+02
1.610000e-06	5.408941e-06	9.178377e-09	3.829889e+01	6.045028e+02
1.620000e-06	5.417192e-06	9.194800e-09	3.835731e+01	6.056230e+02
1.630000e-06	5.423533e-06	9.211645e-09	3.840221e+01	6.065544e+02
1.640000e-06	5.428119e-06	9.225775e-09	3.843468e+01	6.073103e+02
1.650000e-06	5.430924e-06	9.237455e-09	3.845454e+01	6.079102e+02
1.660000e-06	5.431694e-06	9.245776e-09	3.846000e+01	6.083753e+02
1.670000e-06	5.430501e-06	9.246027e-09	3.845155e+01	6.087236e+02
1.680000e-06	5.427637e-06	9.251194e-09	3.843127e+01	6.089652e+02
1.690000e-06	5.423243e-06	9.254220e-09	3.840016e+01	6.090997e+02
1.700000e-06	5.416973e-06	9.251691e-09	3.835576e+01	6.091167e+02
1.710000e-06	5.408805e-06	9.247284e-09	3.829793e+01	6.089987e+02
1.720000e-06	5.399062e-06	9.246116e-09	3.822894e+01	6.087264e+02
1.730000e-06	5.387661e-06	9.267180e-09	3.814821e+01	6.082854e+02
1.740000e-06	5.374423e-06	9.236527e-09	3.805448e+01	6.076709e+02
1.750000e-06	5.359100e-06	9.156847e-09	3.794598e+01	6.068909e+02
1.760000e-06	5.341401e-06	9.181706e-09	3.782067e+01	6.059661e+02
1.770000e-06	5.321218e-06	9.179890e-09	3.767775e+01	6.049262e+02
1.780000e-06	5.298678e-06	9.214920e-09	3.751815e+01	6.038039e+02
1.790000e-06	5.274518e-06	9.275052e-09	3.734709e+01	6.026279e+02
1.800000e-06	5.249474e-06	9.036635e-09	3.716976e+01	6.014168e+02
1.810000e-06	5.222988e-06	9.084495e-09	3.698222e+01	6.001751e+02
1.820000e-06	5.194541e-06	9.186983e-09	3.678080e+01	5.988931e+02
1.830000e-06	5.164317e-06	8.959009e-09	3.656679e+01	5.975496e+02
1.840000e-06	5.132187e-06	9.095057e-09	3.633928e+01	5.961176e+02
1.850000e-06	5.098131e-06	9.085048e-09	3.609815e+01	5.945705e+02
1.860000e-06	5.062472e-06	8.889674e-09	3.584566e+01	5.928889e+02
1.870000e-06	5.024945e-06	9.098346e-09	3.557995e+01	5.910636e+02
1.880000e-06	4.985518e-06	9.000325e-09	3.530078e+01	5.890968e+02
1.890000e-06	4.944428e-06	8.836524e-09	3.500983e+01	5.869993e+02
1.900000e-06	4.901479e-06	8.880349e-09	3.470572e+01	5.847859e+02
1.910000e-06	4.857024e-06	8.801823e-09	3.439095e+01	5.824695e+02
1.920000e-06	4.810929e-06	8.964397e-09	3.406457e+01	5.800562e+02
1.930000e-06	4.762861e-06	8.859790e-09	3.372422e+01	5.775419e+02
1.940000e-06	4.713071e-06	8.649402e-09	3.337167e+01	5.749132e+02
1.950000e-06	4.661511e-06	8.727423e-09	3.300659e+01	5.721494e+02
1.960000e-06	4.608116e-06	8.673062e-09	3.262852e+01	5.692287e+02
1.970000e-06	4.552824e-06	8.699181e-09	3.223701e+01	5.661335e+02
1.980000e-06	4.495751e-06	8.589381e-09	3.183290e+01	5.628555e+02
1.990000e-06	4.437207e-06	8.493132e-09	3.141837e+01	5.593986e+02
2.000000e-06	4.377269e-06	8.513409e-09	3.099397e+01	5.557786e+02
2.010000e-06	4.315789e-06	8.392937e-09	3.055865e+01	5.520200e+02
2.020000e-06	4.252506e-06	8.409630e-09	3.011056e+01	5.481504e+02
2.030000e-06	4.187637e-06	8.270058e-09	2.965125e+01	5.441950e+02
2.040000e-06	4.121379e-06	8.199937e-09	2.918210e+01	5.401710e+02
2.050000e-06	4.053702e-06	8.231449e-09	2.870290e+01	5.360843e+02
2.060000e-06	3.984604e-06	8.153963e-09	2.821364e+01	5.319295e+02
2.070000e-06	3.913840e-06	8.102965e-09	2.771258e+01	5.276922e+02
2.080000e-06	3.841560e-06	7.914769e-09	2.720080e+01	5.233536e+02
2.090000e-06	3.767917e-06	7.887314e-09	2.667935e+01	5.188953e+02
2.100000e-06	3.692922e-06	7.886107e-09	2.614834e+01	5.143047e+02
2.110000e-06	3.616547e-06	7.808004e-09	2.560755e+01	5.095772e+02
2.120000e-06	3.538478e-06	7.720373e-09	2.505477e+01	5.047174e+02
2.130000e-06	3.458915e-06	7.601232e-09	2.449142e+01	4.997366e+02
2.140000e-06	3.378212e-06	7.572814e-09	2.391998e+01	4.946502e+02
2.150000e-06	3.296363e-06	7.458347e-09	2.334044e+01	4.894728e+02
2.160000e-06	3.213419e-06	7.382547e-09	2.275314e+01	4.842152e+02
2.170000e-06	3.129491e-06	7.326558e-09	2.215887e+01	4.788818e+02
2.180000e-06	3.044520e-06	7.253024e-09	2.155722e+01	4.734705e+02
2.190000e-06	2.958232e-06	7.162612e-09	2.094625e+01	4.679741e+02
2.200000e-06	2.870717e-06	7.040401e-09	2.032658e+01	4.623829e+02
2.210000e-06	2.782222e-06	6.977675e-09	1.969997e+01	4.566880e+02
2.220000e-06	2.692773e-06	6.884273e-09	1.906662e+01	4.508833e+02
2.230000e-06	2.602444e-06	6.798122e-09	1.842703e+01	4.449672e+02
2.240000e-06	2.511327e-06	6.714162e-09	1.778186e+01	4.389420e+02
2.250000e-06	2.419457e-06	6.631494e-09	1.713136e+01	4.328125e+02
2.260000e-06	2.326823e-06	6.535095e-09	1.647545e+01	4.265838e+02
2.270000e-06	2.233299e-06	6.423159e-09	1.581324e+01	4.202591e+02
2.280000e-06	2.138681e-06	6.326387e-09	1.514328e+01	4.138384e+02
2.290000e-06	2.043150e-06	6.217728e-09	1.446686e+01	4.073182e+02
2.300000e-06	1.946944e-06	6.124930e-09	1.378566e+01	4.006922e+02
2.310000e-06	1.850164e-06	6.042331e-09	1.310039e+01	3.939534e+02
2.320000e-06	1.752839e-06	5.942912e-09	1.241126e+01	3.870961e+02
2.330000e-06	1.654908e-06	5.803601e-09	1.171785e+01	3.801175e+02
2.340000e-06	1.556400e-06	5.677632e-09	1.102034e+01	3.730186e+02
2.350000e-06	1.457371e-06	5.596919e-09	1.031916e+01	3.658038e+02
2.360000e-06	1.357938e-06	5.511165e-09	9.615103e+00	3.584798e+02
2.370000e-06	1.258146e-06	5.385841e-09	8.908507e+00	3.510527e+02
2.380000e-06	1.157996e-06	5.245420e-09	8.199381e+00	3.435269e+02
2.390000e-06	1.057514e-06	5.132547e-09	7.487897e+00	3.359023e+02
2.400000e-06	9.566556e-07	5.029946e-09	6.773756e+00	3.281745e+02
2.410000e-06	8.553864e-07	4.911020e-09	6.056703e+00	3.203342e+02
2.420000e-06	7.537213e-07	4.778996e-09	5.336847e+00	3.123687e+02
2.430000e-06	6.517132e-07	4.652448e-09	4.614562e+00	3.042631e+02
2.440000e-06	5.494282e-07	4.540797e-09	3.890316e+00	2.960020e+02
2.450000e-06	4.468847e-07	4.427057e-09	3.164240e+00	2.875700e+02
2.460000e-06	3.441114e-07	4.285711e-09	2.436537e+00	2.789523e+02
2.470000e-06	2.411382e-07	4.129289e-09	1.707419e+00	2.701340e+02
2.480000e-06	1.380468e-07	3.989173e-09	9.774629e-01	2.610993e+02
2.490000e-06	3.494472e-08	3.867837e-09	2.474318e-01	2.518307e+02
2.500000e-06	-6.814018e-08	3.736060e-09	-4.824777e-01	2.423084e+02
2.510000e-06	-1.711350e-07	3.577481e-09	-1.211749e+00	2.325110e+02
2.520000e-06	-2.741181e-07	3.410032e-09	-1.940938e+00	2.224161e+02
2.530000e-06	-3.770411e-07	3.252699e-09	-2.669701e+00	2.120019e+02
2.540000e-06	-4.797119e-07	3.099716e-09	-3.396679e+00	2.012493e+02
2.550000e-06	-5.821121e-07	2.935451e-09	-4.121740e+00	1.901427e+02
2.560000e-06	-6.841782e-07	2.757725e-09	-4.844435e+00	1.786712e+02
2.570000e-06	-7.858237e-07	2.573661e-09	-5.564153e+00	1.668287e+02
2.580000e-06	-8.870608e-07	2.389198e-09	-6.280979e+00	1.546126e+02
2.590000e-06	-9.879597e-07	2.199790e-09	-6.995410e+00	1.420232e+02
2.600000e-06	-1.088512e-06	1.999996e-09	-7.707389e+00	1.290621e+02
2.610000e-06	-1.188707e-06	1.793651e-09	-8.416835e+00	1.157318e+02
2.620000e-06	-1.288527e-06	1.586890e-09	-9.123629e+00	1.020354e+02
2.630000e-06	-1.387921e-06	1.376053e-09	-9.827403e+00	8.797723e+01
2.640000e-06	-1.486853e-06	1.154749e-09	-1.052791e+01	7.356420e+01
2.650000e-06	-1.585279e-06	9.254056e-10	-1.122482e+01	5.880688e+01
2.660000e-06	-1.683157e-06	6.917157e-10	-1.191787e+01	4.372063e+01
2.670000e-06	-1.780494e-06	4.549056e-10	-1.260708e+01	2.832589e+01
2.680000e-06	-1.877283e-06	2.161971e-10	-1.329241e+01	1.264777e+01
2.690000e-06	-1.973553e-06	-2.458731e-11	-1.397407e+01	-3.285237e+00
2.700000e-06	-2.069258e-06	-2.685164e-10	-1.465172e+01	-1.944284e+01
2.710000e-06	-2.164163e-06	-5.176878e-10	-1.532371e+01	-3.579465e+01
2.720000e-06	-2.258092e-06	-7.728514e-10	-1.598879e+01	-5.231148e+01
2.730000e-06	-2.351012e-06	-1.029221e-09	-1.664672e+01	-6.896590e+01
2.740000e-06	-2.443070e-06	-1.284644e-09	-1.729855e+01	-8.573216e+01
2.750000e-06	-2.534337e-06	-1.539716e-09	-1.794479e+01	-1.025854e+02
2.760000e-06	-2.624686e-06	-1.796295e-09	-1.858452e+01	-1.195010e+02
2.770000e-06	-2.714040e-06	-2.057246e-09	-1.921720e+01	-1.364535e+02
2.780000e-06	-2.802521e-06	-2.320295e-09	-1.984371e+01	-1.534165e+02
2.790000e-06	-2.890212e-06	-2.579940e-09	-2.046462e+01	-1.703631e+02
2.800000e-06	-2.976822e-06	-2.835592e-09	-2.107787e+01	-1.872665e+02
2.810000e-06	-3.062165e-06	-3.092032e-09	-2.168216e+01	-2.041007e+02
2.820000e-06	-3.146370e-06	-3.348237e-09	-2.227839e+01	-2.208415e+02
2.830000e-06	-3.229510e-06	-3.600696e-09	-2.286707e+01	-2.374656e+02
2.840000e-06	-3.311594e-06	-3.852399e-09	-2.344828e+01	-2.539507e+02
2.850000e-06	-3.392630e-06	-4.105087e-09	-2.402207e+01	-2.702731e+02
2.860000e-06	-3.472514e-06	-4.355776e-09	-2.458771e+01	-2.864060e+02
2.870000e-06	-3.550965e-06	-4.600000e-09	-2.514319e+01	-3.023187e+02
2.880000e-06	-3.627867e-06	-4.836277e-09	-2.568771e+01	-3.179755e+02
2.890000e-06	-3.703358e-06	-5.068242e-09	-2.622223e+01	-3.333366e+02
2.900000e-06	-3.777469e-06	-5.299893e-09	-2.674699e+01	-3.483604e+02
2.910000e-06	-3.850273e-06	-5.530709e-09	-2.726249e+01	-3.630065e+02
2.920000e-06	-3.921863e-06	-5.752515e-09	-2.776939e+01	-3.772392e+02
2.930000e-06	-3.991916e-06	-5.962662e-09	-2.826541e+01	-3.910300e+02
2.940000e-06	-4.060326e-06	-6.166844e-09	-2.874980e+01	-4.043593e+02
2.950000e-06	-4.127396e-06	-6.368554e-09	-2.922470e+01	-4.172156e+02
2.960000e-06	-4.193115e-06	-6.562282e-09	-2.969004e+01	-4.295940e+02
2.970000e-06	-4.257484e-06	-6.742583e-09	-3.014581e+01	-4.414918e+02
2.980000e-06	-4.320333e-06	-6.913240e-09	-3.059083e+01	-4.529060e+02
2.990000e-06	-4.381382e-06	-7.079044e-09	-3.102309e+01	-4.638292e+02
3.000000e-06	-4.440867e-06	-7.239835e-09	-3.144429e+01	-4.742492e+02
3.010000e-06	-4.498944e-06	-7.392617e-09	-3.185551e+01	-4.841497e+02
3.020000e-06	-4.555535e-06	-7.534556e-09	-3.225621e+01	-4.935133e+02
3.030000e-06	-4.610414e-06	-7.668239e-09	-3.264479e+01	-5.023268e+02
3.040000e-06	-4.663273e-06	-7.799127e-09	-3.301907e+01	-5.105853e+02
3.050000e-06	-4.714269e-06	-7.922522e-09	-3.338015e+01	-5.182968e+02
3.060000e-06	-4.763363e-06	-8.032175e-09	-3.372777e+01	-5.254833e+02
3.070000e-06	-4.810486e-06	-8.130504e-09	-3.406143e+01	-5.321803e+02
3.080000e-06	-4.855984e-06	-8.225146e-09	-3.438359e+01	-5.384324e+02
3.090000e-06	-4.900023e-06	-8.319357e-09	-3.469541e+01	-5.442877e+02
3.100000e-06	-4.942537e-06	-8.407354e-09	-3.499644e+01	-5.497912e+02
3.110000e-06	-4.983472e-06	-8.487994e-09	-3.528629e+01	-5.549793e+02
3.120000e-06	-5.022691e-06	-8.561502e-09	-3.556398e+01	-5.598760e+02
3.130000e-06	-5.059950e-06	-8.630204e-09	-3.582780e+01	-5.644925e+02
3.140000e-06	-5.095366e-06	-8.696792e-09	-3.607857e+01	-5.688295e+02
3.150000e-06	-5.129102e-06	-8.758733e-09	-3.631745e+01	-5.728820e+02
3.160000e-06	-5.161130e-06	-8.818389e-09	-3.654422e+01	-5.766448e+02
3.170000e-06	-5.191166e-06	-8.873120e-09	-3.675690e+01	-5.801175e+02
3.180000e-06	-5.219288e-06	-8.923256e-09	-3.695602e+01	-5.833078e+02
3.190000e-06	-5.245677e-06	-8.968186e-09	-3.714287e+01	-5.862318e+02
3.200000e-06	-5.270284e-06	-9.010219e-09	-3.731711e+01	-5.889120e+02
3.210000e-06	-5.292959e-06	-9.051031e-09	-3.747766e+01	-5.913731e+02
3.220000e-06	-5.313619e-06	-9.088041e-09	-3.762395e+01	-5.936374e+02
3.230000e-06	-5.332512e-06	-9.120339e-09	-3.775772e+01	-5.957204e+02
3.240000e-06	-5.349672e-06	-9.149699e-09	-3.787922e+01	-5.976291e+02
3.250000e-06	-5.364852e-06	-9.176588e-09	-3.798671e+01	-5.993622e+02
3.260000e-06	-5.377769e-06	-9.200744e-09	-3.807817e+01	-6.009132e+02
3.270000e-06	-5.388600e-06	-9.221310e-09	-3.815486e+01	-6.022743e+02
3.280000e-06	-5.397636e-06	-9.240607e-09	-3.821884e+01	-6.034416e+02
3.290000e-06	-5.404741e-06	-9.258499e-09	-3.826915e+01	-6.044180e+02
3.300000e-06	-5.409866e-06	-9.271759e-09	-3.830544e+01	-6.052150e+02
3.310000e-06	-5.413182e-06	-9.280123e-09	-3.832892e+01	-6.058507e+02
3.320000e-06	-5.414705e-06	-9.283790e-09	-3.833971e+01	-6.063464e+02
