# Temperatura_=_49.02
# Concentracion g/m^3_=_32800.0
# C_Vs_to_Am_M_A/Vsm_=_65563218390.804596
# pendiente_HvsI_1/m_=_3716.3
# ordenada_HvsI_A/m_=_1297.0
# frecuencia_Hz_=_300783.6422678601

Tiempo_(s)	Campo_(V.s)	Magnetizacion_(V.s)	Campo_(kA/m)	Magnetizacion_(A/m)
0.000000e+00	-5.408571e-06	-1.040169e-08	-3.832965e+01	-6.788090e+02
1.000000e-08	-5.405610e-06	-1.040841e-08	-3.830867e+01	-6.792048e+02
2.000000e-08	-5.400923e-06	-1.041114e-08	-3.827545e+01	-6.794830e+02
3.000000e-08	-5.394625e-06	-1.040922e-08	-3.823082e+01	-6.796270e+02
4.000000e-08	-5.386656e-06	-1.040529e-08	-3.817434e+01	-6.796174e+02
5.000000e-08	-5.376718e-06	-1.040236e-08	-3.810392e+01	-6.794391e+02
6.000000e-08	-5.364755e-06	-1.039543e-08	-3.801914e+01	-6.790863e+02
7.000000e-08	-5.350874e-06	-1.038641e-08	-3.792077e+01	-6.785666e+02
8.000000e-08	-5.334665e-06	-1.040025e-08	-3.780590e+01	-6.779019e+02
9.000000e-08	-5.316139e-06	-1.040033e-08	-3.767460e+01	-6.771248e+02
1.000000e-07	-5.295710e-06	-1.037385e-08	-3.752983e+01	-6.762724e+02
1.100000e-07	-5.273538e-06	-1.034767e-08	-3.737269e+01	-6.753789e+02
1.200000e-07	-5.249855e-06	-1.029557e-08	-3.720486e+01	-6.744674e+02
1.300000e-07	-5.224689e-06	-1.027866e-08	-3.702651e+01	-6.735450e+02
1.400000e-07	-5.197770e-06	-1.033498e-08	-3.683574e+01	-6.726011e+02
1.500000e-07	-5.169189e-06	-1.028411e-08	-3.663319e+01	-6.716099e+02
1.600000e-07	-5.139136e-06	-1.025835e-08	-3.642021e+01	-6.705367e+02
1.700000e-07	-5.107339e-06	-1.029582e-08	-3.619487e+01	-6.693462e+02
1.800000e-07	-5.073473e-06	-1.023516e-08	-3.595487e+01	-6.680105e+02
1.900000e-07	-5.037891e-06	-1.023470e-08	-3.570271e+01	-6.665158e+02
2.000000e-07	-5.000695e-06	-1.018632e-08	-3.543910e+01	-6.648642e+02
2.100000e-07	-4.961689e-06	-1.005273e-08	-3.516268e+01	-6.630719e+02
2.200000e-07	-4.920847e-06	-1.007888e-08	-3.487323e+01	-6.611637e+02
2.300000e-07	-4.878038e-06	-1.012848e-08	-3.456986e+01	-6.591645e+02
2.400000e-07	-4.833470e-06	-1.006759e-08	-3.425401e+01	-6.570914e+02
2.500000e-07	-4.787166e-06	-1.000328e-08	-3.392586e+01	-6.549475e+02
2.600000e-07	-4.738848e-06	-9.929455e-09	-3.358343e+01	-6.527200e+02
2.700000e-07	-4.688459e-06	-9.911222e-09	-3.322634e+01	-6.503817e+02
2.800000e-07	-4.636107e-06	-9.935185e-09	-3.285533e+01	-6.478977e+02
2.900000e-07	-4.582004e-06	-9.881748e-09	-3.247191e+01	-6.452332e+02
3.000000e-07	-4.526359e-06	-9.762639e-09	-3.207756e+01	-6.423630e+02
3.100000e-07	-4.469033e-06	-9.705538e-09	-3.167130e+01	-6.392773e+02
3.200000e-07	-4.409985e-06	-9.706784e-09	-3.125284e+01	-6.359847e+02
3.300000e-07	-4.349470e-06	-9.655565e-09	-3.082398e+01	-6.325109e+02
3.400000e-07	-4.287523e-06	-9.586245e-09	-3.038497e+01	-6.288925e+02
3.500000e-07	-4.224108e-06	-9.515453e-09	-2.993556e+01	-6.251690e+02
3.600000e-07	-4.159154e-06	-9.470227e-09	-2.947524e+01	-6.213737e+02
3.700000e-07	-4.092528e-06	-9.459219e-09	-2.900307e+01	-6.175271e+02
3.800000e-07	-4.024328e-06	-9.386624e-09	-2.851975e+01	-6.136325e+02
3.900000e-07	-3.954746e-06	-9.267081e-09	-2.802663e+01	-6.096776e+02
4.000000e-07	-3.883893e-06	-9.188064e-09	-2.752451e+01	-6.056381e+02
4.100000e-07	-3.811792e-06	-9.162698e-09	-2.701354e+01	-6.014853e+02
4.200000e-07	-3.738172e-06	-9.128965e-09	-2.649181e+01	-5.971937e+02
4.300000e-07	-3.662870e-06	-9.044700e-09	-2.595816e+01	-5.927476e+02
4.400000e-07	-3.586038e-06	-8.948007e-09	-2.541366e+01	-5.881444e+02
4.500000e-07	-3.507753e-06	-8.884208e-09	-2.485887e+01	-5.833942e+02
4.600000e-07	-3.428011e-06	-8.838701e-09	-2.429375e+01	-5.785166e+02
4.700000e-07	-3.346966e-06	-8.756815e-09	-2.371940e+01	-5.735346e+02
4.800000e-07	-3.264745e-06	-8.649896e-09	-2.313671e+01	-5.684680e+02
4.900000e-07	-3.181445e-06	-8.575730e-09	-2.254638e+01	-5.633286e+02
5.000000e-07	-3.097201e-06	-8.516197e-09	-2.194936e+01	-5.581171e+02
5.100000e-07	-3.012047e-06	-8.434603e-09	-2.134588e+01	-5.528242e+02
5.200000e-07	-2.925920e-06	-8.335720e-09	-2.073551e+01	-5.474333e+02
5.300000e-07	-2.838824e-06	-8.245488e-09	-2.011828e+01	-5.419263e+02
5.400000e-07	-2.750899e-06	-8.171758e-09	-1.949517e+01	-5.362886e+02
5.500000e-07	-2.662021e-06	-8.095948e-09	-1.886531e+01	-5.305133e+02
5.600000e-07	-2.571900e-06	-8.005124e-09	-1.822664e+01	-5.246032e+02
5.700000e-07	-2.480653e-06	-7.899270e-09	-1.757998e+01	-5.185692e+02
5.800000e-07	-2.388574e-06	-7.795041e-09	-1.692743e+01	-5.124272e+02
5.900000e-07	-2.295779e-06	-7.700355e-09	-1.626981e+01	-5.061932e+02
6.000000e-07	-2.202322e-06	-7.607435e-09	-1.560750e+01	-4.998784e+02
6.100000e-07	-2.108125e-06	-7.506839e-09	-1.493993e+01	-4.934860e+02
6.200000e-07	-2.013162e-06	-7.407849e-09	-1.426695e+01	-4.870098e+02
6.300000e-07	-1.917485e-06	-7.320168e-09	-1.358890e+01	-4.804360e+02
6.400000e-07	-1.821106e-06	-7.224685e-09	-1.290588e+01	-4.737465e+02
6.500000e-07	-1.723992e-06	-7.109108e-09	-1.221765e+01	-4.669238e+02
6.600000e-07	-1.626101e-06	-6.992530e-09	-1.152391e+01	-4.599550e+02
6.700000e-07	-1.527494e-06	-6.892875e-09	-1.082510e+01	-4.528350e+02
6.800000e-07	-1.428292e-06	-6.790428e-09	-1.012207e+01	-4.455671e+02
6.900000e-07	-1.328618e-06	-6.668847e-09	-9.415699e+00	-4.381615e+02
7.000000e-07	-1.228548e-06	-6.542942e-09	-8.706521e+00	-4.306316e+02
7.100000e-07	-1.128110e-06	-6.428427e-09	-7.994730e+00	-4.229895e+02
7.200000e-07	-1.027327e-06	-6.319092e-09	-7.280499e+00	-4.152420e+02
7.300000e-07	-9.261918e-07	-6.199096e-09	-6.563769e+00	-4.073877e+02
7.400000e-07	-8.247366e-07	-6.073081e-09	-5.844773e+00	-3.994154e+02
7.500000e-07	-7.229920e-07	-5.950117e-09	-5.123726e+00	-3.913056e+02
7.600000e-07	-6.209626e-07	-5.829143e-09	-4.400660e+00	-3.830328e+02
7.700000e-07	-5.187391e-07	-5.701111e-09	-3.676219e+00	-3.745691e+02
7.800000e-07	-4.163695e-07	-5.559117e-09	-2.950742e+00	-3.658871e+02
7.900000e-07	-3.138500e-07	-5.412731e-09	-2.224203e+00	-3.569626e+02
8.000000e-07	-2.111858e-07	-5.275295e-09	-1.496639e+00	-3.477750e+02
8.100000e-07	-1.084218e-07	-5.141204e-09	-7.683674e-01	-3.383072e+02
8.200000e-07	-5.610737e-09	-4.994633e-09	-3.976237e-02	-3.285438e+02
8.300000e-07	9.716292e-08	-4.834680e-09	6.885776e-01	-3.184691e+02
8.400000e-07	1.998436e-07	-4.672738e-09	1.416258e+00	-3.080650e+02
8.500000e-07	3.024426e-07	-4.513430e-09	2.143361e+00	-2.973108e+02
8.600000e-07	4.049483e-07	-4.344824e-09	2.869802e+00	-2.861829e+02
8.700000e-07	5.073601e-07	-4.161674e-09	3.595578e+00	-2.746561e+02
8.800000e-07	6.096357e-07	-3.973686e-09	4.320388e+00	-2.627060e+02
8.900000e-07	7.116427e-07	-3.786026e-09	5.043295e+00	-2.503105e+02
9.000000e-07	8.133409e-07	-3.592351e-09	5.764014e+00	-2.374522e+02
9.100000e-07	9.147536e-07	-3.387136e-09	6.482708e+00	-2.241190e+02
9.200000e-07	1.015851e-06	-3.172924e-09	7.199170e+00	-2.103042e+02
9.300000e-07	1.116598e-06	-2.956858e-09	7.913144e+00	-1.960063e+02
9.400000e-07	1.216996e-06	-2.739688e-09	8.624651e+00	-1.812272e+02
9.500000e-07	1.317028e-06	-2.510274e-09	9.333559e+00	-1.659719e+02
9.600000e-07	1.416654e-06	-2.265650e-09	1.003959e+01	-1.502470e+02
9.700000e-07	1.515858e-06	-2.013266e-09	1.074264e+01	-1.340606e+02
9.800000e-07	1.614512e-06	-1.759492e-09	1.144178e+01	-1.174219e+02
9.900000e-07	1.712409e-06	-1.502527e-09	1.213556e+01	-1.003422e+02
1.000000e-06	1.809480e-06	-1.238003e-09	1.282349e+01	-8.283435e+01
1.010000e-06	1.905784e-06	-9.651546e-10	1.350598e+01	-6.491362e+01
1.020000e-06	2.001395e-06	-6.852581e-10	1.418356e+01	-4.659698e+01
1.030000e-06	2.096327e-06	-4.012623e-10	1.485632e+01	-2.790299e+01
1.040000e-06	2.190506e-06	-1.112871e-10	1.552376e+01	-8.851132e+00
1.050000e-06	2.283957e-06	1.852852e-10	1.618603e+01	1.053847e+01
1.060000e-06	2.376696e-06	4.852835e-10	1.684326e+01	3.024520e+01
1.070000e-06	2.468718e-06	7.881874e-10	1.749540e+01	5.024755e+01
1.080000e-06	2.560033e-06	1.096498e-09	1.814253e+01	7.052250e+01
1.090000e-06	2.650421e-06	1.412525e-09	1.878309e+01	9.104462e+01
1.100000e-06	2.739607e-06	1.733353e-09	1.941514e+01	1.117853e+02
1.110000e-06	2.827673e-06	2.053845e-09	2.003925e+01	1.327121e+02
1.120000e-06	2.914793e-06	2.372647e-09	2.065666e+01	1.537888e+02
1.130000e-06	3.000953e-06	2.692737e-09	2.126726e+01	1.749758e+02
1.140000e-06	3.086090e-06	3.017209e-09	2.187062e+01	1.962299e+02
1.150000e-06	3.170241e-06	3.343217e-09	2.246698e+01	2.175053e+02
1.160000e-06	3.253497e-06	3.668303e-09	2.305700e+01	2.387532e+02
1.170000e-06	3.335648e-06	3.993000e-09	2.363919e+01	2.599214e+02
1.180000e-06	3.416457e-06	4.316307e-09	2.421187e+01	2.809539e+02
1.190000e-06	3.495981e-06	4.635449e-09	2.477544e+01	3.017900e+02
1.200000e-06	3.574257e-06	4.948979e-09	2.533017e+01	3.223641e+02
1.210000e-06	3.651258e-06	5.255967e-09	2.587587e+01	3.426060e+02
1.220000e-06	3.727007e-06	5.555922e-09	2.641269e+01	3.624429e+02
1.230000e-06	3.801285e-06	5.847577e-09	2.693908e+01	3.818019e+02
1.240000e-06	3.873925e-06	6.130268e-09	2.745387e+01	4.006134e+02
1.250000e-06	3.945137e-06	6.404725e-09	2.795854e+01	4.188149e+02
1.260000e-06	4.015010e-06	6.669215e-09	2.845372e+01	4.363538e+02
1.270000e-06	4.083535e-06	6.922129e-09	2.893934e+01	4.531896e+02
1.280000e-06	4.150691e-06	7.165423e-09	2.941527e+01	4.692938e+02
1.290000e-06	4.216259e-06	7.400012e-09	2.987994e+01	4.846486e+02
1.300000e-06	4.280169e-06	7.624053e-09	3.033285e+01	4.992445e+02
1.310000e-06	4.342586e-06	7.833006e-09	3.077519e+01	5.130773e+02
1.320000e-06	4.403573e-06	8.025897e-09	3.120740e+01	5.261448e+02
1.330000e-06	4.463244e-06	8.207540e-09	3.163027e+01	5.384461e+02
1.340000e-06	4.521343e-06	8.381242e-09	3.204201e+01	5.499814e+02
1.350000e-06	4.577585e-06	8.545903e-09	3.244059e+01	5.607535e+02
1.360000e-06	4.632145e-06	8.700619e-09	3.282725e+01	5.707713e+02
1.370000e-06	4.685084e-06	8.843901e-09	3.320242e+01	5.800523e+02
1.380000e-06	4.736149e-06	8.973448e-09	3.356431e+01	5.886253e+02
1.390000e-06	4.785128e-06	9.089875e-09	3.391142e+01	5.965308e+02
1.400000e-06	4.832224e-06	9.196548e-09	3.424518e+01	6.038194e+02
1.410000e-06	4.877647e-06	9.296446e-09	3.456708e+01	6.105485e+02
1.420000e-06	4.921544e-06	9.389742e-09	3.487818e+01	6.167768e+02
1.430000e-06	4.963722e-06	9.478152e-09	3.517708e+01	6.225596e+02
1.440000e-06	5.003959e-06	9.561454e-09	3.546223e+01	6.279438e+02
1.450000e-06	5.042465e-06	9.637201e-09	3.573512e+01	6.329657e+02
1.460000e-06	5.079375e-06	9.705523e-09	3.599669e+01	6.376504e+02
1.470000e-06	5.114613e-06	9.770671e-09	3.624642e+01	6.420138e+02
1.480000e-06	5.147917e-06	9.832608e-09	3.648244e+01	6.460668e+02
1.490000e-06	5.179325e-06	9.887485e-09	3.670502e+01	6.498187e+02
1.500000e-06	5.209025e-06	9.935307e-09	3.691550e+01	6.532817e+02
1.510000e-06	5.237061e-06	9.980898e-09	3.711419e+01	6.564719e+02
1.520000e-06	5.263145e-06	1.002688e-08	3.729904e+01	6.594098e+02
1.530000e-06	5.287101e-06	1.006928e-08	3.746882e+01	6.621180e+02
1.540000e-06	5.309181e-06	1.010614e-08	3.762529e+01	6.646183e+02
1.550000e-06	5.329608e-06	1.013886e-08	3.777005e+01	6.669280e+02
1.560000e-06	5.348275e-06	1.016807e-08	3.790234e+01	6.690579e+02
1.570000e-06	5.364944e-06	1.019422e-08	3.802047e+01	6.710119e+02
1.580000e-06	5.379691e-06	1.021588e-08	3.812499e+01	6.727882e+02
1.590000e-06	5.392566e-06	1.023405e-08	3.821623e+01	6.743830e+02
1.600000e-06	5.403299e-06	1.025290e-08	3.829229e+01	6.757938e+02
1.610000e-06	5.411773e-06	1.027325e-08	3.835235e+01	6.770232e+02
1.620000e-06	5.418271e-06	1.029368e-08	3.839840e+01	6.780801e+02
1.630000e-06	5.423036e-06	1.030994e-08	3.843217e+01	6.789797e+02
1.640000e-06	5.426031e-06	1.031999e-08	3.845339e+01	6.797402e+02
1.650000e-06	5.426964e-06	1.032729e-08	3.846000e+01	6.803789e+02
1.660000e-06	5.425984e-06	1.033303e-08	3.845306e+01	6.809075e+02
1.670000e-06	5.423370e-06	1.033937e-08	3.843453e+01	6.813286e+02
1.680000e-06	5.419167e-06	1.034288e-08	3.840475e+01	6.816348e+02
1.690000e-06	5.413170e-06	1.034359e-08	3.836224e+01	6.818108e+02
1.700000e-06	5.405281e-06	1.034428e-08	3.830633e+01	6.818373e+02
1.710000e-06	5.395716e-06	1.034474e-08	3.823855e+01	6.816977e+02
1.720000e-06	5.384478e-06	1.034971e-08	3.815891e+01	6.813837e+02
1.730000e-06	5.371441e-06	1.033963e-08	3.806652e+01	6.809000e+02
1.740000e-06	5.356306e-06	1.030200e-08	3.795926e+01	6.802656e+02
1.750000e-06	5.338847e-06	1.029214e-08	3.783553e+01	6.795111e+02
1.760000e-06	5.319015e-06	1.029061e-08	3.769499e+01	6.786734e+02
1.770000e-06	5.296786e-06	1.030657e-08	3.753745e+01	6.777878e+02
1.780000e-06	5.272808e-06	1.033396e-08	3.736752e+01	6.768806e+02
1.790000e-06	5.247900e-06	1.023568e-08	3.719100e+01	6.759625e+02
1.800000e-06	5.221650e-06	1.019943e-08	3.700498e+01	6.750266e+02
1.810000e-06	5.193478e-06	1.023444e-08	3.680532e+01	6.740499e+02
1.820000e-06	5.163495e-06	1.016971e-08	3.659284e+01	6.729990e+02
1.830000e-06	5.131606e-06	1.019195e-08	3.636685e+01	6.718379e+02
1.840000e-06	5.097807e-06	1.018929e-08	3.612732e+01	6.705367e+02
1.850000e-06	5.062396e-06	1.013585e-08	3.587637e+01	6.690781e+02
1.860000e-06	5.025193e-06	1.021789e-08	3.561272e+01	6.674607e+02
1.870000e-06	4.986070e-06	1.016903e-08	3.533546e+01	6.656983e+02
1.880000e-06	4.945234e-06	1.003859e-08	3.504606e+01	6.638144e+02
1.890000e-06	4.902567e-06	1.003544e-08	3.474369e+01	6.618345e+02
1.900000e-06	4.858319e-06	1.002261e-08	3.443011e+01	6.597780e+02
1.910000e-06	4.812492e-06	1.006000e-08	3.410534e+01	6.576515e+02
1.920000e-06	4.764734e-06	1.003154e-08	3.376689e+01	6.554454e+02
1.930000e-06	4.715259e-06	9.907412e-09	3.341627e+01	6.531353e+02
1.940000e-06	4.664030e-06	9.901010e-09	3.305322e+01	6.506872e+02
1.950000e-06	4.610931e-06	9.911876e-09	3.267691e+01	6.480656e+02
1.960000e-06	4.555907e-06	9.882648e-09	3.228696e+01	6.452425e+02
1.970000e-06	4.499033e-06	9.793383e-09	3.188391e+01	6.422045e+02
1.980000e-06	4.440642e-06	9.713892e-09	3.147010e+01	6.389562e+02
1.990000e-06	4.380855e-06	9.702570e-09	3.104640e+01	6.355200e+02
2.000000e-06	4.319542e-06	9.664437e-09	3.061188e+01	6.319309e+02
2.010000e-06	4.256473e-06	9.617107e-09	3.016493e+01	6.282284e+02
2.020000e-06	4.191791e-06	9.496779e-09	2.970653e+01	6.244479e+02
2.030000e-06	4.125662e-06	9.408773e-09	2.923789e+01	6.206130e+02
2.040000e-06	4.058111e-06	9.435415e-09	2.875916e+01	6.167309e+02
2.050000e-06	3.989208e-06	9.422716e-09	2.827086e+01	6.127923e+02
2.060000e-06	3.918684e-06	9.333328e-09	2.777107e+01	6.087749e+02
2.070000e-06	3.846580e-06	9.189362e-09	2.726008e+01	6.046504e+02
2.080000e-06	3.773118e-06	9.126213e-09	2.673946e+01	6.003919e+02
2.090000e-06	3.698265e-06	9.121120e-09	2.620899e+01	5.959813e+02
2.100000e-06	3.622028e-06	9.050788e-09	2.566872e+01	5.914128e+02
2.110000e-06	3.544207e-06	8.943779e-09	2.511721e+01	5.866944e+02
2.120000e-06	3.464840e-06	8.861174e-09	2.455475e+01	5.818438e+02
2.130000e-06	3.384283e-06	8.824475e-09	2.398386e+01	5.768839e+02
2.140000e-06	3.302644e-06	8.748228e-09	2.340529e+01	5.718357e+02
2.150000e-06	3.219918e-06	8.649373e-09	2.281903e+01	5.667131e+02
2.160000e-06	3.136160e-06	8.567610e-09	2.222545e+01	5.615192e+02
2.170000e-06	3.051357e-06	8.491593e-09	2.162447e+01	5.562466e+02
2.180000e-06	2.965281e-06	8.420666e-09	2.101446e+01	5.508799e+02
2.190000e-06	2.877938e-06	8.338157e-09	2.039547e+01	5.454008e+02
2.200000e-06	2.789619e-06	8.248592e-09	1.976957e+01	5.397936e+02
2.210000e-06	2.700432e-06	8.141129e-09	1.913752e+01	5.340496e+02
2.220000e-06	2.610347e-06	8.047590e-09	1.849910e+01	5.281693e+02
2.230000e-06	2.519335e-06	7.983090e-09	1.785411e+01	5.221622e+02
2.240000e-06	2.427548e-06	7.908926e-09	1.720364e+01	5.160436e+02
2.250000e-06	2.335092e-06	7.807875e-09	1.654842e+01	5.098297e+02
2.260000e-06	2.241789e-06	7.702755e-09	1.588719e+01	5.035333e+02
2.270000e-06	2.147404e-06	7.609824e-09	1.521830e+01	4.971594e+02
2.280000e-06	2.052050e-06	7.502808e-09	1.454254e+01	4.907037e+02
2.290000e-06	1.955964e-06	7.389572e-09	1.386159e+01	4.841539e+02
2.300000e-06	1.859288e-06	7.296510e-09	1.317647e+01	4.774924e+02
2.310000e-06	1.762070e-06	7.206054e-09	1.248750e+01	4.707011e+02
2.320000e-06	1.664255e-06	7.092064e-09	1.179430e+01	4.637660e+02
2.330000e-06	1.565890e-06	6.974679e-09	1.109721e+01	4.566800e+02
2.340000e-06	1.467040e-06	6.876294e-09	1.039667e+01	4.494448e+02
2.350000e-06	1.367771e-06	6.773724e-09	9.693171e+00	4.420693e+02
2.360000e-06	1.268107e-06	6.648784e-09	8.986868e+00	4.345665e+02
2.370000e-06	1.168089e-06	6.522500e-09	8.278053e+00	4.269492e+02
2.380000e-06	1.067701e-06	6.413547e-09	7.566623e+00	4.192258e+02
2.390000e-06	9.668798e-07	6.303210e-09	6.852118e+00	4.113966e+02
2.400000e-06	8.656493e-07	6.175096e-09	6.134714e+00	4.034526e+02
2.410000e-06	7.640676e-07	6.040356e-09	5.414821e+00	3.953758e+02
2.420000e-06	6.622146e-07	5.913788e-09	4.693006e+00	3.871420e+02
2.430000e-06	5.600858e-07	5.797808e-09	3.969236e+00	3.787232e+02
2.440000e-06	4.576740e-07	5.679686e-09	3.243461e+00	3.700918e+02
2.450000e-06	3.550489e-07	5.542306e-09	2.516173e+00	3.612227e+02
2.460000e-06	2.522300e-07	5.388129e-09	1.787513e+00	3.520946e+02
2.470000e-06	1.493001e-07	5.238476e-09	1.058065e+00	3.426898e+02
2.480000e-06	4.636753e-08	5.100726e-09	3.285990e-01	3.329927e+02
2.490000e-06	-5.653862e-08	4.958321e-09	-4.006799e-01	3.229877e+02
2.500000e-06	-1.594217e-07	4.798482e-09	-1.129796e+00	3.126575e+02
2.510000e-06	-2.622560e-07	4.629574e-09	-1.858565e+00	3.019819e+02
2.520000e-06	-3.649635e-07	4.464123e-09	-2.586436e+00	2.909378e+02
2.530000e-06	-4.674912e-07	4.295940e-09	-3.313034e+00	2.795002e+02
2.540000e-06	-5.697908e-07	4.114484e-09	-4.038013e+00	2.676444e+02
2.550000e-06	-6.718124e-07	3.923424e-09	-4.761024e+00	2.553476e+02
2.560000e-06	-7.734747e-07	3.730983e-09	-5.481488e+00	2.425913e+02
2.570000e-06	-8.747413e-07	3.537214e-09	-6.199148e+00	2.293622e+02
2.580000e-06	-9.756610e-07	3.332517e-09	-6.914349e+00	2.156526e+02
2.590000e-06	-1.076248e-06	3.110614e-09	-7.627194e+00	2.014597e+02
2.600000e-06	-1.176433e-06	2.878790e-09	-8.337187e+00	1.867851e+02
2.610000e-06	-1.276180e-06	2.648250e-09	-9.044075e+00	1.716330e+02
2.620000e-06	-1.375527e-06	2.415354e-09	-9.748132e+00	1.560097e+02
2.630000e-06	-1.474449e-06	2.171858e-09	-1.044918e+01	1.399230e+02
2.640000e-06	-1.572856e-06	1.917626e-09	-1.114657e+01	1.233820e+02
2.650000e-06	-1.670744e-06	1.656276e-09	-1.184029e+01	1.063974e+02
2.660000e-06	-1.768127e-06	1.389297e-09	-1.253043e+01	8.898173e+01
2.670000e-06	-1.864966e-06	1.116345e-09	-1.321671e+01	7.114974e+01
2.680000e-06	-1.961241e-06	8.383236e-10	-1.389899e+01	5.291806e+01
2.690000e-06	-2.056897e-06	5.546295e-10	-1.457689e+01	3.430494e+01
2.700000e-06	-2.151833e-06	2.664386e-10	-1.524969e+01	1.532972e+01
2.710000e-06	-2.245833e-06	-2.637725e-11	-1.591585e+01	-3.987599e+00
2.720000e-06	-2.338787e-06	-3.273646e-10	-1.657460e+01	-2.362651e+01
2.730000e-06	-2.430820e-06	-6.360830e-10	-1.722682e+01	-4.356576e+01
2.740000e-06	-2.522013e-06	-9.457699e-10	-1.787309e+01	-6.378272e+01
2.750000e-06	-2.612350e-06	-1.254262e-09	-1.851329e+01	-8.425253e+01
2.760000e-06	-2.701774e-06	-1.567530e-09	-1.914703e+01	-1.049473e+02
2.770000e-06	-2.790334e-06	-1.887370e-09	-1.977464e+01	-1.258355e+02
2.780000e-06	-2.878043e-06	-2.209989e-09	-2.039621e+01	-1.468817e+02
2.790000e-06	-2.964681e-06	-2.533189e-09	-2.101021e+01	-1.680470e+02
2.800000e-06	-3.050077e-06	-2.856923e-09	-2.161540e+01	-1.892889e+02
2.810000e-06	-3.134327e-06	-3.180030e-09	-2.221246e+01	-2.105621e+02
2.820000e-06	-3.217523e-06	-3.501215e-09	-2.280206e+01	-2.318185e+02
2.830000e-06	-3.299677e-06	-3.822180e-09	-2.338427e+01	-2.530067e+02
2.840000e-06	-3.380754e-06	-4.144115e-09	-2.395885e+01	-2.740716e+02
2.850000e-06	-3.460718e-06	-4.464862e-09	-2.452554e+01	-2.949536e+02
2.860000e-06	-3.539295e-06	-4.780679e-09	-2.508240e+01	-3.155879e+02
2.870000e-06	-3.616288e-06	-5.089740e-09	-2.562804e+01	-3.359054e+02
2.880000e-06	-3.691869e-06	-5.394364e-09	-2.616367e+01	-3.558336e+02
2.890000e-06	-3.766098e-06	-5.694135e-09	-2.668972e+01	-3.752994e+02
2.900000e-06	-3.839041e-06	-5.987355e-09	-2.720665e+01	-3.942322e+02
2.910000e-06	-3.910769e-06	-6.271057e-09	-2.771497e+01	-4.125676e+02
2.920000e-06	-3.980976e-06	-6.542268e-09	-2.821252e+01	-4.302507e+02
2.930000e-06	-4.049594e-06	-6.802937e-09	-2.869881e+01	-4.472384e+02
2.940000e-06	-4.116846e-06	-7.054940e-09	-2.917541e+01	-4.634995e+02
2.950000e-06	-4.182681e-06	-7.294890e-09	-2.964197e+01	-4.790143e+02
2.960000e-06	-4.247105e-06	-7.521566e-09	-3.009854e+01	-4.937717e+02
2.970000e-06	-4.310060e-06	-7.738353e-09	-3.054469e+01	-5.077666e+02
2.980000e-06	-4.371290e-06	-7.945062e-09	-3.097861e+01	-5.209966e+02
2.990000e-06	-4.430894e-06	-8.137848e-09	-3.140102e+01	-5.334605e+02
3.000000e-06	-4.489085e-06	-8.315028e-09	-3.181340e+01	-5.451582e+02
3.010000e-06	-4.545798e-06	-8.479086e-09	-3.221532e+01	-5.560917e+02
3.020000e-06	-4.600787e-06	-8.635643e-09	-3.260502e+01	-5.662684e+02
3.030000e-06	-4.653813e-06	-8.785599e-09	-3.298081e+01	-5.757036e+02
3.040000e-06	-4.704939e-06	-8.924260e-09	-3.334313e+01	-5.844237e+02
3.050000e-06	-4.754161e-06	-9.048478e-09	-3.369195e+01	-5.924666e+02
3.060000e-06	-4.801425e-06	-9.159081e-09	-3.402691e+01	-5.998811e+02
3.070000e-06	-4.847032e-06	-9.262433e-09	-3.435012e+01	-6.067235e+02
3.080000e-06	-4.891197e-06	-9.361625e-09	-3.466311e+01	-6.130526e+02
3.090000e-06	-4.933859e-06	-9.454810e-09	-3.496545e+01	-6.189250e+02
3.100000e-06	-4.974958e-06	-9.541952e-09	-3.525671e+01	-6.243896e+02
3.110000e-06	-5.014358e-06	-9.622363e-09	-3.553593e+01	-6.294850e+02
3.120000e-06	-5.051844e-06	-9.695946e-09	-3.580158e+01	-6.342387e+02
3.130000e-06	-5.087472e-06	-9.763132e-09	-3.605408e+01	-6.386683e+02
3.140000e-06	-5.121370e-06	-9.825007e-09	-3.629431e+01	-6.427854e+02
3.150000e-06	-5.153521e-06	-9.884516e-09	-3.652215e+01	-6.465993e+02
3.160000e-06	-5.183719e-06	-9.939611e-09	-3.673617e+01	-6.501214e+02
3.170000e-06	-5.211996e-06	-9.990591e-09	-3.693656e+01	-6.533668e+02
3.180000e-06	-5.238495e-06	-1.003726e-08	-3.712435e+01	-6.563552e+02
3.190000e-06	-5.263239e-06	-1.008207e-08	-3.729971e+01	-6.591091e+02
3.200000e-06	-5.286146e-06	-1.012470e-08	-3.746205e+01	-6.616507e+02
3.210000e-06	-5.307070e-06	-1.016300e-08	-3.761033e+01	-6.639984e+02
3.220000e-06	-5.326201e-06	-1.019759e-08	-3.774591e+01	-6.661647e+02
3.230000e-06	-5.343587e-06	-1.022932e-08	-3.786912e+01	-6.681547e+02
3.240000e-06	-5.358980e-06	-1.025775e-08	-3.797821e+01	-6.699678e+02
3.250000e-06	-5.372122e-06	-1.028207e-08	-3.807135e+01	-6.716002e+02
3.260000e-06	-5.383181e-06	-1.030388e-08	-3.814972e+01	-6.730488e+02
3.270000e-06	-5.392465e-06	-1.032399e-08	-3.821551e+01	-6.743149e+02
3.280000e-06	-5.399833e-06	-1.034293e-08	-3.826773e+01	-6.754060e+02
3.290000e-06	-5.405119e-06	-1.036007e-08	-3.830519e+01	-6.763362e+02
3.300000e-06	-5.408565e-06	-1.037315e-08	-3.832961e+01	-6.771234e+02
3.310000e-06	-5.410255e-06	-1.038176e-08	-3.834159e+01	-6.777853e+02
3.320000e-06	-5.410104e-06	-1.039155e-08	-3.834052e+01	-6.783353e+02
