# Temperatura_=_28.86
# Concentracion g/m^3_=_32800.0
# C_Vs_to_Am_M_A/Vsm_=_65563218390.804596
# pendiente_HvsI_1/m_=_3716.3
# ordenada_HvsI_A/m_=_1297.0
# frecuencia_Hz_=_300791.2212361193

Tiempo_(s)	Campo_(V.s)	Magnetizacion_(V.s)	Campo_(kA/m)	Magnetizacion_(A/m)
0.000000e+00	-5.400040e-06	-9.373228e-09	-3.833038e+01	-6.118836e+02
1.000000e-08	-5.397160e-06	-9.378685e-09	-3.830993e+01	-6.121231e+02
2.000000e-08	-5.392565e-06	-9.379251e-09	-3.827731e+01	-6.122457e+02
3.000000e-08	-5.386367e-06	-9.375972e-09	-3.823332e+01	-6.122399e+02
4.000000e-08	-5.378445e-06	-9.373821e-09	-3.817709e+01	-6.120898e+02
5.000000e-08	-5.368619e-06	-9.370630e-09	-3.810734e+01	-6.117806e+02
6.000000e-08	-5.356839e-06	-9.368841e-09	-3.802373e+01	-6.113034e+02
7.000000e-08	-5.343086e-06	-9.373775e-09	-3.792611e+01	-6.106596e+02
8.000000e-08	-5.327064e-06	-9.331743e-09	-3.781238e+01	-6.098624e+02
9.000000e-08	-5.308759e-06	-9.312346e-09	-3.768245e+01	-6.089353e+02
1.000000e-07	-5.288476e-06	-9.330116e-09	-3.753848e+01	-6.079081e+02
1.100000e-07	-5.266444e-06	-9.287518e-09	-3.738209e+01	-6.068106e+02
1.200000e-07	-5.242902e-06	-9.279034e-09	-3.721498e+01	-6.056665e+02
1.300000e-07	-5.217904e-06	-9.306297e-09	-3.703755e+01	-6.044878e+02
1.400000e-07	-5.191187e-06	-9.168401e-09	-3.684790e+01	-6.032725e+02
1.500000e-07	-5.162758e-06	-9.213234e-09	-3.664611e+01	-6.020052e+02
1.600000e-07	-5.132788e-06	-9.271186e-09	-3.643338e+01	-6.006610e+02
1.700000e-07	-5.101103e-06	-9.118773e-09	-3.620847e+01	-5.992113e+02
1.800000e-07	-5.067414e-06	-9.182261e-09	-3.596934e+01	-5.976305e+02
1.900000e-07	-5.031893e-06	-9.143046e-09	-3.571721e+01	-5.959013e+02
2.000000e-07	-4.994778e-06	-8.995842e-09	-3.545376e+01	-5.940181e+02
2.100000e-07	-4.955907e-06	-9.066125e-09	-3.517785e+01	-5.919863e+02
2.200000e-07	-4.915168e-06	-9.036921e-09	-3.488868e+01	-5.898198e+02
2.300000e-07	-4.872510e-06	-8.959368e-09	-3.458588e+01	-5.875357e+02
2.400000e-07	-4.828108e-06	-8.952054e-09	-3.427071e+01	-5.851484e+02
2.500000e-07	-4.781977e-06	-8.866556e-09	-3.394327e+01	-5.826654e+02
2.600000e-07	-4.733882e-06	-8.863561e-09	-3.360188e+01	-5.800845e+02
2.700000e-07	-4.683746e-06	-8.829590e-09	-3.324600e+01	-5.773943e+02
2.800000e-07	-4.631656e-06	-8.774782e-09	-3.287626e+01	-5.745779e+02
2.900000e-07	-4.577878e-06	-8.722515e-09	-3.249453e+01	-5.716175e+02
3.000000e-07	-4.522456e-06	-8.653403e-09	-3.210114e+01	-5.684996e+02
3.100000e-07	-4.465302e-06	-8.616052e-09	-3.169545e+01	-5.652195e+02
3.200000e-07	-4.406468e-06	-8.554800e-09	-3.127784e+01	-5.617829e+02
3.300000e-07	-4.346102e-06	-8.525016e-09	-3.084935e+01	-5.582049e+02
3.400000e-07	-4.284282e-06	-8.458558e-09	-3.041054e+01	-5.545064e+02
3.500000e-07	-4.220995e-06	-8.379926e-09	-2.996132e+01	-5.507091e+02
3.600000e-07	-4.156169e-06	-8.359023e-09	-2.950117e+01	-5.468301e+02
3.700000e-07	-4.089686e-06	-8.296916e-09	-2.902927e+01	-5.428781e+02
3.800000e-07	-4.021673e-06	-8.225886e-09	-2.854650e+01	-5.388512e+02
3.900000e-07	-3.952310e-06	-8.146744e-09	-2.805415e+01	-5.347386e+02
4.000000e-07	-3.881679e-06	-8.068161e-09	-2.755280e+01	-5.305233e+02
4.100000e-07	-3.809754e-06	-8.023280e-09	-2.704226e+01	-5.261875e+02
4.200000e-07	-3.736298e-06	-7.954788e-09	-2.652086e+01	-5.217174e+02
4.300000e-07	-3.661188e-06	-7.885234e-09	-2.598772e+01	-5.171065e+02
4.400000e-07	-3.584565e-06	-7.806167e-09	-2.544384e+01	-5.123575e+02
4.500000e-07	-3.506478e-06	-7.738393e-09	-2.488956e+01	-5.074816e+02
4.600000e-07	-3.426975e-06	-7.670851e-09	-2.432523e+01	-5.024944e+02
4.700000e-07	-3.346216e-06	-7.582415e-09	-2.375199e+01	-4.974128e+02
4.800000e-07	-3.264279e-06	-7.502070e-09	-2.317039e+01	-4.922499e+02
4.900000e-07	-3.181211e-06	-7.414019e-09	-2.258076e+01	-4.870120e+02
5.000000e-07	-3.097184e-06	-7.337455e-09	-2.198433e+01	-4.816979e+02
5.100000e-07	-3.012285e-06	-7.255625e-09	-2.138170e+01	-4.762995e+02
5.200000e-07	-2.926415e-06	-7.170516e-09	-2.077218e+01	-4.708049e+02
5.300000e-07	-2.839583e-06	-7.083134e-09	-2.015583e+01	-4.652019e+02
5.400000e-07	-2.751845e-06	-6.992978e-09	-1.953305e+01	-4.594821e+02
5.500000e-07	-2.663068e-06	-6.910196e-09	-1.890290e+01	-4.536424e+02
5.600000e-07	-2.573149e-06	-6.820457e-09	-1.826464e+01	-4.476860e+02
5.700000e-07	-2.482195e-06	-6.727562e-09	-1.761903e+01	-4.416211e+02
5.800000e-07	-2.390348e-06	-6.627510e-09	-1.696709e+01	-4.354577e+02
5.900000e-07	-2.297738e-06	-6.530401e-09	-1.630972e+01	-4.292046e+02
6.000000e-07	-2.204385e-06	-6.430463e-09	-1.564709e+01	-4.228664e+02
6.100000e-07	-2.110315e-06	-6.328088e-09	-1.497936e+01	-4.164420e+02
6.200000e-07	-2.015602e-06	-6.230208e-09	-1.430707e+01	-4.099242e+02
6.300000e-07	-1.920229e-06	-6.132742e-09	-1.363011e+01	-4.033022e+02
6.400000e-07	-1.824153e-06	-6.032593e-09	-1.294814e+01	-3.965640e+02
6.500000e-07	-1.727307e-06	-5.926950e-09	-1.226071e+01	-3.896997e+02
6.600000e-07	-1.629678e-06	-5.820975e-09	-1.156773e+01	-3.827040e+02
6.700000e-07	-1.531358e-06	-5.711362e-09	-1.086983e+01	-3.755779e+02
6.800000e-07	-1.432448e-06	-5.598526e-09	-1.016775e+01	-3.683274e+02
6.900000e-07	-1.333017e-06	-5.482092e-09	-9.461977e+00	-3.609625e+02
7.000000e-07	-1.233140e-06	-5.365762e-09	-8.753033e+00	-3.534936e+02
7.100000e-07	-1.132919e-06	-5.250641e-09	-8.041643e+00	-3.459288e+02
7.200000e-07	-1.032315e-06	-5.135181e-09	-7.327546e+00	-3.382710e+02
7.300000e-07	-9.313510e-07	-5.018526e-09	-6.610884e+00	-3.305167e+02
7.400000e-07	-8.300659e-07	-4.897504e-09	-5.891945e+00	-3.226559e+02
7.500000e-07	-7.284316e-07	-4.776070e-09	-5.170528e+00	-3.146734e+02
7.600000e-07	-6.265313e-07	-4.654743e-09	-4.447223e+00	-3.065508e+02
7.700000e-07	-5.244505e-07	-4.529335e-09	-3.722637e+00	-2.982686e+02
7.800000e-07	-4.221918e-07	-4.395399e-09	-2.996788e+00	-2.898081e+02
7.900000e-07	-3.197943e-07	-4.257891e-09	-2.269953e+00	-2.811518e+02
8.000000e-07	-2.173295e-07	-4.119818e-09	-1.542641e+00	-2.722839e+02
8.100000e-07	-1.147753e-07	-3.981614e-09	-8.146942e-01	-2.631892e+02
8.200000e-07	-1.215460e-08	-3.842266e-09	-8.627539e-02	-2.538521e+02
8.300000e-07	9.045854e-08	-3.697987e-09	6.420897e-01	-2.442555e+02
8.400000e-07	1.930279e-07	-3.547142e-09	1.370144e+00	-2.343809e+02
8.500000e-07	2.955200e-07	-3.391534e-09	2.097650e+00	-2.242084e+02
8.600000e-07	3.978803e-07	-3.230636e-09	2.824220e+00	-2.137183e+02
8.700000e-07	5.001215e-07	-3.061437e-09	3.549945e+00	-2.028921e+02
8.800000e-07	6.022490e-07	-2.889310e-09	4.274863e+00	-1.917140e+02
8.900000e-07	7.041791e-07	-2.713448e-09	4.998379e+00	-1.801719e+02
9.000000e-07	8.058019e-07	-2.531926e-09	5.719715e+00	-1.682581e+02
9.100000e-07	9.071251e-07	-2.342686e-09	6.438924e+00	-1.559682e+02
9.200000e-07	1.008151e-06	-2.147512e-09	7.156023e+00	-1.433008e+02
9.300000e-07	1.108818e-06	-1.949567e-09	7.870573e+00	-1.302566e+02
9.400000e-07	1.209107e-06	-1.747755e-09	8.582441e+00	-1.168375e+02
9.500000e-07	1.309057e-06	-1.540459e-09	9.291902e+00	-1.030468e+02
9.600000e-07	1.408687e-06	-1.325534e-09	9.999090e+00	-8.888946e+01
9.700000e-07	1.507871e-06	-1.103666e-09	1.070312e+01	-7.437317e+01
9.800000e-07	1.606404e-06	-8.749382e-10	1.140252e+01	-5.950941e+01
9.900000e-07	1.704127e-06	-6.425672e-10	1.209618e+01	-4.431415e+01
1.000000e-06	1.801116e-06	-4.084213e-10	1.278462e+01	-2.880809e+01
1.010000e-06	1.897414e-06	-1.694399e-10	1.346816e+01	-1.301606e+01
1.020000e-06	1.992947e-06	7.509853e-11	1.414627e+01	3.034200e+00
1.030000e-06	2.087742e-06	3.231130e-10	1.481914e+01	1.931361e+01
1.040000e-06	2.181845e-06	5.745259e-10	1.548710e+01	3.579333e+01
1.050000e-06	2.275266e-06	8.303175e-10	1.615021e+01	5.244590e+01
1.060000e-06	2.367914e-06	1.086968e-09	1.680785e+01	6.924568e+01
1.070000e-06	2.459850e-06	1.344548e-09	1.746042e+01	8.616851e+01
1.080000e-06	2.551098e-06	1.601699e-09	1.810811e+01	1.031910e+02
1.090000e-06	2.641335e-06	1.863094e-09	1.874863e+01	1.202892e+02
1.100000e-06	2.730357e-06	2.126657e-09	1.938052e+01	1.374382e+02
1.110000e-06	2.818340e-06	2.389553e-09	2.000504e+01	1.546114e+02
1.120000e-06	2.905409e-06	2.650141e-09	2.062307e+01	1.717812e+02
1.130000e-06	2.991519e-06	2.907465e-09	2.123430e+01	1.889194e+02
1.140000e-06	3.076593e-06	3.165458e-09	2.183817e+01	2.059984e+02
1.150000e-06	3.160669e-06	3.423404e-09	2.243495e+01	2.229918e+02
1.160000e-06	3.243797e-06	3.681581e-09	2.302501e+01	2.398746e+02
1.170000e-06	3.325732e-06	3.938212e-09	2.360659e+01	2.566223e+02
1.180000e-06	3.406464e-06	4.192738e-09	2.417965e+01	2.732098e+02
1.190000e-06	3.485980e-06	4.442557e-09	2.474406e+01	2.896092e+02
1.200000e-06	3.564195e-06	4.687096e-09	2.529925e+01	3.057889e+02
1.210000e-06	3.641163e-06	4.925578e-09	2.584558e+01	3.217126e+02
1.220000e-06	3.716834e-06	5.158736e-09	2.638270e+01	3.373401e+02
1.230000e-06	3.790990e-06	5.387647e-09	2.690908e+01	3.526292e+02
1.240000e-06	3.863510e-06	5.615463e-09	2.742383e+01	3.675387e+02
1.250000e-06	3.934562e-06	5.837588e-09	2.792817e+01	3.820314e+02
1.260000e-06	4.004293e-06	6.049908e-09	2.842313e+01	3.960769e+02
1.270000e-06	4.072786e-06	6.250328e-09	2.890931e+01	4.096533e+02
1.280000e-06	4.139924e-06	6.442336e-09	2.938586e+01	4.227468e+02
1.290000e-06	4.205424e-06	6.633390e-09	2.985080e+01	4.353500e+02
1.300000e-06	4.269284e-06	6.819458e-09	3.030408e+01	4.474590e+02
1.310000e-06	4.331688e-06	6.995292e-09	3.074704e+01	4.590693e+02
1.320000e-06	4.392690e-06	7.162370e-09	3.118004e+01	4.701738e+02
1.330000e-06	4.452343e-06	7.322924e-09	3.160347e+01	4.807610e+02
1.340000e-06	4.510463e-06	7.478100e-09	3.201601e+01	4.908161e+02
1.350000e-06	4.566832e-06	7.624618e-09	3.241613e+01	5.003234e+02
1.360000e-06	4.621500e-06	7.761304e-09	3.280417e+01	5.092711e+02
1.370000e-06	4.674500e-06	7.888320e-09	3.318038e+01	5.176554e+02
1.380000e-06	4.725597e-06	8.004350e-09	3.354307e+01	5.254843e+02
1.390000e-06	4.774590e-06	8.112076e-09	3.389083e+01	5.327792e+02
1.400000e-06	4.821711e-06	8.213025e-09	3.422530e+01	5.395742e+02
1.410000e-06	4.867181e-06	8.306282e-09	3.454805e+01	5.459123e+02
1.420000e-06	4.911107e-06	8.393919e-09	3.485985e+01	5.518400e+02
1.430000e-06	4.953323e-06	8.481046e-09	3.515951e+01	5.574016e+02
1.440000e-06	4.993609e-06	8.565104e-09	3.544546e+01	5.626335e+02
1.450000e-06	5.032149e-06	8.640728e-09	3.571903e+01	5.675608e+02
1.460000e-06	5.069100e-06	8.708604e-09	3.598131e+01	5.721965e+02
1.470000e-06	5.104361e-06	8.772339e-09	3.623160e+01	5.765436e+02
1.480000e-06	5.137709e-06	8.833419e-09	3.646831e+01	5.805995e+02
1.490000e-06	5.169160e-06	8.889235e-09	3.669155e+01	5.843602e+02
1.500000e-06	5.198908e-06	8.938693e-09	3.690271e+01	5.878257e+02
1.510000e-06	5.226948e-06	8.985350e-09	3.710174e+01	5.910031e+02
1.520000e-06	5.253118e-06	9.030731e-09	3.728750e+01	5.939068e+02
1.530000e-06	5.277261e-06	9.072146e-09	3.745887e+01	5.965571e+02
1.540000e-06	5.299473e-06	9.106969e-09	3.761654e+01	5.989772e+02
1.550000e-06	5.319982e-06	9.136546e-09	3.776211e+01	6.011887e+02
1.560000e-06	5.338764e-06	9.165138e-09	3.789543e+01	6.032083e+02
1.570000e-06	5.355595e-06	9.192905e-09	3.801490e+01	6.050462e+02
1.580000e-06	5.370412e-06	9.215919e-09	3.812007e+01	6.067056e+02
1.590000e-06	5.383263e-06	9.235029e-09	3.821129e+01	6.081857e+02
1.600000e-06	5.394040e-06	9.252244e-09	3.828779e+01	6.094845e+02
1.610000e-06	5.402670e-06	9.268065e-09	3.834905e+01	6.106025e+02
1.620000e-06	5.409321e-06	9.284025e-09	3.839626e+01	6.115453e+02
1.630000e-06	5.414170e-06	9.299948e-09	3.843068e+01	6.123240e+02
1.640000e-06	5.417215e-06	9.311353e-09	3.845229e+01	6.129540e+02
1.650000e-06	5.418301e-06	9.317250e-09	3.846000e+01	6.134515e+02
1.660000e-06	5.417481e-06	9.324092e-09	3.845418e+01	6.138294e+02
1.670000e-06	5.414971e-06	9.324893e-09	3.843636e+01	6.140942e+02
1.680000e-06	5.410816e-06	9.323991e-09	3.840687e+01	6.142437e+02
1.690000e-06	5.404851e-06	9.322961e-09	3.836453e+01	6.142678e+02
1.700000e-06	5.396971e-06	9.319887e-09	3.830859e+01	6.141510e+02
1.710000e-06	5.387427e-06	9.316719e-09	3.824084e+01	6.138780e+02
1.720000e-06	5.376306e-06	9.303585e-09	3.816191e+01	6.134382e+02
1.730000e-06	5.363377e-06	9.292902e-09	3.807014e+01	6.128305e+02
1.740000e-06	5.348409e-06	9.332680e-09	3.796389e+01	6.120656e+02
1.750000e-06	5.331172e-06	9.286888e-09	3.784154e+01	6.111651e+02
1.760000e-06	5.311462e-06	9.256854e-09	3.770164e+01	6.101578e+02
1.770000e-06	5.289369e-06	9.262599e-09	3.754482e+01	6.090742e+02
1.780000e-06	5.265556e-06	9.165917e-09	3.737579e+01	6.079398e+02
1.790000e-06	5.240665e-06	9.250014e-09	3.719910e+01	6.067692e+02
1.800000e-06	5.214476e-06	9.216931e-09	3.701321e+01	6.055638e+02
1.810000e-06	5.186474e-06	9.070037e-09	3.681445e+01	6.043106e+02
1.820000e-06	5.156602e-06	9.234925e-09	3.660241e+01	6.029863e+02
1.830000e-06	5.124894e-06	9.157452e-09	3.637735e+01	6.015626e+02
1.840000e-06	5.091303e-06	9.041403e-09	3.613891e+01	6.000128e+02
1.850000e-06	5.055990e-06	9.213418e-09	3.588825e+01	5.983174e+02
1.860000e-06	5.018916e-06	9.065219e-09	3.562510e+01	5.964682e+02
1.870000e-06	4.979976e-06	8.993326e-09	3.534869e+01	5.944684e+02
1.880000e-06	4.939301e-06	9.057763e-09	3.505998e+01	5.923304e+02
1.890000e-06	4.896847e-06	8.935050e-09	3.475863e+01	5.900712e+02
1.900000e-06	4.852738e-06	8.998536e-09	3.444554e+01	5.877063e+02
1.910000e-06	4.807018e-06	8.907760e-09	3.412101e+01	5.852447e+02
1.920000e-06	4.759420e-06	8.816764e-09	3.378315e+01	5.826865e+02
1.930000e-06	4.710006e-06	8.896400e-09	3.343240e+01	5.800222e+02
1.940000e-06	4.658866e-06	8.774386e-09	3.306940e+01	5.772355e+02
1.950000e-06	4.605955e-06	8.778358e-09	3.269383e+01	5.743084e+02
1.960000e-06	4.551172e-06	8.705642e-09	3.230497e+01	5.712261e+02
1.970000e-06	4.494555e-06	8.638140e-09	3.190310e+01	5.679817e+02
1.980000e-06	4.436394e-06	8.634564e-09	3.149025e+01	5.645788e+02
1.990000e-06	4.376797e-06	8.504870e-09	3.106723e+01	5.610305e+02
2.000000e-06	4.315693e-06	8.541536e-09	3.063350e+01	5.573570e+02
2.010000e-06	4.252910e-06	8.430757e-09	3.018786e+01	5.535803e+02
2.020000e-06	4.188453e-06	8.355486e-09	2.973033e+01	5.497189e+02
2.030000e-06	4.122485e-06	8.349216e-09	2.926208e+01	5.457834e+02
2.040000e-06	4.055101e-06	8.252000e-09	2.878378e+01	5.417743e+02
2.050000e-06	3.986394e-06	8.247720e-09	2.829608e+01	5.376825e+02
2.060000e-06	3.916202e-06	8.109043e-09	2.779785e+01	5.334918e+02
2.070000e-06	3.844359e-06	8.062057e-09	2.728790e+01	5.291844e+02
2.080000e-06	3.771056e-06	8.020338e-09	2.676758e+01	5.247449e+02
2.090000e-06	3.696451e-06	7.932307e-09	2.623802e+01	5.201654e+02
2.100000e-06	3.620509e-06	7.881283e-09	2.569897e+01	5.154464e+02
2.110000e-06	3.542986e-06	7.767404e-09	2.514870e+01	5.105975e+02
2.120000e-06	3.463876e-06	7.733477e-09	2.458717e+01	5.056339e+02
2.130000e-06	3.383520e-06	7.642812e-09	2.401679e+01	5.005724e+02
2.140000e-06	3.302070e-06	7.569525e-09	2.343864e+01	4.954271e+02
2.150000e-06	3.219537e-06	7.490828e-09	2.285281e+01	4.902063e+02
2.160000e-06	3.135970e-06	7.390053e-09	2.225963e+01	4.849101e+02
2.170000e-06	3.051350e-06	7.322991e-09	2.165898e+01	4.795317e+02
2.180000e-06	2.965486e-06	7.233110e-09	2.104951e+01	4.740599e+02
2.190000e-06	2.878365e-06	7.172575e-09	2.043111e+01	4.684822e+02
2.200000e-06	2.790200e-06	7.069025e-09	1.980530e+01	4.627890e+02
2.210000e-06	2.701096e-06	6.974105e-09	1.917283e+01	4.569760e+02
2.220000e-06	2.611063e-06	6.889207e-09	1.853376e+01	4.510451e+02
2.230000e-06	2.520220e-06	6.805522e-09	1.788894e+01	4.450037e+02
2.240000e-06	2.428656e-06	6.718854e-09	1.723900e+01	4.388617e+02
2.250000e-06	2.336359e-06	6.610161e-09	1.658387e+01	4.326283e+02
2.260000e-06	2.243255e-06	6.524037e-09	1.592299e+01	4.263094e+02
2.270000e-06	2.149182e-06	6.427092e-09	1.525525e+01	4.199050e+02
2.280000e-06	2.054143e-06	6.326251e-09	1.458065e+01	4.134091e+02
2.290000e-06	1.958272e-06	6.219132e-09	1.390014e+01	4.068116e+02
2.300000e-06	1.861772e-06	6.117998e-09	1.321516e+01	4.001003e+02
2.310000e-06	1.764781e-06	6.017706e-09	1.252671e+01	3.932647e+02
2.320000e-06	1.667160e-06	5.911778e-09	1.183377e+01	3.862985e+02
2.330000e-06	1.568887e-06	5.807609e-09	1.113622e+01	3.792010e+02
2.340000e-06	1.470140e-06	5.696965e-09	1.043529e+01	3.719775e+02
2.350000e-06	1.370975e-06	5.582401e-09	9.731410e+00	3.646373e+02
2.360000e-06	1.271446e-06	5.461993e-09	9.024932e+00	3.571910e+02
2.370000e-06	1.171599e-06	5.348768e-09	8.316206e+00	3.496474e+02
2.380000e-06	1.071434e-06	5.237876e-09	7.605219e+00	3.420107e+02
2.390000e-06	9.709187e-07	5.122054e-09	6.891742e+00	3.342788e+02
2.400000e-06	8.699604e-07	4.999806e-09	6.175123e+00	3.264430e+02
2.410000e-06	7.686511e-07	4.873462e-09	5.456013e+00	3.184892e+02
2.420000e-06	6.670462e-07	4.750926e-09	4.734804e+00	3.103994e+02
2.430000e-06	5.651259e-07	4.630512e-09	4.011357e+00	3.021541e+02
2.440000e-06	4.629774e-07	4.506296e-09	3.286290e+00	2.937344e+02
2.450000e-06	3.606550e-07	4.375230e-09	2.559989e+00	2.851226e+02
2.460000e-06	2.582001e-07	4.236841e-09	1.832747e+00	2.763024e+02
2.470000e-06	1.555866e-07	4.095515e-09	1.104379e+00	2.672587e+02
2.480000e-06	5.282620e-08	3.954514e-09	3.749691e-01	2.579760e+02
2.490000e-06	-4.994040e-08	3.812183e-09	-3.544852e-01	2.484376e+02
2.500000e-06	-1.526159e-07	3.664061e-09	-1.083293e+00	2.386253e+02
2.510000e-06	-2.552125e-07	3.510206e-09	-1.811540e+00	2.285195e+02
2.520000e-06	-3.577064e-07	3.354487e-09	-2.539059e+00	2.181002e+02
2.530000e-06	-4.600141e-07	3.191411e-09	-3.265256e+00	2.073485e+02
2.540000e-06	-5.620392e-07	3.019705e-09	-3.989447e+00	1.962480e+02
2.550000e-06	-6.637851e-07	2.843300e-09	-4.711656e+00	1.847859e+02
2.560000e-06	-7.652474e-07	2.665991e-09	-5.431853e+00	1.729533e+02
2.570000e-06	-8.663515e-07	2.485454e-09	-6.149506e+00	1.607452e+02
2.580000e-06	-9.671041e-07	2.297004e-09	-6.864665e+00	1.481599e+02
2.590000e-06	-1.067535e-06	2.098442e-09	-7.577540e+00	1.351974e+02
2.600000e-06	-1.167615e-06	1.890748e-09	-8.287922e+00	1.218595e+02
2.610000e-06	-1.267308e-06	1.678015e-09	-8.995560e+00	1.081492e+02
2.620000e-06	-1.366583e-06	1.462879e-09	-9.700230e+00	9.407094e+01
2.630000e-06	-1.465407e-06	1.246143e-09	-1.040170e+01	7.963185e+01
2.640000e-06	-1.563761e-06	1.023021e-09	-1.109983e+01	6.484246e+01
2.650000e-06	-1.661637e-06	7.910666e-10	-1.179457e+01	4.971775e+01
2.660000e-06	-1.758909e-06	5.526106e-10	-1.248503e+01	3.427742e+01
2.670000e-06	-1.855582e-06	3.105272e-10	-1.317122e+01	1.854551e+01
2.680000e-06	-1.951808e-06	6.526456e-11	-1.385426e+01	2.549255e+00
2.690000e-06	-2.047457e-06	-1.820183e-10	-1.453319e+01	-1.368240e+01
2.700000e-06	-2.142270e-06	-4.301024e-10	-1.520619e+01	-3.012047e+01
2.710000e-06	-2.236085e-06	-6.812704e-10	-1.587210e+01	-4.673713e+01
2.720000e-06	-2.328959e-06	-9.371215e-10	-1.653134e+01	-6.350634e+01
2.730000e-06	-2.420987e-06	-1.197236e-09	-1.718457e+01	-8.040369e+01
2.740000e-06	-2.512163e-06	-1.458560e-09	-1.783175e+01	-9.740566e+01
2.750000e-06	-2.602415e-06	-1.719480e-09	-1.847237e+01	-1.144886e+02
2.760000e-06	-2.691693e-06	-1.980501e-09	-1.910608e+01	-1.316278e+02
2.770000e-06	-2.780146e-06	-2.240490e-09	-1.973394e+01	-1.487971e+02
2.780000e-06	-2.867817e-06	-2.502105e-09	-2.035624e+01	-1.659689e+02
2.790000e-06	-2.954380e-06	-2.765612e-09	-2.097068e+01	-1.831151e+02
2.800000e-06	-3.039684e-06	-3.028782e-09	-2.157618e+01	-2.002079e+02
2.810000e-06	-3.123931e-06	-3.289385e-09	-2.217418e+01	-2.172207e+02
2.820000e-06	-3.207147e-06	-3.547248e-09	-2.276486e+01	-2.341282e+02
2.830000e-06	-3.289259e-06	-3.803036e-09	-2.334770e+01	-2.509058e+02
2.840000e-06	-3.370267e-06	-4.057778e-09	-2.392272e+01	-2.675288e+02
2.850000e-06	-3.450166e-06	-4.311116e-09	-2.448985e+01	-2.839699e+02
2.860000e-06	-3.528689e-06	-4.560080e-09	-2.504722e+01	-3.001985e+02
2.870000e-06	-3.605686e-06	-4.804094e-09	-2.559376e+01	-3.161792e+02
2.880000e-06	-3.681224e-06	-5.043059e-09	-2.612993e+01	-3.318726e+02
2.890000e-06	-3.755364e-06	-5.277789e-09	-2.665619e+01	-3.472367e+02
2.900000e-06	-3.828286e-06	-5.508439e-09	-2.717381e+01	-3.622297e+02
2.910000e-06	-3.899946e-06	-5.735468e-09	-2.768246e+01	-3.768135e+02
2.920000e-06	-3.970086e-06	-5.955761e-09	-2.818033e+01	-3.909558e+02
2.930000e-06	-4.038679e-06	-6.169377e-09	-2.866721e+01	-4.046331e+02
2.940000e-06	-4.105880e-06	-6.375578e-09	-2.914422e+01	-4.178297e+02
2.950000e-06	-4.171736e-06	-6.572006e-09	-2.961167e+01	-4.305373e+02
2.960000e-06	-4.236256e-06	-6.758706e-09	-3.006965e+01	-4.427514e+02
2.970000e-06	-4.299251e-06	-6.935594e-09	-3.051680e+01	-4.544679e+02
2.980000e-06	-4.360463e-06	-7.106288e-09	-3.095129e+01	-4.656806e+02
2.990000e-06	-4.420087e-06	-7.271109e-09	-3.137451e+01	-4.763787e+02
3.000000e-06	-4.478309e-06	-7.428438e-09	-3.178777e+01	-4.865480e+02
3.010000e-06	-4.535017e-06	-7.576122e-09	-3.219030e+01	-4.961728e+02
3.020000e-06	-4.590046e-06	-7.715047e-09	-3.258090e+01	-5.052400e+02
3.030000e-06	-4.643144e-06	-7.847567e-09	-3.295781e+01	-5.137437e+02
3.040000e-06	-4.694335e-06	-7.972376e-09	-3.332117e+01	-5.216891e+02
3.050000e-06	-4.743642e-06	-8.086891e-09	-3.367115e+01	-5.290949e+02
3.060000e-06	-4.790991e-06	-8.190783e-09	-3.400725e+01	-5.359926e+02
3.070000e-06	-4.836661e-06	-8.289256e-09	-3.433142e+01	-5.424236e+02
3.080000e-06	-4.880867e-06	-8.384003e-09	-3.464520e+01	-5.484342e+02
3.090000e-06	-4.923558e-06	-8.473539e-09	-3.494823e+01	-5.540698e+02
3.100000e-06	-4.964685e-06	-8.555187e-09	-3.524015e+01	-5.593687e+02
3.110000e-06	-5.004133e-06	-8.631670e-09	-3.552017e+01	-5.643587e+02
3.120000e-06	-5.041710e-06	-8.704423e-09	-3.578689e+01	-5.690552e+02
3.130000e-06	-5.077456e-06	-8.772120e-09	-3.604062e+01	-5.734632e+02
3.140000e-06	-5.111495e-06	-8.835219e-09	-3.628224e+01	-5.775807e+02
3.150000e-06	-5.143731e-06	-8.893992e-09	-3.651105e+01	-5.814037e+02
3.160000e-06	-5.173940e-06	-8.949606e-09	-3.672548e+01	-5.849312e+02
3.170000e-06	-5.202207e-06	-9.000538e-09	-3.692613e+01	-5.881682e+02
3.180000e-06	-5.228752e-06	-9.048321e-09	-3.711455e+01	-5.911279e+02
3.190000e-06	-5.253593e-06	-9.091023e-09	-3.729087e+01	-5.938295e+02
3.200000e-06	-5.276562e-06	-9.130751e-09	-3.745391e+01	-5.962959e+02
3.210000e-06	-5.297549e-06	-9.167387e-09	-3.760288e+01	-5.985493e+02
3.220000e-06	-5.316720e-06	-9.201242e-09	-3.773896e+01	-6.006079e+02
3.230000e-06	-5.334129e-06	-9.231173e-09	-3.786253e+01	-6.024831e+02
3.240000e-06	-5.349583e-06	-9.255801e-09	-3.797223e+01	-6.041797e+02
3.250000e-06	-5.362828e-06	-9.277527e-09	-3.806624e+01	-6.056973e+02
3.260000e-06	-5.373961e-06	-9.297858e-09	-3.814526e+01	-6.070339e+02
3.270000e-06	-5.383225e-06	-9.317612e-09	-3.821102e+01	-6.081893e+02
3.280000e-06	-5.390606e-06	-9.334953e-09	-3.826341e+01	-6.091678e+02
3.290000e-06	-5.396025e-06	-9.349339e-09	-3.830188e+01	-6.099794e+02
3.300000e-06	-5.399603e-06	-9.360029e-09	-3.832727e+01	-6.106388e+02
3.310000e-06	-5.401463e-06	-9.368225e-09	-3.834047e+01	-6.111623e+02
3.320000e-06	-5.401481e-06	-9.372696e-09	-3.834060e+01	-6.115639e+02
