# Temperatura_=_35.95
# Concentracion g/m^3_=_24000.0
# C_Vs_to_Am_M_A/Vsm_=_65563218390.804596
# pendiente_HvsI_1/m_=_3716.3
# ordenada_HvsI_A/m_=_1297.0
# frecuencia_Hz_=_301179.86531802994

Tiempo_(s)	Campo_(V.s)	Magnetizacion_(V.s)	Campo_(kA/m)	Magnetizacion_(A/m)
0.000000e+00	-6.759953e-06	-1.700037e-08	-4.746284e+01	-1.109502e+03
1.000000e-08	-6.758305e-06	-1.700600e-08	-4.745127e+01	-1.109812e+03
2.000000e-08	-6.754408e-06	-1.700776e-08	-4.742390e+01	-1.110125e+03
3.000000e-08	-6.748392e-06	-1.700965e-08	-4.738166e+01	-1.110415e+03
4.000000e-08	-6.740187e-06	-1.701396e-08	-4.732406e+01	-1.110627e+03
5.000000e-08	-6.729545e-06	-1.701455e-08	-4.724934e+01	-1.110690e+03
6.000000e-08	-6.716405e-06	-1.700904e-08	-4.715708e+01	-1.110543e+03
7.000000e-08	-6.700839e-06	-1.699873e-08	-4.704779e+01	-1.110151e+03
8.000000e-08	-6.682931e-06	-1.700339e-08	-4.692206e+01	-1.109527e+03
9.000000e-08	-6.662812e-06	-1.703541e-08	-4.678079e+01	-1.108736e+03
1.000000e-07	-6.640092e-06	-1.706675e-08	-4.662127e+01	-1.107890e+03
1.100000e-07	-6.614557e-06	-1.703055e-08	-4.644199e+01	-1.107127e+03
1.200000e-07	-6.586631e-06	-1.700712e-08	-4.624592e+01	-1.106583e+03
1.300000e-07	-6.556638e-06	-1.698259e-08	-4.603533e+01	-1.106361e+03
1.400000e-07	-6.524822e-06	-1.688158e-08	-4.581194e+01	-1.106503e+03
1.500000e-07	-6.491239e-06	-1.685575e-08	-4.557615e+01	-1.106976e+03
1.600000e-07	-6.455570e-06	-1.702077e-08	-4.532571e+01	-1.107670e+03
1.700000e-07	-6.417731e-06	-1.698107e-08	-4.506004e+01	-1.108413e+03
1.800000e-07	-6.377663e-06	-1.692502e-08	-4.477871e+01	-1.109009e+03
1.900000e-07	-6.335046e-06	-1.697057e-08	-4.447949e+01	-1.109266e+03
2.000000e-07	-6.290133e-06	-1.681974e-08	-4.416415e+01	-1.109037e+03
2.100000e-07	-6.243008e-06	-1.681466e-08	-4.383327e+01	-1.108245e+03
2.200000e-07	-6.193301e-06	-1.682086e-08	-4.348427e+01	-1.106897e+03
2.300000e-07	-6.141021e-06	-1.676727e-08	-4.311721e+01	-1.105076e+03
2.400000e-07	-6.086297e-06	-1.677612e-08	-4.273298e+01	-1.102920e+03
2.500000e-07	-6.029377e-06	-1.673399e-08	-4.233333e+01	-1.100591e+03
2.600000e-07	-5.970239e-06	-1.672775e-08	-4.191812e+01	-1.098243e+03
2.700000e-07	-5.908874e-06	-1.670181e-08	-4.148726e+01	-1.095988e+03
2.800000e-07	-5.845537e-06	-1.663052e-08	-4.104256e+01	-1.093881e+03
2.900000e-07	-5.780124e-06	-1.657826e-08	-4.058328e+01	-1.091919e+03
3.000000e-07	-5.712499e-06	-1.656504e-08	-4.010847e+01	-1.090045e+03
3.100000e-07	-5.642745e-06	-1.660245e-08	-3.961872e+01	-1.088175e+03
3.200000e-07	-5.570946e-06	-1.653556e-08	-3.911461e+01	-1.086222e+03
3.300000e-07	-5.497108e-06	-1.648509e-08	-3.859618e+01	-1.084115e+03
3.400000e-07	-5.421077e-06	-1.644060e-08	-3.806235e+01	-1.081817e+03
3.500000e-07	-5.342823e-06	-1.638899e-08	-3.751292e+01	-1.079330e+03
3.600000e-07	-5.262380e-06	-1.639382e-08	-3.694811e+01	-1.076686e+03
3.700000e-07	-5.180035e-06	-1.636689e-08	-3.636995e+01	-1.073935e+03
3.800000e-07	-5.096071e-06	-1.634094e-08	-3.578043e+01	-1.071125e+03
3.900000e-07	-5.010462e-06	-1.627353e-08	-3.517935e+01	-1.068291e+03
4.000000e-07	-4.923210e-06	-1.620647e-08	-3.456674e+01	-1.065440e+03
4.100000e-07	-4.834146e-06	-1.615396e-08	-3.394141e+01	-1.062555e+03
4.200000e-07	-4.743264e-06	-1.611754e-08	-3.330331e+01	-1.059602e+03
4.300000e-07	-4.650725e-06	-1.608716e-08	-3.265357e+01	-1.056537e+03
4.400000e-07	-4.556548e-06	-1.603132e-08	-3.199234e+01	-1.053326e+03
4.500000e-07	-4.460772e-06	-1.598522e-08	-3.131988e+01	-1.049950e+03
4.600000e-07	-4.363275e-06	-1.593038e-08	-3.063533e+01	-1.046413e+03
4.700000e-07	-4.264074e-06	-1.586814e-08	-2.993883e+01	-1.042737e+03
4.800000e-07	-4.163330e-06	-1.580277e-08	-2.923148e+01	-1.038958e+03
4.900000e-07	-4.061137e-06	-1.575167e-08	-2.851397e+01	-1.035109e+03
5.000000e-07	-3.957627e-06	-1.570562e-08	-2.778720e+01	-1.031215e+03
5.100000e-07	-3.852653e-06	-1.565018e-08	-2.705017e+01	-1.027280e+03
5.200000e-07	-3.746202e-06	-1.558914e-08	-2.630276e+01	-1.023290e+03
5.300000e-07	-3.638309e-06	-1.551505e-08	-2.554522e+01	-1.019215e+03
5.400000e-07	-3.529111e-06	-1.543386e-08	-2.477852e+01	-1.015019e+03
5.500000e-07	-3.418822e-06	-1.536800e-08	-2.400416e+01	-1.010670e+03
5.600000e-07	-3.307405e-06	-1.532537e-08	-2.322188e+01	-1.006149e+03
5.700000e-07	-3.194710e-06	-1.526624e-08	-2.243063e+01	-1.001456e+03
5.800000e-07	-3.080733e-06	-1.517156e-08	-2.163037e+01	-9.966069e+02
5.900000e-07	-2.965421e-06	-1.507694e-08	-2.082075e+01	-9.916311e+02
6.000000e-07	-2.848771e-06	-1.500991e-08	-2.000173e+01	-9.865588e+02
6.100000e-07	-2.731108e-06	-1.494569e-08	-1.917560e+01	-9.814126e+02
6.200000e-07	-2.612584e-06	-1.486510e-08	-1.834342e+01	-9.761999e+02
6.300000e-07	-2.493198e-06	-1.478028e-08	-1.750519e+01	-9.709093e+02
6.400000e-07	-2.372895e-06	-1.469968e-08	-1.666052e+01	-9.655139e+02
6.500000e-07	-2.251666e-06	-1.461452e-08	-1.580935e+01	-9.599776e+02
6.600000e-07	-2.129590e-06	-1.452303e-08	-1.495224e+01	-9.542648e+02
6.700000e-07	-2.006746e-06	-1.442547e-08	-1.408973e+01	-9.483495e+02
6.800000e-07	-1.883135e-06	-1.432550e-08	-1.322183e+01	-9.422215e+02
6.900000e-07	-1.758801e-06	-1.423287e-08	-1.234885e+01	-9.358878e+02
7.000000e-07	-1.633849e-06	-1.414703e-08	-1.147155e+01	-9.293687e+02
7.100000e-07	-1.508396e-06	-1.405045e-08	-1.059072e+01	-9.226910e+02
7.200000e-07	-1.382507e-06	-1.393375e-08	-9.706828e+00	-9.158781e+02
7.300000e-07	-1.256125e-06	-1.381969e-08	-8.819480e+00	-9.089420e+02
7.400000e-07	-1.129317e-06	-1.372293e-08	-7.929138e+00	-9.018783e+02
7.500000e-07	-1.002179e-06	-1.362757e-08	-7.036478e+00	-8.946648e+02
7.600000e-07	-8.747181e-07	-1.351373e-08	-6.141552e+00	-8.872653e+02
7.700000e-07	-7.469280e-07	-1.338393e-08	-5.244315e+00	-8.796358e+02
7.800000e-07	-6.188419e-07	-1.325430e-08	-4.344999e+00	-8.717319e+02
7.900000e-07	-4.905120e-07	-1.312922e-08	-3.443972e+00	-8.635146e+02
8.000000e-07	-3.619093e-07	-1.300114e-08	-2.541030e+00	-8.549532e+02
8.100000e-07	-2.330816e-07	-1.286521e-08	-1.636507e+00	-8.460240e+02
8.200000e-07	-1.041547e-07	-1.272584e-08	-7.312887e-01	-8.367070e+02
8.300000e-07	2.477527e-08	-1.258102e-08	1.739516e-01	-8.269795e+02
8.400000e-07	1.536841e-07	-1.242582e-08	1.079043e+00	-8.168113e+02
8.500000e-07	2.825639e-07	-1.225830e-08	1.983931e+00	-8.061611e+02
8.600000e-07	4.113575e-07	-1.208104e-08	2.888215e+00	-7.949769e+02
8.700000e-07	5.399617e-07	-1.189990e-08	3.791167e+00	-7.831991e+02
8.800000e-07	6.683108e-07	-1.171511e-08	4.692330e+00	-7.707665e+02
8.900000e-07	7.963650e-07	-1.152005e-08	5.591421e+00	-7.576222e+02
9.000000e-07	9.240828e-07	-1.130635e-08	6.488150e+00	-7.437186e+02
9.100000e-07	1.051466e-06	-1.107730e-08	7.382532e+00	-7.290191e+02
9.200000e-07	1.178483e-06	-1.083767e-08	8.274341e+00	-7.134966e+02
9.300000e-07	1.305103e-06	-1.059162e-08	9.163364e+00	-6.971286e+02
9.400000e-07	1.431316e-06	-1.033678e-08	1.004952e+01	-6.798915e+02
9.500000e-07	1.557102e-06	-1.006448e-08	1.093269e+01	-6.617541e+02
9.600000e-07	1.682411e-06	-9.772111e-09	1.181251e+01	-6.426742e+02
9.700000e-07	1.807222e-06	-9.460733e-09	1.268883e+01	-6.225976e+02
9.800000e-07	1.931478e-06	-9.132863e-09	1.356125e+01	-6.014609e+02
9.900000e-07	2.055042e-06	-8.789058e-09	1.442882e+01	-5.791966e+02
1.000000e-06	2.177802e-06	-8.433294e-09	1.529074e+01	-5.557380e+02
1.010000e-06	2.299753e-06	-8.064599e-09	1.614697e+01	-5.310238e+02
1.020000e-06	2.420884e-06	-7.674997e-09	1.699746e+01	-5.049989e+02
1.030000e-06	2.541019e-06	-7.259409e-09	1.784095e+01	-4.776115e+02
1.040000e-06	2.660180e-06	-6.819297e-09	1.867760e+01	-4.488078e+02
1.050000e-06	2.778447e-06	-6.357842e-09	1.950797e+01	-4.185243e+02
1.060000e-06	2.895714e-06	-5.872702e-09	2.033132e+01	-3.866812e+02
1.070000e-06	3.011933e-06	-5.362465e-09	2.114732e+01	-3.531786e+02
1.080000e-06	3.126949e-06	-4.827106e-09	2.195487e+01	-3.178983e+02
1.090000e-06	3.240658e-06	-4.261990e-09	2.275324e+01	-2.807103e+02
1.100000e-06	3.353049e-06	-3.662729e-09	2.354236e+01	-2.414851e+02
1.110000e-06	3.464165e-06	-3.028740e-09	2.432252e+01	-2.001096e+02
1.120000e-06	3.574114e-06	-2.364358e-09	2.509449e+01	-1.565039e+02
1.130000e-06	3.682972e-06	-1.669348e-09	2.585881e+01	-1.106369e+02
1.140000e-06	3.790717e-06	-9.407641e-10	2.661530e+01	-6.253924e+01
1.150000e-06	3.897080e-06	-1.741000e-10	2.736210e+01	-1.231119e+01
1.160000e-06	4.001915e-06	6.277994e-10	2.809816e+01	3.987430e+01
1.170000e-06	4.105184e-06	1.454829e-09	2.882323e+01	9.377259e+01
1.180000e-06	4.206997e-06	2.299966e-09	2.953808e+01	1.490721e+02
1.190000e-06	4.307436e-06	3.156993e-09	3.024328e+01	2.054014e+02
1.200000e-06	4.406324e-06	4.021834e-09	3.093759e+01	2.623388e+02
1.210000e-06	4.503525e-06	4.889445e-09	3.162005e+01	3.194235e+02
1.220000e-06	4.598989e-06	5.752789e-09	3.229033e+01	3.761692e+02
1.230000e-06	4.692840e-06	6.603288e-09	3.294927e+01	4.320805e+02
1.240000e-06	4.785251e-06	7.434788e-09	3.359811e+01	4.866708e+02
1.250000e-06	4.876062e-06	8.238726e-09	3.423570e+01	5.394834e+02
1.260000e-06	4.965001e-06	9.007213e-09	3.486016e+01	5.901112e+02
1.270000e-06	5.052081e-06	9.734109e-09	3.547156e+01	6.382153e+02
1.280000e-06	5.137442e-06	1.041889e-08	3.607090e+01	6.835386e+02
1.290000e-06	5.221123e-06	1.106143e-08	3.665844e+01	7.259125e+02
1.300000e-06	5.302981e-06	1.165920e-08	3.723318e+01	7.652559e+02
1.310000e-06	5.382823e-06	1.220996e-08	3.779376e+01	8.015670e+02
1.320000e-06	5.460712e-06	1.271126e-08	3.834064e+01	8.349077e+02
1.330000e-06	5.536713e-06	1.316834e-08	3.887425e+01	8.653865e+02
1.340000e-06	5.610677e-06	1.358877e-08	3.939356e+01	8.931395e+02
1.350000e-06	5.682490e-06	1.397229e-08	3.989778e+01	9.183156e+02
1.360000e-06	5.752214e-06	1.431731e-08	4.038733e+01	9.410665e+02
1.370000e-06	5.819948e-06	1.462555e-08	4.086290e+01	9.615414e+02
1.380000e-06	5.885540e-06	1.489874e-08	4.132343e+01	9.798882e+02
1.390000e-06	5.948991e-06	1.514162e-08	4.176893e+01	9.962562e+02
1.400000e-06	6.010503e-06	1.535923e-08	4.220081e+01	1.010800e+03
1.410000e-06	6.070120e-06	1.555475e-08	4.261940e+01	1.023680e+03
1.420000e-06	6.127564e-06	1.572965e-08	4.302272e+01	1.035063e+03
1.430000e-06	6.182675e-06	1.588513e-08	4.340967e+01	1.045115e+03
1.440000e-06	6.235484e-06	1.602193e-08	4.378045e+01	1.053994e+03
1.450000e-06	6.285651e-06	1.613930e-08	4.413268e+01	1.061844e+03
1.460000e-06	6.333227e-06	1.623904e-08	4.446672e+01	1.068789e+03
1.470000e-06	6.378595e-06	1.632764e-08	4.478525e+01	1.074930e+03
1.480000e-06	6.421866e-06	1.640842e-08	4.508907e+01	1.080349e+03
1.490000e-06	6.462818e-06	1.648100e-08	4.537660e+01	1.085115e+03
1.500000e-06	6.501375e-06	1.654419e-08	4.564731e+01	1.089293e+03
1.510000e-06	6.537803e-06	1.659899e-08	4.590308e+01	1.092944e+03
1.520000e-06	6.571998e-06	1.664912e-08	4.614317e+01	1.096140e+03
1.530000e-06	6.603751e-06	1.669461e-08	4.636611e+01	1.098950e+03
1.540000e-06	6.633236e-06	1.673462e-08	4.657314e+01	1.101447e+03
1.550000e-06	6.660585e-06	1.676938e-08	4.676516e+01	1.103691e+03
1.560000e-06	6.685461e-06	1.679970e-08	4.693982e+01	1.105727e+03
1.570000e-06	6.707826e-06	1.682414e-08	4.709685e+01	1.107580e+03
1.580000e-06	6.727999e-06	1.684363e-08	4.723848e+01	1.109251e+03
1.590000e-06	6.745895e-06	1.686008e-08	4.736413e+01	1.110726e+03
1.600000e-06	6.761302e-06	1.687539e-08	4.747231e+01	1.111986e+03
1.610000e-06	6.774176e-06	1.689268e-08	4.756270e+01	1.113017e+03
1.620000e-06	6.784341e-06	1.691010e-08	4.763407e+01	1.113824e+03
1.630000e-06	6.791882e-06	1.692515e-08	4.768702e+01	1.114431e+03
1.640000e-06	6.797163e-06	1.693630e-08	4.772409e+01	1.114883e+03
1.650000e-06	6.800264e-06	1.694335e-08	4.774587e+01	1.115239e+03
1.660000e-06	6.800959e-06	1.694790e-08	4.775075e+01	1.115554e+03
1.670000e-06	6.799225e-06	1.694790e-08	4.773857e+01	1.115865e+03
1.680000e-06	6.795363e-06	1.694808e-08	4.771146e+01	1.116180e+03
1.690000e-06	6.789265e-06	1.694855e-08	4.766864e+01	1.116474e+03
1.700000e-06	6.780908e-06	1.694607e-08	4.760997e+01	1.116691e+03
1.710000e-06	6.770425e-06	1.694467e-08	4.753636e+01	1.116763e+03
1.720000e-06	6.757625e-06	1.694570e-08	4.744649e+01	1.116625e+03
1.730000e-06	6.742422e-06	1.695050e-08	4.733975e+01	1.116243e+03
1.740000e-06	6.725102e-06	1.693075e-08	4.721815e+01	1.115629e+03
1.750000e-06	6.705494e-06	1.683901e-08	4.708047e+01	1.114844e+03
1.760000e-06	6.682795e-06	1.685299e-08	4.692110e+01	1.113999e+03
1.770000e-06	6.657009e-06	1.688303e-08	4.674005e+01	1.113232e+03
1.780000e-06	6.628914e-06	1.687731e-08	4.654279e+01	1.112680e+03
1.790000e-06	6.598729e-06	1.693065e-08	4.633086e+01	1.112447e+03
1.800000e-06	6.566780e-06	1.693234e-08	4.610653e+01	1.112579e+03
1.810000e-06	6.533174e-06	1.675888e-08	4.587058e+01	1.113043e+03
1.820000e-06	6.497308e-06	1.684161e-08	4.561876e+01	1.113733e+03
1.830000e-06	6.459117e-06	1.697196e-08	4.535062e+01	1.114480e+03
1.840000e-06	6.418682e-06	1.699686e-08	4.506672e+01	1.115086e+03
1.850000e-06	6.375987e-06	1.716513e-08	4.476695e+01	1.115359e+03
1.860000e-06	6.331261e-06	1.705698e-08	4.445291e+01	1.115151e+03
1.870000e-06	6.284224e-06	1.703906e-08	4.412266e+01	1.114382e+03
1.880000e-06	6.234772e-06	1.704669e-08	4.377545e+01	1.113054e+03
1.890000e-06	6.183023e-06	1.692683e-08	4.341211e+01	1.111250e+03
1.900000e-06	6.128615e-06	1.697702e-08	4.303010e+01	1.109104e+03
1.910000e-06	6.071860e-06	1.686400e-08	4.263161e+01	1.106781e+03
1.920000e-06	6.013038e-06	1.685227e-08	4.221862e+01	1.104433e+03
1.930000e-06	5.952087e-06	1.691099e-08	4.179067e+01	1.102175e+03
1.940000e-06	5.888902e-06	1.685462e-08	4.134704e+01	1.100064e+03
1.950000e-06	5.823495e-06	1.684661e-08	4.088780e+01	1.098099e+03
1.960000e-06	5.756162e-06	1.667767e-08	4.041504e+01	1.096225e+03
1.970000e-06	5.686638e-06	1.669875e-08	3.992690e+01	1.094359e+03
1.980000e-06	5.614838e-06	1.669172e-08	3.942278e+01	1.092411e+03
1.990000e-06	5.541031e-06	1.669513e-08	3.890457e+01	1.090312e+03
2.000000e-06	5.465175e-06	1.670347e-08	3.837197e+01	1.088023e+03
2.010000e-06	5.387082e-06	1.653414e-08	3.782366e+01	1.085544e+03
2.020000e-06	5.306827e-06	1.651878e-08	3.726018e+01	1.082907e+03
2.030000e-06	5.224811e-06	1.645936e-08	3.668433e+01	1.080160e+03
2.040000e-06	5.141093e-06	1.647650e-08	3.609653e+01	1.077354e+03
2.050000e-06	5.055500e-06	1.644226e-08	3.549557e+01	1.074521e+03
2.060000e-06	4.967949e-06	1.638234e-08	3.488085e+01	1.071673e+03
2.070000e-06	4.878637e-06	1.637028e-08	3.425378e+01	1.068792e+03
2.080000e-06	4.787828e-06	1.628089e-08	3.361619e+01	1.065843e+03
2.090000e-06	4.695320e-06	1.624000e-08	3.296668e+01	1.062785e+03
2.100000e-06	4.600947e-06	1.614985e-08	3.230407e+01	1.059581e+03
2.110000e-06	4.504867e-06	1.613106e-08	3.162948e+01	1.056213e+03
2.120000e-06	4.407286e-06	1.609398e-08	3.094435e+01	1.052683e+03
2.130000e-06	4.308347e-06	1.605157e-08	3.024968e+01	1.049013e+03
2.140000e-06	4.207942e-06	1.600075e-08	2.954471e+01	1.045239e+03
2.150000e-06	4.105872e-06	1.591824e-08	2.882806e+01	1.041394e+03
2.160000e-06	4.002158e-06	1.584354e-08	2.809987e+01	1.037502e+03
2.170000e-06	3.896996e-06	1.576052e-08	2.736150e+01	1.033571e+03
2.180000e-06	3.790586e-06	1.574213e-08	2.661438e+01	1.029585e+03
2.190000e-06	3.682984e-06	1.570488e-08	2.585889e+01	1.025515e+03
2.200000e-06	3.574044e-06	1.563020e-08	2.509400e+01	1.021326e+03
2.210000e-06	3.463808e-06	1.551209e-08	2.432001e+01	1.016985e+03
2.220000e-06	3.352225e-06	1.543443e-08	2.353657e+01	1.012472e+03
2.230000e-06	3.239380e-06	1.540037e-08	2.274427e+01	1.007786e+03
2.240000e-06	3.125436e-06	1.535638e-08	2.194424e+01	1.002944e+03
2.250000e-06	3.010336e-06	1.527450e-08	2.113611e+01	9.979739e+02
2.260000e-06	2.893997e-06	1.517068e-08	2.031927e+01	9.929063e+02
2.270000e-06	2.776367e-06	1.508783e-08	1.949337e+01	9.877642e+02
2.280000e-06	2.657627e-06	1.501564e-08	1.865967e+01	9.825556e+02
2.290000e-06	2.537796e-06	1.494422e-08	1.781832e+01	9.772699e+02
2.300000e-06	2.417052e-06	1.484886e-08	1.697056e+01	9.718806e+02
2.310000e-06	2.295555e-06	1.475549e-08	1.611750e+01	9.663516e+02
2.320000e-06	2.173340e-06	1.468471e-08	1.525941e+01	9.606473e+02
2.330000e-06	2.050465e-06	1.462322e-08	1.439668e+01	9.547413e+02
2.340000e-06	1.926947e-06	1.452186e-08	1.352944e+01	9.486226e+02
2.350000e-06	1.802704e-06	1.438828e-08	1.265711e+01	9.422976e+02
2.360000e-06	1.677698e-06	1.428047e-08	1.177942e+01	9.357864e+02
2.370000e-06	1.552050e-06	1.421515e-08	1.089722e+01	9.291156e+02
2.380000e-06	1.425851e-06	1.413593e-08	1.001115e+01	9.223089e+02
2.390000e-06	1.299166e-06	1.400548e-08	9.121675e+00	9.153790e+02
2.400000e-06	1.172031e-06	1.386414e-08	8.229041e+00	9.083218e+02
2.410000e-06	1.044469e-06	1.375233e-08	7.333405e+00	9.011159e+02
2.420000e-06	9.165015e-07	1.366464e-08	6.434921e+00	8.937254e+02
2.430000e-06	7.882331e-07	1.356427e-08	5.534325e+00	8.861066e+02
2.440000e-06	6.596942e-07	1.343872e-08	4.631831e+00	8.782150e+02
2.450000e-06	5.309122e-07	1.330197e-08	3.727630e+00	8.700112e+02
2.460000e-06	4.019319e-07	1.317061e-08	2.822036e+00	8.614642e+02
2.470000e-06	2.727819e-07	1.304032e-08	1.915251e+00	8.525502e+02
2.480000e-06	1.435667e-07	1.289758e-08	1.008008e+00	8.432491e+02
2.490000e-06	1.431532e-08	1.274330e-08	1.005104e-01	8.335384e+02
2.500000e-06	-1.149365e-07	1.259141e-08	-8.069898e-01	8.233883e+02
2.510000e-06	-2.440881e-07	1.244530e-08	-1.713786e+00	8.127579e+02
2.520000e-06	-3.731261e-07	1.228363e-08	-2.619785e+00	8.015954e+02
2.530000e-06	-5.019900e-07	1.209371e-08	-3.524561e+00	7.898416e+02
2.540000e-06	-6.306776e-07	1.188859e-08	-4.428100e+00	7.774351e+02
2.550000e-06	-7.592073e-07	1.168656e-08	-5.330530e+00	7.643188e+02
2.560000e-06	-8.874341e-07	1.148527e-08	-6.230834e+00	7.504448e+02
2.570000e-06	-1.015289e-06	1.126979e-08	-7.128523e+00	7.357759e+02
2.580000e-06	-1.142726e-06	1.103089e-08	-8.023284e+00	7.202849e+02
2.590000e-06	-1.269689e-06	1.077364e-08	-8.914716e+00	7.039492e+02
2.600000e-06	-1.396225e-06	1.050821e-08	-9.803148e+00	6.867453e+02
2.610000e-06	-1.522336e-06	1.023498e-08	-1.068860e+01	6.686424e+02
2.620000e-06	-1.647859e-06	9.952626e-09	-1.156991e+01	6.495987e+02
2.630000e-06	-1.772667e-06	9.652007e-09	-1.244621e+01	6.295604e+02
2.640000e-06	-1.896741e-06	9.328191e-09	-1.331736e+01	6.084645e+02
2.650000e-06	-2.020075e-06	8.981257e-09	-1.418331e+01	5.862433e+02
2.660000e-06	-2.142674e-06	8.616674e-09	-1.504410e+01	5.628302e+02
2.670000e-06	-2.264562e-06	8.239285e-09	-1.589989e+01	5.381635e+02
2.680000e-06	-2.385731e-06	7.844618e-09	-1.675064e+01	5.121880e+02
2.690000e-06	-2.506032e-06	7.428966e-09	-1.759530e+01	4.848519e+02
2.700000e-06	-2.625367e-06	6.992741e-09	-1.843317e+01	4.561015e+02
2.710000e-06	-2.743734e-06	6.536428e-09	-1.926425e+01	4.258738e+02
2.720000e-06	-2.861018e-06	6.051676e-09	-2.008772e+01	3.940896e+02
2.730000e-06	-2.977058e-06	5.533919e-09	-2.090246e+01	3.606500e+02
2.740000e-06	-3.091893e-06	4.988605e-09	-2.170873e+01	3.254371e+02
2.750000e-06	-3.205514e-06	4.421991e-09	-2.250648e+01	2.883212e+02
2.760000e-06	-3.317762e-06	3.829669e-09	-2.329460e+01	2.491726e+02
2.770000e-06	-3.428554e-06	3.202722e-09	-2.407249e+01	2.078772e+02
2.780000e-06	-3.538039e-06	2.535523e-09	-2.484121e+01	1.643537e+02
2.790000e-06	-3.646421e-06	1.831815e-09	-2.560217e+01	1.185690e+02
2.800000e-06	-3.753681e-06	1.102276e-09	-2.635527e+01	7.055144e+01
2.810000e-06	-3.859744e-06	3.490143e-10	-2.709995e+01	2.039863e+01
2.820000e-06	-3.964482e-06	-4.375255e-10	-2.783534e+01	-3.171904e+01
2.830000e-06	-4.067689e-06	-1.263093e-09	-2.855997e+01	-8.555944e+01
2.840000e-06	-4.169283e-06	-2.115067e-09	-2.927328e+01	-1.408132e+02
2.850000e-06	-4.269289e-06	-2.975477e-09	-2.997544e+01	-1.971110e+02
2.860000e-06	-4.367906e-06	-3.841981e-09	-3.066785e+01	-2.540328e+02
2.870000e-06	-4.465216e-06	-4.714122e-09	-3.135108e+01	-3.111188e+02
2.880000e-06	-4.560987e-06	-5.581871e-09	-3.202350e+01	-3.678835e+02
2.890000e-06	-4.655019e-06	-6.437454e-09	-3.268372e+01	-4.238313e+02
2.900000e-06	-4.747248e-06	-7.271028e-09	-3.333128e+01	-4.784752e+02
2.910000e-06	-4.837819e-06	-8.081154e-09	-3.396719e+01	-5.313569e+02
2.920000e-06	-4.926783e-06	-8.864103e-09	-3.459182e+01	-5.820673e+02
2.930000e-06	-5.013950e-06	-9.605285e-09	-3.520384e+01	-6.302648e+02
2.940000e-06	-5.099183e-06	-1.029903e-08	-3.580227e+01	-6.756892e+02
2.950000e-06	-5.182611e-06	-1.094616e-08	-3.638804e+01	-7.181686e+02
2.960000e-06	-5.264399e-06	-1.155171e-08	-3.696228e+01	-7.576190e+02
2.970000e-06	-5.344446e-06	-1.211917e-08	-3.752431e+01	-7.940359e+02
2.980000e-06	-5.422419e-06	-1.264171e-08	-3.807178e+01	-8.274794e+02
2.990000e-06	-5.498122e-06	-1.311345e-08	-3.860330e+01	-8.580565e+02
3.000000e-06	-5.571728e-06	-1.353836e-08	-3.912010e+01	-8.859026e+02
3.010000e-06	-5.643405e-06	-1.392500e-08	-3.962335e+01	-9.111664e+02
3.020000e-06	-5.712965e-06	-1.427671e-08	-4.011175e+01	-9.339996e+02
3.030000e-06	-5.780403e-06	-1.459300e-08	-4.058524e+01	-9.545515e+02
3.040000e-06	-5.845913e-06	-1.487749e-08	-4.104520e+01	-9.729701e+02
3.050000e-06	-5.909453e-06	-1.513110e-08	-4.149132e+01	-9.894045e+02
3.060000e-06	-5.970785e-06	-1.535685e-08	-4.192195e+01	-1.004009e+03
3.070000e-06	-6.029846e-06	-1.555717e-08	-4.233662e+01	-1.016944e+03
3.080000e-06	-6.086823e-06	-1.573654e-08	-4.273667e+01	-1.028376e+03
3.090000e-06	-6.141680e-06	-1.589653e-08	-4.312183e+01	-1.038471e+03
3.100000e-06	-6.194116e-06	-1.603748e-08	-4.348999e+01	-1.047388e+03
3.110000e-06	-6.243984e-06	-1.616039e-08	-4.384013e+01	-1.055270e+03
3.120000e-06	-6.291316e-06	-1.626861e-08	-4.417245e+01	-1.062244e+03
3.130000e-06	-6.336414e-06	-1.636143e-08	-4.448909e+01	-1.068410e+03
3.140000e-06	-6.379574e-06	-1.643946e-08	-4.479213e+01	-1.073852e+03
3.150000e-06	-6.420641e-06	-1.650790e-08	-4.508047e+01	-1.078639e+03
3.160000e-06	-6.459500e-06	-1.657207e-08	-4.535330e+01	-1.082835e+03
3.170000e-06	-6.496047e-06	-1.663386e-08	-4.560990e+01	-1.086502e+03
3.180000e-06	-6.530275e-06	-1.668809e-08	-4.585023e+01	-1.089711e+03
3.190000e-06	-6.562263e-06	-1.673462e-08	-4.607482e+01	-1.092532e+03
3.200000e-06	-6.591793e-06	-1.677321e-08	-4.628216e+01	-1.095037e+03
3.210000e-06	-6.618920e-06	-1.680792e-08	-4.647262e+01	-1.097288e+03
3.220000e-06	-6.643820e-06	-1.684117e-08	-4.664745e+01	-1.099329e+03
3.230000e-06	-6.666397e-06	-1.687160e-08	-4.680597e+01	-1.101187e+03
3.240000e-06	-6.686613e-06	-1.689534e-08	-4.694791e+01	-1.102863e+03
3.250000e-06	-6.704521e-06	-1.691388e-08	-4.707364e+01	-1.104343e+03
3.260000e-06	-6.720075e-06	-1.693090e-08	-4.718285e+01	-1.105610e+03
3.270000e-06	-6.732911e-06	-1.694676e-08	-4.727297e+01	-1.106648e+03
3.280000e-06	-6.743092e-06	-1.696136e-08	-4.734446e+01	-1.107460e+03
3.290000e-06	-6.751022e-06	-1.697357e-08	-4.740013e+01	-1.108071e+03
3.300000e-06	-6.756492e-06	-1.698328e-08	-4.743854e+01	-1.108527e+03
3.310000e-06	-6.759538e-06	-1.699135e-08	-4.745992e+01	-1.108884e+03
3.320000e-06	-6.760355e-06	-1.699684e-08	-4.746566e+01	-1.109198e+03
