# Temperatura_=_86.58
# Concentracion g/m^3_=_24000.0
# C_Vs_to_Am_M_A/Vsm_=_65563218390.804596
# pendiente_HvsI_1/m_=_3716.3
# ordenada_HvsI_A/m_=_1297.0
# frecuencia_Hz_=_301176.2383389068

Tiempo_(s)	Campo_(V.s)	Magnetizacion_(V.s)	Campo_(kA/m)	Magnetizacion_(A/m)
0.000000e+00	-6.777058e-06	-1.894827e-08	-4.746479e+01	-1.238271e+03
1.000000e-08	-6.775536e-06	-1.895515e-08	-4.745413e+01	-1.238589e+03
2.000000e-08	-6.771699e-06	-1.895793e-08	-4.742726e+01	-1.238924e+03
3.000000e-08	-6.765706e-06	-1.896095e-08	-4.738528e+01	-1.239248e+03
4.000000e-08	-6.757516e-06	-1.896659e-08	-4.732792e+01	-1.239506e+03
5.000000e-08	-6.746919e-06	-1.896721e-08	-4.725370e+01	-1.239634e+03
6.000000e-08	-6.733831e-06	-1.896168e-08	-4.716204e+01	-1.239576e+03
7.000000e-08	-6.718271e-06	-1.895109e-08	-4.705306e+01	-1.239308e+03
8.000000e-08	-6.700362e-06	-1.895542e-08	-4.692763e+01	-1.238846e+03
9.000000e-08	-6.680245e-06	-1.899760e-08	-4.678674e+01	-1.238256e+03
1.000000e-07	-6.657600e-06	-1.903947e-08	-4.662813e+01	-1.237642e+03
1.100000e-07	-6.632198e-06	-1.899730e-08	-4.645022e+01	-1.237131e+03
1.200000e-07	-6.604363e-06	-1.897060e-08	-4.625528e+01	-1.236841e+03
1.300000e-07	-6.574480e-06	-1.895533e-08	-4.604598e+01	-1.236856e+03
1.400000e-07	-6.542700e-06	-1.885906e-08	-4.582341e+01	-1.237202e+03
1.500000e-07	-6.508993e-06	-1.883015e-08	-4.558733e+01	-1.237834e+03
1.600000e-07	-6.473188e-06	-1.901777e-08	-4.533656e+01	-1.238640e+03
1.700000e-07	-6.435273e-06	-1.897558e-08	-4.507102e+01	-1.239457e+03
1.800000e-07	-6.395199e-06	-1.891915e-08	-4.479034e+01	-1.240104e+03
1.900000e-07	-6.352691e-06	-1.899017e-08	-4.449263e+01	-1.240412e+03
2.000000e-07	-6.307827e-06	-1.882371e-08	-4.417841e+01	-1.240258e+03
2.100000e-07	-6.260681e-06	-1.881571e-08	-4.384821e+01	-1.239590e+03
2.200000e-07	-6.210973e-06	-1.882031e-08	-4.350007e+01	-1.238431e+03
2.300000e-07	-6.158711e-06	-1.875754e-08	-4.313404e+01	-1.236872e+03
2.400000e-07	-6.104008e-06	-1.878162e-08	-4.275092e+01	-1.235048e+03
2.500000e-07	-6.046979e-06	-1.875236e-08	-4.235150e+01	-1.233112e+03
2.600000e-07	-5.987764e-06	-1.876205e-08	-4.193677e+01	-1.231198e+03
2.700000e-07	-5.926398e-06	-1.874948e-08	-4.150698e+01	-1.229396e+03
2.800000e-07	-5.862979e-06	-1.868446e-08	-4.106281e+01	-1.227741e+03
2.900000e-07	-5.797431e-06	-1.863650e-08	-4.060373e+01	-1.226211e+03
3.000000e-07	-5.729697e-06	-1.862151e-08	-4.012933e+01	-1.224739e+03
3.100000e-07	-5.659867e-06	-1.866217e-08	-3.964026e+01	-1.223240e+03
3.200000e-07	-5.588015e-06	-1.859876e-08	-3.913703e+01	-1.221630e+03
3.300000e-07	-5.514099e-06	-1.856255e-08	-3.861934e+01	-1.219850e+03
3.400000e-07	-5.437935e-06	-1.852654e-08	-3.808591e+01	-1.217880e+03
3.500000e-07	-5.359546e-06	-1.846647e-08	-3.753689e+01	-1.215735e+03
3.600000e-07	-5.279041e-06	-1.847169e-08	-3.697306e+01	-1.213458e+03
3.700000e-07	-5.196664e-06	-1.845783e-08	-3.639611e+01	-1.211108e+03
3.800000e-07	-5.112594e-06	-1.845141e-08	-3.580731e+01	-1.208733e+03
3.900000e-07	-5.026834e-06	-1.839832e-08	-3.520666e+01	-1.206362e+03
4.000000e-07	-4.939412e-06	-1.833324e-08	-3.459439e+01	-1.203995e+03
4.100000e-07	-4.850178e-06	-1.827444e-08	-3.396941e+01	-1.201604e+03
4.200000e-07	-4.759157e-06	-1.823513e-08	-3.333192e+01	-1.199143e+03
4.300000e-07	-4.666511e-06	-1.821471e-08	-3.268305e+01	-1.196563e+03
4.400000e-07	-4.572218e-06	-1.817770e-08	-3.202265e+01	-1.193825e+03
4.500000e-07	-4.476267e-06	-1.814922e-08	-3.135064e+01	-1.190913e+03
4.600000e-07	-4.378593e-06	-1.810460e-08	-3.066655e+01	-1.187835e+03
4.700000e-07	-4.279266e-06	-1.804529e-08	-2.997089e+01	-1.184623e+03
4.800000e-07	-4.178426e-06	-1.797972e-08	-2.926463e+01	-1.181319e+03
4.900000e-07	-4.076150e-06	-1.792747e-08	-2.854832e+01	-1.177964e+03
5.000000e-07	-3.972421e-06	-1.788590e-08	-2.782183e+01	-1.174585e+03
5.100000e-07	-3.867250e-06	-1.784594e-08	-2.708524e+01	-1.171186e+03
5.200000e-07	-3.760699e-06	-1.780367e-08	-2.633898e+01	-1.167747e+03
5.300000e-07	-3.652670e-06	-1.774122e-08	-2.558237e+01	-1.164230e+03
5.400000e-07	-3.543351e-06	-1.766359e-08	-2.481673e+01	-1.160590e+03
5.500000e-07	-3.432908e-06	-1.759964e-08	-2.404321e+01	-1.156788e+03
5.600000e-07	-3.321238e-06	-1.756392e-08	-2.326111e+01	-1.152800e+03
5.700000e-07	-3.208235e-06	-1.751916e-08	-2.246966e+01	-1.148626e+03
5.800000e-07	-3.093881e-06	-1.743971e-08	-2.166876e+01	-1.144287e+03
5.900000e-07	-2.978266e-06	-1.735107e-08	-2.085902e+01	-1.139818e+03
6.000000e-07	-2.861498e-06	-1.728121e-08	-2.004120e+01	-1.135258e+03
6.100000e-07	-2.743748e-06	-1.721626e-08	-1.921651e+01	-1.130637e+03
6.200000e-07	-2.625055e-06	-1.714476e-08	-1.838522e+01	-1.125967e+03
6.300000e-07	-2.505385e-06	-1.707531e-08	-1.754708e+01	-1.121238e+03
6.400000e-07	-2.384750e-06	-1.701221e-08	-1.670218e+01	-1.116420e+03
6.500000e-07	-2.263214e-06	-1.694216e-08	-1.585098e+01	-1.111470e+03
6.600000e-07	-2.140878e-06	-1.685904e-08	-1.499416e+01	-1.106346e+03
6.700000e-07	-2.017743e-06	-1.676305e-08	-1.413176e+01	-1.101015e+03
6.800000e-07	-1.893799e-06	-1.666308e-08	-1.326368e+01	-1.095462e+03
6.900000e-07	-1.769166e-06	-1.657714e-08	-1.239079e+01	-1.089693e+03
7.000000e-07	-1.643988e-06	-1.650249e-08	-1.151408e+01	-1.083732e+03
7.100000e-07	-1.518321e-06	-1.641935e-08	-1.063393e+01	-1.077608e+03
7.200000e-07	-1.392130e-06	-1.631341e-08	-9.750121e+00	-1.071351e+03
7.300000e-07	-1.265440e-06	-1.620313e-08	-8.862821e+00	-1.064974e+03
7.400000e-07	-1.138309e-06	-1.610757e-08	-7.972425e+00	-1.058473e+03
7.500000e-07	-1.010760e-06	-1.601921e-08	-7.079107e+00	-1.051819e+03
7.600000e-07	-8.828104e-07	-1.592058e-08	-6.182979e+00	-1.044965e+03
7.700000e-07	-7.545126e-07	-1.580758e-08	-5.284414e+00	-1.037854e+03
7.800000e-07	-6.259603e-07	-1.568877e-08	-4.384067e+00	-1.030426e+03
7.900000e-07	-4.972131e-07	-1.556604e-08	-3.482354e+00	-1.022629e+03
8.000000e-07	-3.682621e-07	-1.543585e-08	-2.579214e+00	-1.014421e+03
8.100000e-07	-2.391132e-07	-1.529828e-08	-1.674688e+00	-1.005772e+03
8.200000e-07	-1.099294e-07	-1.516221e-08	-7.699177e-01	-9.966581e+02
8.300000e-07	1.925075e-08	-1.502618e-08	1.348273e-01	-9.870568e+02
8.400000e-07	1.484781e-07	-1.487916e-08	1.039902e+00	-9.769387e+02
8.500000e-07	2.776603e-07	-1.471236e-08	1.944662e+00	-9.662626e+02
8.600000e-07	4.067165e-07	-1.452973e-08	2.848539e+00	-9.549742e+02
8.700000e-07	5.356357e-07	-1.434285e-08	3.751456e+00	-9.430096e+02
8.800000e-07	6.644200e-07	-1.415334e-08	4.653428e+00	-9.303009e+02
8.900000e-07	7.929879e-07	-1.395299e-08	5.553885e+00	-9.167841e+02
9.000000e-07	9.212345e-07	-1.373397e-08	6.452091e+00	-9.024058e+02
9.100000e-07	1.049079e-06	-1.349774e-08	7.347484e+00	-8.871257e+02
9.200000e-07	1.176468e-06	-1.324810e-08	8.239680e+00	-8.709158e+02
9.300000e-07	1.303413e-06	-1.298758e-08	9.128775e+00	-8.537543e+02
9.400000e-07	1.429893e-06	-1.271532e-08	1.001460e+01	-8.356170e+02
9.500000e-07	1.555885e-06	-1.242680e-08	1.089702e+01	-8.164680e+02
9.600000e-07	1.681444e-06	-1.211989e-08	1.177641e+01	-7.962516e+02
9.700000e-07	1.806524e-06	-1.179209e-08	1.265243e+01	-7.748892e+02
9.800000e-07	1.931061e-06	-1.144094e-08	1.352466e+01	-7.522788e+02
9.900000e-07	2.055031e-06	-1.106765e-08	1.439291e+01	-7.282997e+02
1.000000e-06	2.178169e-06	-1.067805e-08	1.525534e+01	-7.028181e+02
1.010000e-06	2.300288e-06	-1.027214e-08	1.611063e+01	-6.756923e+02
1.020000e-06	2.421597e-06	-9.839670e-09	1.696025e+01	-6.467749e+02
1.030000e-06	2.542210e-06	-9.372491e-09	1.780499e+01	-6.159109e+02
1.040000e-06	2.661839e-06	-8.867615e-09	1.864284e+01	-5.829313e+02
1.050000e-06	2.780383e-06	-8.327300e-09	1.947310e+01	-5.476458e+02
1.060000e-06	2.897992e-06	-7.750136e-09	2.029680e+01	-5.098351e+02
1.070000e-06	3.014522e-06	-7.133215e-09	2.111294e+01	-4.692492e+02
1.080000e-06	3.129775e-06	-6.471243e-09	2.192015e+01	-4.256140e+02
1.090000e-06	3.243763e-06	-5.755857e-09	2.271849e+01	-3.786471e+02
1.100000e-06	3.356594e-06	-4.982079e-09	2.350873e+01	-3.280849e+02
1.110000e-06	3.468176e-06	-4.146425e-09	2.429022e+01	-2.737170e+02
1.120000e-06	3.578483e-06	-3.251990e-09	2.506278e+01	-2.154242e+02
1.130000e-06	3.687627e-06	-2.302708e-09	2.582720e+01	-1.532146e+02
1.140000e-06	3.795596e-06	-1.302344e-09	2.658338e+01	-8.725245e+01
1.150000e-06	3.902236e-06	-2.489204e-10	2.733026e+01	-1.787432e+01
1.160000e-06	4.007424e-06	8.551743e-10	2.806698e+01	5.441004e+01
1.170000e-06	4.111112e-06	1.996656e-09	2.879318e+01	1.289329e+02
1.180000e-06	4.213260e-06	3.160181e-09	2.950860e+01	2.048986e+02
1.190000e-06	4.313972e-06	4.331360e-09	3.021396e+01	2.814249e+02
1.200000e-06	4.413109e-06	5.495992e-09	3.090829e+01	3.575911e+02
1.210000e-06	4.510557e-06	6.635844e-09	3.159079e+01	4.324873e+02
1.220000e-06	4.606341e-06	7.739696e-09	3.226164e+01	5.052612e+02
1.230000e-06	4.700532e-06	8.798749e-09	3.292133e+01	5.751567e+02
1.240000e-06	4.793207e-06	9.804537e-09	3.357040e+01	6.415436e+02
1.250000e-06	4.884260e-06	1.075009e-08	3.420811e+01	7.039360e+02
1.260000e-06	4.973491e-06	1.162952e-08	3.483307e+01	7.619983e+02
1.270000e-06	5.060821e-06	1.244021e-08	3.544470e+01	8.155424e+02
1.280000e-06	5.146427e-06	1.318107e-08	3.604426e+01	8.645146e+02
1.290000e-06	5.230450e-06	1.385390e-08	3.663274e+01	9.089768e+02
1.300000e-06	5.312693e-06	1.446354e-08	3.720875e+01	9.490831e+02
1.310000e-06	5.392906e-06	1.501028e-08	3.777054e+01	9.850548e+02
1.320000e-06	5.471137e-06	1.549233e-08	3.831845e+01	1.017157e+03
1.330000e-06	5.547458e-06	1.591736e-08	3.885298e+01	1.045676e+03
1.340000e-06	5.621687e-06	1.629446e-08	3.937287e+01	1.070906e+03
1.350000e-06	5.693759e-06	1.662732e-08	3.987763e+01	1.093135e+03
1.360000e-06	5.763791e-06	1.691860e-08	4.036812e+01	1.112641e+03
1.370000e-06	5.831808e-06	1.717386e-08	4.084450e+01	1.129689e+03
1.380000e-06	5.897676e-06	1.739823e-08	4.130582e+01	1.144534e+03
1.390000e-06	5.961376e-06	1.759349e-08	4.175196e+01	1.157421e+03
1.400000e-06	6.023090e-06	1.776291e-08	4.218419e+01	1.168588e+03
1.410000e-06	6.082891e-06	1.791075e-08	4.260302e+01	1.178259e+03
1.420000e-06	6.140549e-06	1.803872e-08	4.300684e+01	1.186649e+03
1.430000e-06	6.195925e-06	1.814930e-08	4.339468e+01	1.193949e+03
1.440000e-06	6.249014e-06	1.824539e-08	4.376650e+01	1.200329e+03
1.450000e-06	6.299437e-06	1.832778e-08	4.411965e+01	1.205928e+03
1.460000e-06	6.347222e-06	1.839849e-08	4.445433e+01	1.210858e+03
1.470000e-06	6.392788e-06	1.846072e-08	4.477346e+01	1.215203e+03
1.480000e-06	6.436301e-06	1.851743e-08	4.507821e+01	1.219027e+03
1.490000e-06	6.477460e-06	1.857064e-08	4.536648e+01	1.222382e+03
1.500000e-06	6.516140e-06	1.861849e-08	4.563738e+01	1.225318e+03
1.510000e-06	6.552709e-06	1.865946e-08	4.589350e+01	1.227887e+03
1.520000e-06	6.587086e-06	1.869443e-08	4.613427e+01	1.230144e+03
1.530000e-06	6.619042e-06	1.872595e-08	4.635808e+01	1.232150e+03
1.540000e-06	6.648688e-06	1.875425e-08	4.656571e+01	1.233961e+03
1.550000e-06	6.676175e-06	1.877795e-08	4.675823e+01	1.235623e+03
1.560000e-06	6.701205e-06	1.879969e-08	4.693353e+01	1.237165e+03
1.570000e-06	6.723694e-06	1.882036e-08	4.709104e+01	1.238597e+03
1.580000e-06	6.744023e-06	1.883904e-08	4.723342e+01	1.239910e+03
1.590000e-06	6.762092e-06	1.885457e-08	4.735997e+01	1.241081e+03
1.600000e-06	6.777599e-06	1.886955e-08	4.746858e+01	1.242086e+03
1.610000e-06	6.790543e-06	1.888444e-08	4.755923e+01	1.242911e+03
1.620000e-06	6.800903e-06	1.889841e-08	4.763179e+01	1.243556e+03
1.630000e-06	6.808680e-06	1.891043e-08	4.768626e+01	1.244047e+03
1.640000e-06	6.814071e-06	1.891973e-08	4.772402e+01	1.244424e+03
1.650000e-06	6.817195e-06	1.892797e-08	4.774590e+01	1.244740e+03
1.660000e-06	6.817888e-06	1.893192e-08	4.775075e+01	1.245043e+03
1.670000e-06	6.816197e-06	1.893053e-08	4.773891e+01	1.245362e+03
1.680000e-06	6.812438e-06	1.893004e-08	4.771258e+01	1.245699e+03
1.690000e-06	6.806451e-06	1.893227e-08	4.767065e+01	1.246026e+03
1.700000e-06	6.798158e-06	1.893352e-08	4.761256e+01	1.246289e+03
1.710000e-06	6.787670e-06	1.893584e-08	4.753911e+01	1.246424e+03
1.720000e-06	6.774897e-06	1.894248e-08	4.744965e+01	1.246375e+03
1.730000e-06	6.759751e-06	1.895230e-08	4.734357e+01	1.246116e+03
1.740000e-06	6.742433e-06	1.892692e-08	4.722228e+01	1.245662e+03
1.750000e-06	6.722834e-06	1.882452e-08	4.708502e+01	1.245076e+03
1.760000e-06	6.700211e-06	1.884726e-08	4.692657e+01	1.244463e+03
1.770000e-06	6.674492e-06	1.889152e-08	4.674644e+01	1.243948e+03
1.780000e-06	6.646377e-06	1.888676e-08	4.654953e+01	1.243649e+03
1.790000e-06	6.616206e-06	1.895228e-08	4.633822e+01	1.243654e+03
1.800000e-06	6.584268e-06	1.895717e-08	4.611453e+01	1.243991e+03
1.810000e-06	6.550610e-06	1.875798e-08	4.587880e+01	1.244616e+03
1.820000e-06	6.514733e-06	1.886802e-08	4.562753e+01	1.245420e+03
1.830000e-06	6.476563e-06	1.899806e-08	4.536020e+01	1.246242e+03
1.840000e-06	6.436083e-06	1.898372e-08	4.507669e+01	1.246900e+03
1.850000e-06	6.393336e-06	1.915536e-08	4.477730e+01	1.247224e+03
1.860000e-06	6.348620e-06	1.904525e-08	4.446412e+01	1.247090e+03
1.870000e-06	6.301573e-06	1.906321e-08	4.413461e+01	1.246442e+03
1.880000e-06	6.252125e-06	1.909390e-08	4.378829e+01	1.245301e+03
1.890000e-06	6.200369e-06	1.895738e-08	4.342580e+01	1.243755e+03
1.900000e-06	6.145886e-06	1.901015e-08	4.304422e+01	1.241940e+03
1.910000e-06	6.089033e-06	1.888683e-08	4.264603e+01	1.240007e+03
1.920000e-06	6.030137e-06	1.887928e-08	4.223354e+01	1.238092e+03
1.930000e-06	5.969187e-06	1.894211e-08	4.180667e+01	1.236287e+03
1.940000e-06	5.906065e-06	1.888948e-08	4.136457e+01	1.234628e+03
1.950000e-06	5.840685e-06	1.890764e-08	4.090667e+01	1.233096e+03
1.960000e-06	5.773277e-06	1.874686e-08	4.043456e+01	1.231626e+03
1.970000e-06	5.703629e-06	1.877431e-08	3.994676e+01	1.230131e+03
1.980000e-06	5.631720e-06	1.875120e-08	3.944313e+01	1.228527e+03
1.990000e-06	5.557774e-06	1.874589e-08	3.892523e+01	1.226756e+03
2.000000e-06	5.481740e-06	1.878015e-08	3.839271e+01	1.224795e+03
2.010000e-06	5.403537e-06	1.863566e-08	3.784500e+01	1.222656e+03
2.020000e-06	5.323203e-06	1.863140e-08	3.728236e+01	1.220386e+03
2.030000e-06	5.241041e-06	1.855523e-08	3.670692e+01	1.218038e+03
2.040000e-06	5.157124e-06	1.856003e-08	3.611918e+01	1.215665e+03
2.050000e-06	5.071350e-06	1.853910e-08	3.551844e+01	1.213296e+03
2.060000e-06	4.983679e-06	1.850081e-08	3.490442e+01	1.210930e+03
2.070000e-06	4.894238e-06	1.850729e-08	3.427800e+01	1.208543e+03
2.080000e-06	4.803257e-06	1.842266e-08	3.364079e+01	1.206087e+03
2.090000e-06	4.710528e-06	1.838037e-08	3.299134e+01	1.203514e+03
2.100000e-06	4.616038e-06	1.828708e-08	3.232956e+01	1.200784e+03
2.110000e-06	4.519931e-06	1.826799e-08	3.165645e+01	1.197879e+03
2.120000e-06	4.422275e-06	1.823948e-08	3.097248e+01	1.194809e+03
2.130000e-06	4.323194e-06	1.821289e-08	3.027855e+01	1.191602e+03
2.140000e-06	4.222576e-06	1.818442e-08	2.957385e+01	1.188302e+03
2.150000e-06	4.120310e-06	1.811701e-08	2.885760e+01	1.184951e+03
2.160000e-06	4.016423e-06	1.804489e-08	2.813000e+01	1.181574e+03
2.170000e-06	3.911088e-06	1.795358e-08	2.739226e+01	1.178178e+03
2.180000e-06	3.804488e-06	1.792880e-08	2.664567e+01	1.174742e+03
2.190000e-06	3.696693e-06	1.790437e-08	2.589070e+01	1.171231e+03
2.200000e-06	3.587540e-06	1.785585e-08	2.512622e+01	1.167598e+03
2.210000e-06	3.477060e-06	1.775711e-08	2.435244e+01	1.163803e+03
2.220000e-06	3.365234e-06	1.767754e-08	2.356924e+01	1.159824e+03
2.230000e-06	3.252160e-06	1.763640e-08	2.277730e+01	1.155658e+03
2.240000e-06	3.137968e-06	1.759791e-08	2.197753e+01	1.151326e+03
2.250000e-06	3.022555e-06	1.753664e-08	2.116920e+01	1.146862e+03
2.260000e-06	2.905950e-06	1.745491e-08	2.035253e+01	1.142307e+03
2.270000e-06	2.788122e-06	1.738097e-08	1.952730e+01	1.137689e+03
2.280000e-06	2.669189e-06	1.730749e-08	1.869432e+01	1.133023e+03
2.290000e-06	2.549161e-06	1.723368e-08	1.785367e+01	1.128298e+03
2.300000e-06	2.428170e-06	1.714183e-08	1.700629e+01	1.123486e+03
2.310000e-06	2.306412e-06	1.705707e-08	1.615352e+01	1.118543e+03
2.320000e-06	2.184000e-06	1.699886e-08	1.529618e+01	1.113428e+03
2.330000e-06	2.060911e-06	1.695290e-08	1.443410e+01	1.108106e+03
2.340000e-06	1.937044e-06	1.686785e-08	1.356656e+01	1.102563e+03
2.350000e-06	1.812418e-06	1.674475e-08	1.269372e+01	1.096803e+03
2.360000e-06	1.687066e-06	1.663637e-08	1.181578e+01	1.090850e+03
2.370000e-06	1.561135e-06	1.656916e-08	1.093379e+01	1.084733e+03
2.380000e-06	1.434727e-06	1.650236e-08	1.004846e+01	1.078482e+03
2.390000e-06	1.307896e-06	1.639646e-08	9.160167e+00	1.072111e+03
2.400000e-06	1.180610e-06	1.627204e-08	8.268689e+00	1.065616e+03
2.410000e-06	1.052784e-06	1.615968e-08	7.373432e+00	1.058970e+03
2.420000e-06	9.244889e-07	1.606571e-08	6.474884e+00	1.052126e+03
2.430000e-06	7.958354e-07	1.596647e-08	5.573828e+00	1.045027e+03
2.440000e-06	6.669265e-07	1.585413e-08	4.670983e+00	1.037613e+03
2.450000e-06	5.378387e-07	1.573360e-08	3.766885e+00	1.029832e+03
2.460000e-06	4.085830e-07	1.561184e-08	2.861611e+00	1.021641e+03
2.470000e-06	2.792252e-07	1.548476e-08	1.955622e+00	1.013010e+03
2.480000e-06	1.497948e-07	1.534204e-08	1.049124e+00	1.003914e+03
2.490000e-06	2.031452e-08	1.518781e-08	1.422777e-01	9.943327e+02
2.500000e-06	-1.091379e-07	1.503538e-08	-7.643740e-01	9.842354e+02
2.510000e-06	-2.385274e-07	1.488777e-08	-1.670585e+00	9.735817e+02
2.520000e-06	-3.678280e-07	1.472650e-08	-2.576173e+00	9.623180e+02
2.530000e-06	-4.970441e-07	1.453842e-08	-3.481171e+00	9.503804e+02
2.540000e-06	-6.261317e-07	1.433054e-08	-4.385267e+00	9.377011e+02
2.550000e-06	-7.549733e-07	1.411726e-08	-5.287641e+00	9.242159e+02
2.560000e-06	-8.835310e-07	1.390191e-08	-6.188026e+00	9.098708e+02
2.570000e-06	-1.011712e-06	1.367882e-08	-7.085776e+00	8.946251e+02
2.580000e-06	-1.139440e-06	1.343820e-08	-7.980345e+00	8.784506e+02
2.590000e-06	-1.266730e-06	1.317680e-08	-8.871854e+00	8.613251e+02
2.600000e-06	-1.393531e-06	1.289725e-08	-9.759938e+00	8.432250e+02
2.610000e-06	-1.519821e-06	1.260238e-08	-1.064444e+01	8.241145e+02
2.620000e-06	-1.645590e-06	1.229787e-08	-1.152529e+01	8.039392e+02
2.630000e-06	-1.770775e-06	1.197854e-08	-1.240206e+01	7.826210e+02
2.640000e-06	-1.895324e-06	1.163720e-08	-1.327437e+01	7.600589e+02
2.650000e-06	-2.019145e-06	1.126906e-08	-1.414157e+01	7.361326e+02
2.660000e-06	-2.142156e-06	1.087506e-08	-1.500311e+01	7.107088e+02
2.670000e-06	-2.264392e-06	1.045977e-08	-1.585923e+01	6.836460e+02
2.680000e-06	-2.385874e-06	1.001986e-08	-1.671005e+01	6.547969e+02
2.690000e-06	-2.506527e-06	9.550983e-09	-1.755508e+01	6.240068e+02
2.700000e-06	-2.626187e-06	9.052779e-09	-1.839315e+01	5.911077e+02
2.710000e-06	-2.744748e-06	8.522864e-09	-1.922351e+01	5.559098e+02
2.720000e-06	-2.862270e-06	7.951459e-09	-2.004661e+01	5.181951e+02
2.730000e-06	-2.978723e-06	7.330324e-09	-2.086222e+01	4.777147e+02
2.740000e-06	-3.093985e-06	6.658164e-09	-2.166948e+01	4.341949e+02
2.750000e-06	-3.207962e-06	5.941536e-09	-2.246775e+01	3.873534e+02
2.760000e-06	-3.320532e-06	5.178342e-09	-2.325616e+01	3.369254e+02
2.770000e-06	-3.431764e-06	4.357040e-09	-2.403520e+01	2.826978e+02
2.780000e-06	-3.541694e-06	3.470121e-09	-2.480512e+01	2.245476e+02
2.790000e-06	-3.650420e-06	2.518589e-09	-2.556661e+01	1.624778e+02
2.800000e-06	-3.757997e-06	1.516225e-09	-2.632005e+01	9.664660e+01
2.810000e-06	-3.864373e-06	4.707857e-10	-2.706508e+01	2.738440e+01
2.820000e-06	-3.969484e-06	-6.195786e-10	-2.780125e+01	-4.480509e+01
2.830000e-06	-4.073053e-06	-1.754419e-09	-2.852663e+01	-1.192593e+02
2.840000e-06	-4.175034e-06	-2.918295e-09	-2.924087e+01	-1.951866e+02
2.850000e-06	-4.275473e-06	-4.088695e-09	-2.994432e+01	-2.717070e+02
2.860000e-06	-4.374429e-06	-5.254305e-09	-3.063738e+01	-3.479002e+02
2.870000e-06	-4.471936e-06	-6.404456e-09	-3.132030e+01	-4.228553e+02
2.880000e-06	-4.567871e-06	-7.521627e-09	-3.199221e+01	-4.957169e+02
2.890000e-06	-4.662083e-06	-8.591214e-09	-3.265204e+01	-5.657251e+02
2.900000e-06	-4.754643e-06	-9.603982e-09	-3.330031e+01	-6.322450e+02
2.910000e-06	-4.845592e-06	-1.055961e-08	-3.393729e+01	-6.947850e+02
2.920000e-06	-4.934873e-06	-1.145614e-08	-3.456259e+01	-7.530043e+02
2.930000e-06	-5.022396e-06	-1.228383e-08	-3.517558e+01	-8.067097e+02
2.940000e-06	-5.108002e-06	-1.303991e-08	-3.577514e+01	-8.558431e+02
2.950000e-06	-5.191739e-06	-1.372777e-08	-3.636162e+01	-9.004624e+02
2.960000e-06	-5.273770e-06	-1.435043e-08	-3.693614e+01	-9.407191e+02
2.970000e-06	-5.354046e-06	-1.491085e-08	-3.749837e+01	-9.768325e+02
2.980000e-06	-5.432235e-06	-1.541108e-08	-3.804599e+01	-1.009066e+03
2.990000e-06	-5.508200e-06	-1.585396e-08	-3.857803e+01	-1.037707e+03
3.000000e-06	-5.582088e-06	-1.624341e-08	-3.909552e+01	-1.063047e+03
3.010000e-06	-5.654026e-06	-1.658717e-08	-3.959936e+01	-1.085377e+03
3.020000e-06	-5.723847e-06	-1.689097e-08	-4.008837e+01	-1.104974e+03
3.030000e-06	-5.791525e-06	-1.715647e-08	-4.056236e+01	-1.122103e+03
3.040000e-06	-5.857284e-06	-1.738779e-08	-4.102293e+01	-1.137021e+03
3.050000e-06	-5.921112e-06	-1.758732e-08	-4.146996e+01	-1.149973e+03
3.060000e-06	-5.982735e-06	-1.776200e-08	-4.190155e+01	-1.161195e+03
3.070000e-06	-6.042072e-06	-1.791379e-08	-4.231713e+01	-1.170914e+03
3.080000e-06	-6.099289e-06	-1.804575e-08	-4.271786e+01	-1.179344e+03
3.090000e-06	-6.154418e-06	-1.816022e-08	-4.310398e+01	-1.186679e+03
3.100000e-06	-6.207155e-06	-1.826006e-08	-4.347333e+01	-1.193087e+03
3.110000e-06	-6.257273e-06	-1.834571e-08	-4.382435e+01	-1.198711e+03
3.120000e-06	-6.304842e-06	-1.842066e-08	-4.415751e+01	-1.203661e+03
3.130000e-06	-6.350181e-06	-1.848702e-08	-4.447505e+01	-1.208024e+03
3.140000e-06	-6.393566e-06	-1.854485e-08	-4.477891e+01	-1.211864e+03
3.150000e-06	-6.434860e-06	-1.859475e-08	-4.506812e+01	-1.215233e+03
3.160000e-06	-6.473905e-06	-1.864052e-08	-4.534158e+01	-1.218182e+03
3.170000e-06	-6.510624e-06	-1.868323e-08	-4.559875e+01	-1.220761e+03
3.180000e-06	-6.545088e-06	-1.871899e-08	-4.584013e+01	-1.223027e+03
3.190000e-06	-6.577297e-06	-1.875095e-08	-4.606571e+01	-1.225039e+03
3.200000e-06	-6.607029e-06	-1.877886e-08	-4.627395e+01	-1.226854e+03
3.210000e-06	-6.634355e-06	-1.880367e-08	-4.646533e+01	-1.228519e+03
3.220000e-06	-6.659460e-06	-1.882809e-08	-4.664116e+01	-1.230063e+03
3.230000e-06	-6.682199e-06	-1.885182e-08	-4.680042e+01	-1.231498e+03
3.240000e-06	-6.702517e-06	-1.887058e-08	-4.694272e+01	-1.232813e+03
3.250000e-06	-6.720567e-06	-1.888412e-08	-4.706914e+01	-1.233988e+03
3.260000e-06	-6.736276e-06	-1.889541e-08	-4.717916e+01	-1.234998e+03
3.270000e-06	-6.749299e-06	-1.890736e-08	-4.727037e+01	-1.235828e+03
3.280000e-06	-6.759672e-06	-1.891809e-08	-4.734302e+01	-1.236478e+03
3.290000e-06	-6.767680e-06	-1.892641e-08	-4.739910e+01	-1.236971e+03
3.300000e-06	-6.773194e-06	-1.893366e-08	-4.743773e+01	-1.237350e+03
3.310000e-06	-6.776334e-06	-1.894090e-08	-4.745972e+01	-1.237666e+03
3.320000e-06	-6.777286e-06	-1.894546e-08	-4.746638e+01	-1.237966e+03
