# Temperatura_=_27.14
# Concentracion g/m^3_=_24000.0
# C_Vs_to_Am_M_A/Vsm_=_65563218390.804596
# pendiente_HvsI_1/m_=_3716.3
# ordenada_HvsI_A/m_=_1297.0
# frecuencia_Hz_=_300842.14597206085

Tiempo_(s)	Campo_(V.s)	Magnetizacion_(V.s)	Campo_(kA/m)	Magnetizacion_(A/m)
0.000000e+00	-5.386570e-06	-9.718828e-09	-3.832102e+01	-6.349200e+02
1.000000e-08	-5.384232e-06	-9.725207e-09	-3.830439e+01	-6.352918e+02
2.000000e-08	-5.380085e-06	-9.727868e-09	-3.827489e+01	-6.355316e+02
3.000000e-08	-5.374321e-06	-9.726823e-09	-3.823388e+01	-6.356434e+02
4.000000e-08	-5.366939e-06	-9.723704e-09	-3.818136e+01	-6.356285e+02
5.000000e-08	-5.357708e-06	-9.720261e-09	-3.811569e+01	-6.354863e+02
6.000000e-08	-5.346401e-06	-9.715607e-09	-3.803525e+01	-6.352144e+02
7.000000e-08	-5.333192e-06	-9.709037e-09	-3.794128e+01	-6.348103e+02
8.000000e-08	-5.317859e-06	-9.707286e-09	-3.783220e+01	-6.342730e+02
9.000000e-08	-5.300194e-06	-9.712263e-09	-3.770652e+01	-6.336041e+02
1.000000e-07	-5.280507e-06	-9.700147e-09	-3.756647e+01	-6.328089e+02
1.100000e-07	-5.258986e-06	-9.667300e-09	-3.741336e+01	-6.318954e+02
1.200000e-07	-5.235818e-06	-9.634065e-09	-3.724854e+01	-6.308735e+02
1.300000e-07	-5.211206e-06	-9.614730e-09	-3.707345e+01	-6.297533e+02
1.400000e-07	-5.184944e-06	-9.633609e-09	-3.688662e+01	-6.285429e+02
1.500000e-07	-5.156880e-06	-9.624793e-09	-3.668696e+01	-6.272477e+02
1.600000e-07	-5.127300e-06	-9.559250e-09	-3.647653e+01	-6.258692e+02
1.700000e-07	-5.096263e-06	-9.538463e-09	-3.625573e+01	-6.244063e+02
1.800000e-07	-5.063256e-06	-9.552710e-09	-3.602091e+01	-6.228555e+02
1.900000e-07	-5.028280e-06	-9.555278e-09	-3.577208e+01	-6.212134e+02
2.000000e-07	-4.991743e-06	-9.535761e-09	-3.551215e+01	-6.194776e+02
2.100000e-07	-4.953477e-06	-9.439566e-09	-3.523992e+01	-6.176473e+02
2.200000e-07	-4.913413e-06	-9.361556e-09	-3.495490e+01	-6.157236e+02
2.300000e-07	-4.871454e-06	-9.400759e-09	-3.465639e+01	-6.137078e+02
2.400000e-07	-4.827591e-06	-9.415272e-09	-3.434434e+01	-6.115997e+02
2.500000e-07	-4.782063e-06	-9.326600e-09	-3.402045e+01	-6.093961e+02
2.600000e-07	-4.734685e-06	-9.223158e-09	-3.368339e+01	-6.070895e+02
2.700000e-07	-4.685266e-06	-9.187386e-09	-3.333182e+01	-6.046679e+02
2.800000e-07	-4.633771e-06	-9.218585e-09	-3.296547e+01	-6.021162e+02
2.900000e-07	-4.580395e-06	-9.221413e-09	-3.258575e+01	-5.994183e+02
3.000000e-07	-4.525466e-06	-9.130860e-09	-3.219497e+01	-5.965606e+02
3.100000e-07	-4.468972e-06	-9.017271e-09	-3.179307e+01	-5.935350e+02
3.200000e-07	-4.410710e-06	-8.977696e-09	-3.137858e+01	-5.903405e+02
3.300000e-07	-4.350825e-06	-8.984393e-09	-3.095254e+01	-5.869850e+02
3.400000e-07	-4.289512e-06	-8.935929e-09	-3.051635e+01	-5.834831e+02
3.500000e-07	-4.226761e-06	-8.835396e-09	-3.006993e+01	-5.798542e+02
3.600000e-07	-4.162599e-06	-8.758707e-09	-2.961347e+01	-5.761187e+02
3.700000e-07	-4.096819e-06	-8.726771e-09	-2.914550e+01	-5.722940e+02
3.800000e-07	-4.029353e-06	-8.693692e-09	-2.866554e+01	-5.683914e+02
3.900000e-07	-3.960463e-06	-8.609614e-09	-2.817544e+01	-5.644144e+02
4.000000e-07	-3.890261e-06	-8.521827e-09	-2.767601e+01	-5.603588e+02
4.100000e-07	-3.818808e-06	-8.472294e-09	-2.716768e+01	-5.562146e+02
4.200000e-07	-3.746024e-06	-8.433393e-09	-2.664988e+01	-5.519689e+02
4.300000e-07	-3.671596e-06	-8.365112e-09	-2.612039e+01	-5.476096e+02
4.400000e-07	-3.595580e-06	-8.267460e-09	-2.557960e+01	-5.431284e+02
4.500000e-07	-3.518134e-06	-8.185712e-09	-2.502863e+01	-5.385226e+02
4.600000e-07	-3.439175e-06	-8.131269e-09	-2.446690e+01	-5.337952e+02
4.700000e-07	-3.358845e-06	-8.075199e-09	-2.389543e+01	-5.289538e+02
4.800000e-07	-3.277272e-06	-7.995885e-09	-2.331509e+01	-5.240082e+02
4.900000e-07	-3.194526e-06	-7.911783e-09	-2.272643e+01	-5.189672e+02
5.000000e-07	-3.110834e-06	-7.836250e-09	-2.213103e+01	-5.138366e+02
5.100000e-07	-3.026338e-06	-7.750024e-09	-2.152991e+01	-5.086175e+02
5.200000e-07	-2.940910e-06	-7.656278e-09	-2.092216e+01	-5.033066e+02
5.300000e-07	-2.854429e-06	-7.577285e-09	-2.030691e+01	-4.978973e+02
5.400000e-07	-2.767049e-06	-7.506291e-09	-1.968528e+01	-4.923821e+02
5.500000e-07	-2.678895e-06	-7.421270e-09	-1.905813e+01	-4.867552e+02
5.600000e-07	-2.589683e-06	-7.322765e-09	-1.842346e+01	-4.810144e+02
5.700000e-07	-2.499217e-06	-7.226647e-09	-1.777988e+01	-4.751617e+02
5.800000e-07	-2.407732e-06	-7.139313e-09	-1.712903e+01	-4.692034e+02
5.900000e-07	-2.315487e-06	-7.053071e-09	-1.647279e+01	-4.631482e+02
6.000000e-07	-2.222555e-06	-6.955869e-09	-1.581165e+01	-4.570048e+02
6.100000e-07	-2.128886e-06	-6.849502e-09	-1.514527e+01	-4.507794e+02
6.200000e-07	-2.034451e-06	-6.751330e-09	-1.447344e+01	-4.444737e+02
6.300000e-07	-1.939328e-06	-6.664670e-09	-1.379673e+01	-4.380845e+02
6.400000e-07	-1.843608e-06	-6.567860e-09	-1.311576e+01	-4.316035e+02
6.500000e-07	-1.747217e-06	-6.451301e-09	-1.243001e+01	-4.250197e+02
6.600000e-07	-1.650021e-06	-6.342218e-09	-1.173854e+01	-4.183209e+02
6.700000e-07	-1.552015e-06	-6.257818e-09	-1.104131e+01	-4.114969e+02
6.800000e-07	-1.453350e-06	-6.166793e-09	-1.033939e+01	-4.045409e+02
6.900000e-07	-1.354163e-06	-6.042567e-09	-9.633758e+00	-3.974504e+02
7.000000e-07	-1.254539e-06	-5.909391e-09	-8.925012e+00	-3.902269e+02
7.100000e-07	-1.154554e-06	-5.803312e-09	-8.213704e+00	-3.828744e+02
7.200000e-07	-1.054225e-06	-5.709735e-09	-7.499943e+00	-3.753972e+02
7.300000e-07	-9.535920e-07	-5.595588e-09	-6.784024e+00	-3.677975e+02
7.400000e-07	-8.526575e-07	-5.460972e-09	-6.065958e+00	-3.600740e+02
7.500000e-07	-7.513898e-07	-5.332703e-09	-5.345521e+00	-3.522202e+02
7.600000e-07	-6.498183e-07	-5.219851e-09	-4.622923e+00	-3.442248e+02
7.700000e-07	-5.480213e-07	-5.105471e-09	-3.898721e+00	-3.360726e+02
7.800000e-07	-4.460500e-07	-4.976420e-09	-3.173279e+00	-3.277455e+02
7.900000e-07	-3.439184e-07	-4.836491e-09	-2.446697e+00	-3.192244e+02
8.000000e-07	-2.416729e-07	-4.703288e-09	-1.719304e+00	-3.104900e+02
8.100000e-07	-1.393287e-07	-4.578440e-09	-9.912089e-01	-3.015241e+02
8.200000e-07	-3.690664e-08	-4.441864e-09	-2.625604e-01	-2.923092e+02
8.300000e-07	6.551586e-08	-4.283034e-09	4.660915e-01	-2.828282e+02
8.400000e-07	1.678890e-07	-4.124698e-09	1.194393e+00	-2.730635e+02
8.500000e-07	2.702033e-07	-3.983173e-09	1.922275e+00	-2.629967e+02
8.600000e-07	3.724570e-07	-3.837636e-09	2.649725e+00	-2.526081e+02
8.700000e-07	4.745823e-07	-3.668252e-09	3.376263e+00	-2.418768e+02
8.800000e-07	5.764956e-07	-3.484909e-09	4.101292e+00	-2.307816e+02
8.900000e-07	6.781905e-07	-3.306305e-09	4.824768e+00	-2.193022e+02
9.000000e-07	7.796574e-07	-3.132295e-09	5.546622e+00	-2.074201e+02
9.100000e-07	8.808023e-07	-2.949444e-09	6.266185e+00	-1.951199e+02
9.200000e-07	9.815855e-07	-2.751846e-09	6.983175e+00	-1.823899e+02
9.300000e-07	1.082094e-06	-2.547484e-09	7.698211e+00	-1.692225e+02
9.400000e-07	1.182326e-06	-2.343390e-09	8.411282e+00	-1.556141e+02
9.500000e-07	1.282246e-06	-2.133685e-09	9.122124e+00	-1.415652e+02
9.600000e-07	1.381832e-06	-1.911492e-09	9.830598e+00	-1.270797e+02
9.700000e-07	1.480969e-06	-1.679626e-09	1.053588e+01	-1.121646e+02
9.800000e-07	1.579520e-06	-1.446062e-09	1.123698e+01	-9.683054e+01
9.900000e-07	1.677259e-06	-1.208584e-09	1.193232e+01	-8.109109e+01
1.000000e-06	1.774141e-06	-9.623143e-10	1.262156e+01	-6.496311e+01
1.010000e-06	1.870310e-06	-7.070746e-10	1.330572e+01	-4.846649e+01
1.020000e-06	1.965757e-06	-4.469172e-10	1.398474e+01	-3.162380e+01
1.030000e-06	2.060517e-06	-1.880564e-10	1.465889e+01	-1.445971e+01
1.040000e-06	2.154649e-06	7.283422e-11	1.532856e+01	2.999693e+00
1.050000e-06	2.248031e-06	3.404894e-10	1.599289e+01	2.072752e+01
1.060000e-06	2.340653e-06	6.153294e-10	1.665183e+01	3.869650e+01
1.070000e-06	2.432640e-06	8.932752e-10	1.730623e+01	5.687899e+01
1.080000e-06	2.523926e-06	1.175077e-09	1.795566e+01	7.524657e+01
1.090000e-06	2.614194e-06	1.459790e-09	1.859784e+01	9.376939e+01
1.100000e-06	2.703245e-06	1.744029e-09	1.923137e+01	1.124154e+02
1.110000e-06	2.791273e-06	2.027574e-09	1.985761e+01	1.311498e+02
1.120000e-06	2.878395e-06	2.311501e-09	2.047742e+01	1.499348e+02
1.130000e-06	2.964521e-06	2.597892e-09	2.109013e+01	1.687305e+02
1.140000e-06	3.049713e-06	2.884240e-09	2.169620e+01	1.874954e+02
1.150000e-06	3.134022e-06	3.166105e-09	2.229599e+01	2.061884e+02
1.160000e-06	3.217338e-06	3.446045e-09	2.288872e+01	2.247701e+02
1.170000e-06	3.299485e-06	3.727669e-09	2.347313e+01	2.432037e+02
1.180000e-06	3.380366e-06	4.007389e-09	2.404852e+01	2.614559e+02
1.190000e-06	3.460015e-06	4.281514e-09	2.461517e+01	2.794962e+02
1.200000e-06	3.538413e-06	4.550313e-09	2.517290e+01	2.972958e+02
1.210000e-06	3.615501e-06	4.815511e-09	2.572132e+01	3.148263e+02
1.220000e-06	3.691324e-06	5.077041e-09	2.626074e+01	3.320575e+02
1.230000e-06	3.765703e-06	5.331817e-09	2.678988e+01	3.489564e+02
1.240000e-06	3.838419e-06	5.579480e-09	2.730720e+01	3.654867e+02
1.250000e-06	3.909721e-06	5.822428e-09	2.781445e+01	3.816092e+02
1.260000e-06	3.979701e-06	6.061484e-09	2.831230e+01	3.972836e+02
1.270000e-06	4.048327e-06	6.296264e-09	2.880052e+01	4.124705e+02
1.280000e-06	4.115658e-06	6.521072e-09	2.927953e+01	4.271336e+02
1.290000e-06	4.181398e-06	6.732012e-09	2.974721e+01	4.412418e+02
1.300000e-06	4.245444e-06	6.931215e-09	3.020285e+01	4.547704e+02
1.310000e-06	4.308068e-06	7.123621e-09	3.064836e+01	4.677017e+02
1.320000e-06	4.369351e-06	7.308464e-09	3.108434e+01	4.800236e+02
1.330000e-06	4.429293e-06	7.484480e-09	3.151078e+01	4.917293e+02
1.340000e-06	4.487606e-06	7.652701e-09	3.192563e+01	5.028158e+02
1.350000e-06	4.544037e-06	7.813594e-09	3.232709e+01	5.132828e+02
1.360000e-06	4.598825e-06	7.966375e-09	3.271686e+01	5.231330e+02
1.370000e-06	4.652087e-06	8.108865e-09	3.309578e+01	5.323726e+02
1.380000e-06	4.703525e-06	8.237862e-09	3.346172e+01	5.410123e+02
1.390000e-06	4.752838e-06	8.356137e-09	3.381254e+01	5.490692e+02
1.400000e-06	4.800229e-06	8.468458e-09	3.414969e+01	5.565671e+02
1.410000e-06	4.845960e-06	8.574351e-09	3.447503e+01	5.635369e+02
1.420000e-06	4.890179e-06	8.671612e-09	3.478961e+01	5.700156e+02
1.430000e-06	4.932753e-06	8.760200e-09	3.509249e+01	5.760434e+02
1.440000e-06	4.973364e-06	8.843470e-09	3.538140e+01	5.816610e+02
1.450000e-06	5.012185e-06	8.923462e-09	3.565758e+01	5.869058e+02
1.460000e-06	5.049415e-06	9.000081e-09	3.592244e+01	5.918093e+02
1.470000e-06	5.085048e-06	9.070790e-09	3.617594e+01	5.963952e+02
1.480000e-06	5.118785e-06	9.135350e-09	3.641595e+01	6.006792e+02
1.490000e-06	5.150572e-06	9.194922e-09	3.664209e+01	6.046700e+02
1.500000e-06	5.180664e-06	9.250303e-09	3.685617e+01	6.083723e+02
1.510000e-06	5.209130e-06	9.301426e-09	3.705868e+01	6.117895e+02
1.520000e-06	5.235714e-06	9.346888e-09	3.724780e+01	6.149270e+02
1.530000e-06	5.260178e-06	9.388756e-09	3.742184e+01	6.177938e+02
1.540000e-06	5.282734e-06	9.428551e-09	3.758231e+01	6.204037e+02
1.550000e-06	5.303599e-06	9.464033e-09	3.773075e+01	6.227744e+02
1.560000e-06	5.322796e-06	9.495652e-09	3.786732e+01	6.249261e+02
1.570000e-06	5.340070e-06	9.523725e-09	3.799021e+01	6.268787e+02
1.580000e-06	5.355276e-06	9.549864e-09	3.809839e+01	6.286496e+02
1.590000e-06	5.368556e-06	9.574334e-09	3.819286e+01	6.302523e+02
1.600000e-06	5.379787e-06	9.595600e-09	3.827276e+01	6.316953e+02
1.610000e-06	5.388814e-06	9.613562e-09	3.833698e+01	6.329832e+02
1.620000e-06	5.395902e-06	9.629896e-09	3.838741e+01	6.341175e+02
1.630000e-06	5.401191e-06	9.644913e-09	3.842504e+01	6.350989e+02
1.640000e-06	5.404631e-06	9.658444e-09	3.844951e+01	6.359285e+02
1.650000e-06	5.406106e-06	9.671292e-09	3.846000e+01	6.366092e+02
1.660000e-06	5.405656e-06	9.681040e-09	3.845680e+01	6.371455e+02
1.670000e-06	5.403480e-06	9.687896e-09	3.844132e+01	6.375433e+02
1.680000e-06	5.399714e-06	9.692648e-09	3.841453e+01	6.378082e+02
1.690000e-06	5.394240e-06	9.695132e-09	3.837559e+01	6.379444e+02
1.700000e-06	5.386859e-06	9.696257e-09	3.832307e+01	6.379539e+02
1.710000e-06	5.377777e-06	9.694063e-09	3.825847e+01	6.378364e+02
1.720000e-06	5.367047e-06	9.690084e-09	3.818213e+01	6.375897e+02
1.730000e-06	5.354544e-06	9.685856e-09	3.809318e+01	6.372111e+02
1.740000e-06	5.340017e-06	9.668540e-09	3.798983e+01	6.366993e+02
1.750000e-06	5.323275e-06	9.643888e-09	3.787073e+01	6.360554e+02
1.760000e-06	5.304257e-06	9.639445e-09	3.773543e+01	6.352840e+02
1.770000e-06	5.282736e-06	9.650171e-09	3.758233e+01	6.343928e+02
1.780000e-06	5.259149e-06	9.661185e-09	3.741453e+01	6.333913e+02
1.790000e-06	5.234485e-06	9.620511e-09	3.723906e+01	6.322897e+02
1.800000e-06	5.208792e-06	9.549087e-09	3.705628e+01	6.310968e+02
1.810000e-06	5.181302e-06	9.551565e-09	3.686071e+01	6.298183e+02
1.820000e-06	5.151835e-06	9.555342e-09	3.665107e+01	6.284565e+02
1.830000e-06	5.120607e-06	9.516803e-09	3.642891e+01	6.270106e+02
1.840000e-06	5.087464e-06	9.490439e-09	3.619313e+01	6.254776e+02
1.850000e-06	5.052581e-06	9.444335e-09	3.594496e+01	6.238538e+02
1.860000e-06	5.016156e-06	9.436268e-09	3.568583e+01	6.221366e+02
1.870000e-06	4.977764e-06	9.466037e-09	3.541270e+01	6.203250e+02
1.880000e-06	4.937575e-06	9.397358e-09	3.512679e+01	6.184197e+02
1.890000e-06	4.895644e-06	9.313399e-09	3.482849e+01	6.164220e+02
1.900000e-06	4.851982e-06	9.330359e-09	3.451787e+01	6.143323e+02
1.910000e-06	4.806831e-06	9.366533e-09	3.419665e+01	6.121480e+02
1.920000e-06	4.759839e-06	9.352239e-09	3.386235e+01	6.098624e+02
1.930000e-06	4.711015e-06	9.248701e-09	3.351500e+01	6.074642e+02
1.940000e-06	4.660488e-06	9.146281e-09	3.315554e+01	6.049386e+02
1.950000e-06	4.608175e-06	9.158220e-09	3.278338e+01	6.022697e+02
1.960000e-06	4.553951e-06	9.180085e-09	3.239762e+01	5.994432e+02
1.970000e-06	4.497825e-06	9.135665e-09	3.199833e+01	5.964496e+02
1.980000e-06	4.440108e-06	9.021943e-09	3.158772e+01	5.932868e+02
1.990000e-06	4.380947e-06	8.945375e-09	3.116684e+01	5.899609e+02
2.000000e-06	4.320285e-06	8.956641e-09	3.073528e+01	5.864856e+02
2.010000e-06	4.257961e-06	8.929331e-09	3.029190e+01	5.828797e+02
2.020000e-06	4.193963e-06	8.846149e-09	2.983660e+01	5.791636e+02
2.030000e-06	4.128483e-06	8.736956e-09	2.937076e+01	5.753556e+02
2.040000e-06	4.061563e-06	8.696314e-09	2.889469e+01	5.714682e+02
2.050000e-06	3.993302e-06	8.708330e-09	2.840907e+01	5.675064e+02
2.060000e-06	3.923540e-06	8.635967e-09	2.791277e+01	5.634672e+02
2.070000e-06	3.852141e-06	8.516962e-09	2.740482e+01	5.593415e+02
2.080000e-06	3.779390e-06	8.424045e-09	2.688726e+01	5.551167e+02
2.090000e-06	3.705297e-06	8.407650e-09	2.636014e+01	5.507802e+02
2.100000e-06	3.629797e-06	8.385536e-09	2.582302e+01	5.463230e+02
2.110000e-06	3.552772e-06	8.287469e-09	2.527505e+01	5.417411e+02
2.120000e-06	3.474135e-06	8.187598e-09	2.471562e+01	5.370368e+02
2.130000e-06	3.394240e-06	8.102993e-09	2.414723e+01	5.322169e+02
2.140000e-06	3.313224e-06	8.038879e-09	2.357087e+01	5.272909e+02
2.150000e-06	3.231058e-06	7.969326e-09	2.298632e+01	5.222682e+02
2.160000e-06	3.147867e-06	7.909079e-09	2.239449e+01	5.171552e+02
2.170000e-06	3.063743e-06	7.841940e-09	2.179601e+01	5.119538e+02
2.180000e-06	2.978434e-06	7.736964e-09	2.118911e+01	5.066615e+02
2.190000e-06	2.891751e-06	7.641547e-09	2.057244e+01	5.012721e+02
2.200000e-06	2.804000e-06	7.565823e-09	1.994815e+01	4.957781e+02
2.210000e-06	2.715380e-06	7.497762e-09	1.931770e+01	4.901733e+02
2.220000e-06	2.625908e-06	7.407113e-09	1.868118e+01	4.844545e+02
2.230000e-06	2.535529e-06	7.313424e-09	1.803821e+01	4.786233e+02
2.240000e-06	2.444307e-06	7.227826e-09	1.738924e+01	4.726851e+02
2.250000e-06	2.352405e-06	7.136366e-09	1.673543e+01	4.666483e+02
2.260000e-06	2.259790e-06	7.047706e-09	1.607655e+01	4.605219e+02
2.270000e-06	2.166217e-06	6.954025e-09	1.541085e+01	4.543126e+02
2.280000e-06	2.071532e-06	6.851495e-09	1.473725e+01	4.480232e+02
2.290000e-06	1.975961e-06	6.752072e-09	1.405734e+01	4.416511e+02
2.300000e-06	1.879831e-06	6.677204e-09	1.337345e+01	4.351891e+02
2.310000e-06	1.783213e-06	6.592106e-09	1.268610e+01	4.286263e+02
2.320000e-06	1.685979e-06	6.461200e-09	1.199436e+01	4.219507e+02
2.330000e-06	1.588124e-06	6.325445e-09	1.129819e+01	4.151514e+02
2.340000e-06	1.489717e-06	6.236919e-09	1.059811e+01	4.082211e+02
2.350000e-06	1.390856e-06	6.168006e-09	9.894796e+00	4.011564e+02
2.360000e-06	1.291641e-06	6.056304e-09	9.188966e+00	3.939582e+02
2.370000e-06	1.192061e-06	5.914917e-09	8.480538e+00	3.866302e+02
2.380000e-06	1.092168e-06	5.793820e-09	7.769878e+00	3.791768e+02
2.390000e-06	9.919794e-07	5.701252e-09	7.057119e+00	3.716008e+02
2.400000e-06	8.914098e-07	5.599267e-09	6.341648e+00	3.639015e+02
2.410000e-06	7.904670e-07	5.468137e-09	5.623523e+00	3.560734e+02
2.420000e-06	6.891737e-07	5.326695e-09	4.902905e+00	3.481062e+02
2.430000e-06	5.875494e-07	5.203334e-09	4.179931e+00	3.399851e+02
2.440000e-06	4.856702e-07	5.095979e-09	3.455145e+00	3.316924e+02
2.450000e-06	3.835819e-07	4.972554e-09	2.728870e+00	3.232091e+02
2.460000e-06	2.812767e-07	4.822133e-09	2.001053e+00	3.145159e+02
2.470000e-06	1.787578e-07	4.673423e-09	1.271715e+00	3.055945e+02
2.480000e-06	7.613590e-08	4.550495e-09	5.416444e-01	2.964271e+02
2.490000e-06	-2.644568e-08	4.429263e-09	-1.881393e-01	2.869966e+02
2.500000e-06	-1.289930e-07	4.274982e-09	-9.176792e-01	2.772857e+02
2.510000e-06	-2.314529e-07	4.097154e-09	-1.646597e+00	2.672761e+02
2.520000e-06	-3.336942e-07	3.932443e-09	-2.373960e+00	2.569482e+02
2.530000e-06	-4.357683e-07	3.787113e-09	-3.100134e+00	2.462814e+02
2.540000e-06	-5.376495e-07	3.632841e-09	-3.824934e+00	2.352546e+02
2.550000e-06	-6.392997e-07	3.454462e-09	-4.548092e+00	2.238470e+02
2.560000e-06	-7.406183e-07	3.264070e-09	-5.268891e+00	2.120399e+02
2.570000e-06	-8.415199e-07	3.078182e-09	-5.986723e+00	1.998171e+02
2.580000e-06	-9.420899e-07	2.894133e-09	-6.702196e+00	1.871663e+02
2.590000e-06	-1.042344e-06	2.696729e-09	-7.415421e+00	1.740791e+02
2.600000e-06	-1.142246e-06	2.484455e-09	-8.126140e+00	1.605514e+02
2.610000e-06	-1.241758e-06	2.267488e-09	-8.834088e+00	1.465828e+02
2.620000e-06	-1.340867e-06	2.049674e-09	-9.539170e+00	1.321766e+02
2.630000e-06	-1.439569e-06	1.824042e-09	-1.024135e+01	1.173393e+02
2.640000e-06	-1.537802e-06	1.588257e-09	-1.094019e+01	1.020810e+02
2.650000e-06	-1.635432e-06	1.346389e-09	-1.163475e+01	8.641456e+01
2.660000e-06	-1.732495e-06	1.102111e-09	-1.232528e+01	7.035638e+01
2.670000e-06	-1.829067e-06	8.571637e-10	-1.301231e+01	5.392580e+01
2.680000e-06	-1.925166e-06	6.065128e-10	-1.369598e+01	3.714494e+01
2.690000e-06	-2.020759e-06	3.456422e-10	-1.437604e+01	2.003815e+01
2.700000e-06	-2.115616e-06	7.493213e-11	-1.505087e+01	2.631322e+00
2.710000e-06	-2.209470e-06	-2.002878e-10	-1.571856e+01	-1.504877e+01
2.720000e-06	-2.302291e-06	-4.755900e-10	-1.637891e+01	-3.297491e+01
2.730000e-06	-2.394241e-06	-7.526502e-10	-1.703306e+01	-5.111953e+01
2.740000e-06	-2.485374e-06	-1.029710e-09	-1.768139e+01	-6.945441e+01
2.750000e-06	-2.575635e-06	-1.310782e-09	-1.832353e+01	-8.794999e+01
2.760000e-06	-2.664994e-06	-1.598818e-09	-1.895924e+01	-1.065747e+02
2.770000e-06	-2.753468e-06	-1.887119e-09	-1.958866e+01	-1.252942e+02
2.780000e-06	-2.841117e-06	-2.169984e-09	-2.021221e+01	-1.440712e+02
2.790000e-06	-2.927789e-06	-2.451394e-09	-2.082882e+01	-1.628662e+02
2.800000e-06	-3.013235e-06	-2.739367e-09	-2.143669e+01	-1.816379e+02
2.810000e-06	-3.097464e-06	-3.031147e-09	-2.203591e+01	-2.003449e+02
2.820000e-06	-3.180640e-06	-3.319121e-09	-2.262764e+01	-2.189475e+02
2.830000e-06	-3.262778e-06	-3.602034e-09	-2.321199e+01	-2.374083e+02
2.840000e-06	-3.343843e-06	-3.882631e-09	-2.378870e+01	-2.556934e+02
2.850000e-06	-3.423826e-06	-4.161623e-09	-2.435771e+01	-2.737718e+02
2.860000e-06	-3.502477e-06	-4.435028e-09	-2.491725e+01	-2.916147e+02
2.870000e-06	-3.579626e-06	-4.701555e-09	-2.546610e+01	-3.091937e+02
2.880000e-06	-3.655316e-06	-4.962950e-09	-2.600457e+01	-3.264788e+02
2.890000e-06	-3.729589e-06	-5.223878e-09	-2.653296e+01	-3.434378e+02
2.900000e-06	-3.802474e-06	-5.483778e-09	-2.705148e+01	-3.600349e+02
2.910000e-06	-3.874116e-06	-5.734245e-09	-2.756115e+01	-3.762314e+02
2.920000e-06	-3.944445e-06	-5.972553e-09	-2.806149e+01	-3.919870e+02
2.930000e-06	-4.013207e-06	-6.203674e-09	-2.855067e+01	-4.072620e+02
2.940000e-06	-4.080521e-06	-6.433853e-09	-2.902955e+01	-4.220192e+02
2.950000e-06	-4.146470e-06	-6.658966e-09	-2.949873e+01	-4.362267e+02
2.960000e-06	-4.211040e-06	-6.870572e-09	-2.995809e+01	-4.498586e+02
2.970000e-06	-4.274260e-06	-7.068384e-09	-3.040785e+01	-4.628957e+02
2.980000e-06	-4.335812e-06	-7.257819e-09	-3.084574e+01	-4.753253e+02
2.990000e-06	-4.395636e-06	-7.440645e-09	-3.127134e+01	-4.871396e+02
3.000000e-06	-4.454001e-06	-7.613578e-09	-3.168656e+01	-4.983349e+02
3.010000e-06	-4.510895e-06	-7.775250e-09	-3.209131e+01	-5.089106e+02
3.020000e-06	-4.566163e-06	-7.927415e-09	-3.248450e+01	-5.188689e+02
3.030000e-06	-4.619505e-06	-8.071867e-09	-3.286399e+01	-5.282151e+02
3.040000e-06	-4.670932e-06	-8.208515e-09	-3.322984e+01	-5.369591e+02
3.050000e-06	-4.720488e-06	-8.334535e-09	-3.358240e+01	-5.451167e+02
3.060000e-06	-4.768075e-06	-8.448792e-09	-3.392093e+01	-5.527105e+02
3.070000e-06	-4.813950e-06	-8.555177e-09	-3.424730e+01	-5.597703e+02
3.080000e-06	-4.858381e-06	-8.657531e-09	-3.456339e+01	-5.663320e+02
3.090000e-06	-4.901343e-06	-8.754161e-09	-3.486903e+01	-5.724355e+02
3.100000e-06	-4.942718e-06	-8.842003e-09	-3.516338e+01	-5.781217e+02
3.110000e-06	-4.982496e-06	-8.921631e-09	-3.544637e+01	-5.834287e+02
3.120000e-06	-5.020396e-06	-8.996138e-09	-3.571599e+01	-5.883894e+02
3.130000e-06	-5.056386e-06	-9.067490e-09	-3.597203e+01	-5.930289e+02
3.140000e-06	-5.090643e-06	-9.135957e-09	-3.621574e+01	-5.973641e+02
3.150000e-06	-5.123192e-06	-9.200169e-09	-3.644730e+01	-6.014051e+02
3.160000e-06	-5.153863e-06	-9.258460e-09	-3.666550e+01	-6.051569e+02
3.170000e-06	-5.182538e-06	-9.309857e-09	-3.686950e+01	-6.086229e+02
3.180000e-06	-5.209457e-06	-9.356841e-09	-3.706100e+01	-6.118080e+02
3.190000e-06	-5.234627e-06	-9.401694e-09	-3.724007e+01	-6.147205e+02
3.200000e-06	-5.257974e-06	-9.444440e-09	-3.740616e+01	-6.173732e+02
3.210000e-06	-5.279339e-06	-9.485720e-09	-3.755816e+01	-6.197835e+02
3.220000e-06	-5.298787e-06	-9.521931e-09	-3.769652e+01	-6.219710e+02
3.230000e-06	-5.316514e-06	-9.553244e-09	-3.782263e+01	-6.239560e+02
3.240000e-06	-5.332450e-06	-9.580069e-09	-3.793600e+01	-6.257564e+02
3.250000e-06	-5.346208e-06	-9.603867e-09	-3.803388e+01	-6.273866e+02
3.260000e-06	-5.357738e-06	-9.627664e-09	-3.811591e+01	-6.288559e+02
3.270000e-06	-5.367394e-06	-9.648891e-09	-3.818460e+01	-6.301695e+02
3.280000e-06	-5.375226e-06	-9.665841e-09	-3.824032e+01	-6.313294e+02
3.290000e-06	-5.381059e-06	-9.680200e-09	-3.828181e+01	-6.323363e+02
3.300000e-06	-5.384954e-06	-9.693330e-09	-3.830952e+01	-6.331910e+02
3.310000e-06	-5.387087e-06	-9.704045e-09	-3.832470e+01	-6.338962e+02
3.320000e-06	-5.387458e-06	-9.711764e-09	-3.832734e+01	-6.344561e+02
