# Temperatura_=_41.46
# Concentracion g/m^3_=_24000.0
# C_Vs_to_Am_M_A/Vsm_=_65563218390.804596
# pendiente_HvsI_1/m_=_3716.3
# ordenada_HvsI_A/m_=_1297.0
# frecuencia_Hz_=_300841.4038572623

Tiempo_(s)	Campo_(V.s)	Magnetizacion_(V.s)	Campo_(kA/m)	Magnetizacion_(A/m)
0.000000e+00	-5.401786e-06	-1.038520e-08	-3.831663e+01	-6.787348e+02
1.000000e-08	-5.399450e-06	-1.039147e-08	-3.830006e+01	-6.792110e+02
2.000000e-08	-5.395279e-06	-1.039665e-08	-3.827048e+01	-6.795726e+02
3.000000e-08	-5.389452e-06	-1.039821e-08	-3.822915e+01	-6.798177e+02
4.000000e-08	-5.382032e-06	-1.039886e-08	-3.817652e+01	-6.799388e+02
5.000000e-08	-5.372777e-06	-1.039990e-08	-3.811086e+01	-6.799247e+02
6.000000e-08	-5.361433e-06	-1.039875e-08	-3.803040e+01	-6.797642e+02
7.000000e-08	-5.348127e-06	-1.040140e-08	-3.793601e+01	-6.794504e+02
8.000000e-08	-5.332735e-06	-1.039033e-08	-3.782683e+01	-6.789834e+02
9.000000e-08	-5.315028e-06	-1.037270e-08	-3.770123e+01	-6.783721e+02
1.000000e-07	-5.295226e-06	-1.037192e-08	-3.756077e+01	-6.776335e+02
1.100000e-07	-5.273610e-06	-1.035117e-08	-3.740744e+01	-6.767902e+02
1.200000e-07	-5.250426e-06	-1.032283e-08	-3.724299e+01	-6.758654e+02
1.300000e-07	-5.225812e-06	-1.034159e-08	-3.706839e+01	-6.748791e+02
1.400000e-07	-5.199505e-06	-1.030314e-08	-3.688179e+01	-6.738428e+02
1.500000e-07	-5.171434e-06	-1.026075e-08	-3.668267e+01	-6.727582e+02
1.600000e-07	-5.141876e-06	-1.028157e-08	-3.647300e+01	-6.716159e+02
1.700000e-07	-5.110767e-06	-1.022384e-08	-3.625234e+01	-6.703981e+02
1.800000e-07	-5.077625e-06	-1.023203e-08	-3.601725e+01	-6.690824e+02
1.900000e-07	-5.042546e-06	-1.028932e-08	-3.576843e+01	-6.676461e+02
2.000000e-07	-5.005956e-06	-1.021398e-08	-3.550888e+01	-6.660713e+02
2.100000e-07	-4.967660e-06	-1.015034e-08	-3.523724e+01	-6.643470e+02
2.200000e-07	-4.927490e-06	-1.010901e-08	-3.495230e+01	-6.624714e+02
2.300000e-07	-4.885362e-06	-1.007269e-08	-3.465347e+01	-6.604497e+02
2.400000e-07	-4.841397e-06	-1.008186e-08	-3.434161e+01	-6.582926e+02
2.500000e-07	-4.795793e-06	-1.003939e-08	-3.401813e+01	-6.560120e+02
2.600000e-07	-4.748262e-06	-9.980792e-09	-3.368097e+01	-6.536180e+02
2.700000e-07	-4.698538e-06	-9.926593e-09	-3.332827e+01	-6.511163e+02
2.800000e-07	-4.646767e-06	-9.894399e-09	-3.296104e+01	-6.485074e+02
2.900000e-07	-4.593275e-06	-9.893146e-09	-3.258160e+01	-6.457872e+02
3.000000e-07	-4.538255e-06	-9.839670e-09	-3.219133e+01	-6.429490e+02
3.100000e-07	-4.481610e-06	-9.760710e-09	-3.178953e+01	-6.399865e+02
3.200000e-07	-4.423151e-06	-9.703652e-09	-3.137485e+01	-6.368957e+02
3.300000e-07	-4.363054e-06	-9.676314e-09	-3.094857e+01	-6.336767e+02
3.400000e-07	-4.301541e-06	-9.640123e-09	-3.051223e+01	-6.303340e+02
3.500000e-07	-4.238670e-06	-9.561317e-09	-3.006627e+01	-6.268753e+02
3.600000e-07	-4.174309e-06	-9.499678e-09	-2.960974e+01	-6.233099e+02
3.700000e-07	-4.108266e-06	-9.454535e-09	-2.914127e+01	-6.196459e+02
3.800000e-07	-4.040613e-06	-9.412014e-09	-2.866139e+01	-6.158884e+02
3.900000e-07	-3.971529e-06	-9.353239e-09	-2.817136e+01	-6.120386e+02
4.000000e-07	-3.901151e-06	-9.273096e-09	-2.767214e+01	-6.080938e+02
4.100000e-07	-3.829568e-06	-9.209785e-09	-2.716438e+01	-6.040485e+02
4.200000e-07	-3.756552e-06	-9.146299e-09	-2.664645e+01	-5.998962e+02
4.300000e-07	-3.681790e-06	-9.090290e-09	-2.611614e+01	-5.956314e+02
4.400000e-07	-3.605473e-06	-9.023058e-09	-2.557480e+01	-5.912514e+02
4.500000e-07	-3.527774e-06	-8.943617e-09	-2.502365e+01	-5.867567e+02
4.600000e-07	-3.448599e-06	-8.873523e-09	-2.446204e+01	-5.821509e+02
4.700000e-07	-3.367996e-06	-8.807416e-09	-2.389030e+01	-5.774396e+02
4.800000e-07	-3.286188e-06	-8.744971e-09	-2.331001e+01	-5.726284e+02
4.900000e-07	-3.203334e-06	-8.666728e-09	-2.272229e+01	-5.677219e+02
5.000000e-07	-3.119540e-06	-8.583461e-09	-2.212791e+01	-5.627222e+02
5.100000e-07	-3.034843e-06	-8.502144e-09	-2.152713e+01	-5.576288e+02
5.200000e-07	-2.949174e-06	-8.422120e-09	-2.091945e+01	-5.524388e+02
5.300000e-07	-2.862503e-06	-8.341998e-09	-2.030467e+01	-5.471482e+02
5.400000e-07	-2.774924e-06	-8.257819e-09	-1.968344e+01	-5.417533e+02
5.500000e-07	-2.686417e-06	-8.175102e-09	-1.905564e+01	-5.362514e+02
5.600000e-07	-2.596833e-06	-8.090497e-09	-1.842018e+01	-5.306417e+02
5.700000e-07	-2.506083e-06	-8.001210e-09	-1.777647e+01	-5.249247e+02
5.800000e-07	-2.414372e-06	-7.910260e-09	-1.712593e+01	-5.191020e+02
5.900000e-07	-2.321944e-06	-7.818806e-09	-1.647031e+01	-5.131744e+02
6.000000e-07	-2.228773e-06	-7.722321e-09	-1.580942e+01	-5.071417e+02
6.100000e-07	-2.134850e-06	-7.624257e-09	-1.514319e+01	-5.010013e+02
6.200000e-07	-2.040224e-06	-7.530395e-09	-1.447198e+01	-4.947490e+02
6.300000e-07	-1.944887e-06	-7.439184e-09	-1.379572e+01	-4.883793e+02
6.400000e-07	-1.848822e-06	-7.340244e-09	-1.311430e+01	-4.818865e+02
6.500000e-07	-1.752031e-06	-7.233121e-09	-1.242773e+01	-4.752668e+02
6.600000e-07	-1.654430e-06	-7.129289e-09	-1.173541e+01	-4.685184e+02
6.700000e-07	-1.556079e-06	-7.030011e-09	-1.103778e+01	-4.616426e+02
6.800000e-07	-1.457146e-06	-6.926246e-09	-1.033601e+01	-4.546432e+02
6.900000e-07	-1.357726e-06	-6.814610e-09	-9.630794e+00	-4.475249e+02
7.000000e-07	-1.257852e-06	-6.700959e-09	-8.922354e+00	-4.402919e+02
7.100000e-07	-1.157594e-06	-6.590379e-09	-8.211193e+00	-4.329458e+02
7.200000e-07	-1.057047e-06	-6.481248e-09	-7.497983e+00	-4.254844e+02
7.300000e-07	-9.561522e-07	-6.367776e-09	-6.782300e+00	-4.179003e+02
7.400000e-07	-8.548591e-07	-6.247286e-09	-6.063795e+00	-4.101814e+02
7.500000e-07	-7.532342e-07	-6.124324e-09	-5.342936e+00	-4.023115e+02
7.600000e-07	-6.513546e-07	-6.001336e-09	-4.620271e+00	-3.942716e+02
7.700000e-07	-5.492104e-07	-5.876380e-09	-3.895729e+00	-3.860411e+02
7.800000e-07	-4.468794e-07	-5.747353e-09	-3.169861e+00	-3.775996e+02
7.900000e-07	-3.444287e-07	-5.614247e-09	-2.443145e+00	-3.689272e+02
8.000000e-07	-2.418174e-07	-5.479583e-09	-1.715290e+00	-3.600046e+02
8.100000e-07	-1.391270e-07	-5.342782e-09	-9.868735e-01	-3.508129e+02
8.200000e-07	-3.643703e-08	-5.198448e-09	-2.584598e-01	-3.413329e+02
8.300000e-07	6.624677e-08	-5.045629e-09	4.699100e-01	-3.315446e+02
8.400000e-07	1.689340e-07	-4.889281e-09	1.198304e+00	-3.214267e+02
8.500000e-07	2.715625e-07	-4.731164e-09	1.926282e+00	-3.109566e+02
8.600000e-07	3.740899e-07	-4.566381e-09	2.653542e+00	-3.001117e+02
8.700000e-07	4.764849e-07	-4.390874e-09	3.379863e+00	-2.888695e+02
8.800000e-07	5.787088e-07	-4.207321e-09	4.104970e+00	-2.772091e+02
8.900000e-07	6.807253e-07	-4.020036e-09	4.828607e+00	-2.651120e+02
9.000000e-07	7.824432e-07	-3.831080e-09	5.550125e+00	-2.525622e+02
9.100000e-07	8.838219e-07	-3.637579e-09	6.269238e+00	-2.395464e+02
9.200000e-07	9.849118e-07	-3.435242e-09	6.986302e+00	-2.260540e+02
9.300000e-07	1.085694e-06	-3.223184e-09	7.701184e+00	-2.120763e+02
9.400000e-07	1.186156e-06	-3.002282e-09	8.413795e+00	-1.976065e+02
9.500000e-07	1.286273e-06	-2.772797e-09	9.123958e+00	-1.826399e+02
9.600000e-07	1.385993e-06	-2.535919e-09	9.831299e+00	-1.671738e+02
9.700000e-07	1.485299e-06	-2.292331e-09	1.053571e+01	-1.512087e+02
9.800000e-07	1.584027e-06	-2.041184e-09	1.123602e+01	-1.347490e+02
9.900000e-07	1.682056e-06	-1.783473e-09	1.193137e+01	-1.178035e+02
1.000000e-06	1.779330e-06	-1.520749e-09	1.262137e+01	-1.003855e+02
1.010000e-06	1.875831e-06	-1.249315e-09	1.330588e+01	-8.251290e+01
1.020000e-06	1.971557e-06	-9.676949e-10	1.398490e+01	-6.420699e+01
1.030000e-06	2.066567e-06	-6.819746e-10	1.465883e+01	-4.549154e+01
1.040000e-06	2.160947e-06	-3.942545e-10	1.532830e+01	-2.639160e+01
1.050000e-06	2.254608e-06	-9.933289e-11	1.599267e+01	-6.932720e+00
1.060000e-06	2.347516e-06	2.030941e-10	1.665170e+01	1.285942e+01
1.070000e-06	2.439742e-06	5.118182e-10	1.730589e+01	3.295874e+01
1.080000e-06	2.531255e-06	8.260211e-10	1.795502e+01	5.333798e+01
1.090000e-06	2.621847e-06	1.142618e-09	1.859762e+01	7.396778e+01
1.100000e-06	2.711312e-06	1.459889e-09	1.923222e+01	9.481580e+01
1.110000e-06	2.799660e-06	1.780341e-09	1.985890e+01	1.158462e+02
1.120000e-06	2.886988e-06	2.104678e-09	2.047835e+01	1.370198e+02
1.130000e-06	2.973325e-06	2.432416e-09	2.109076e+01	1.582946e+02
1.140000e-06	3.058661e-06	2.759344e-09	2.169609e+01	1.796266e+02
1.150000e-06	3.143011e-06	3.084180e-09	2.229440e+01	2.009709e+02
1.160000e-06	3.226454e-06	3.409306e-09	2.288629e+01	2.222820e+02
1.170000e-06	3.308837e-06	3.734048e-09	2.347067e+01	2.435140e+02
1.180000e-06	3.389920e-06	4.056199e-09	2.404581e+01	2.646196e+02
1.190000e-06	3.469705e-06	4.374971e-09	2.461175e+01	2.855492e+02
1.200000e-06	3.548268e-06	4.692388e-09	2.516903e+01	3.062494e+02
1.210000e-06	3.625650e-06	5.005496e-09	2.571792e+01	3.266625e+02
1.220000e-06	3.701786e-06	5.312037e-09	2.625798e+01	3.467268e+02
1.230000e-06	3.776520e-06	5.609350e-09	2.678809e+01	3.663772e+02
1.240000e-06	3.849600e-06	5.897565e-09	2.730647e+01	3.855481e+02
1.250000e-06	3.921067e-06	6.177196e-09	2.781341e+01	4.041763e+02
1.260000e-06	3.991197e-06	6.448415e-09	2.831087e+01	4.222043e+02
1.270000e-06	4.060045e-06	6.712159e-09	2.879923e+01	4.395825e+02
1.280000e-06	4.127593e-06	6.965718e-09	2.927837e+01	4.562717e+02
1.290000e-06	4.193579e-06	7.207840e-09	2.974643e+01	4.722426e+02
1.300000e-06	4.257849e-06	7.437644e-09	3.020232e+01	4.874750e+02
1.310000e-06	4.320589e-06	7.656240e-09	3.064735e+01	5.019560e+02
1.320000e-06	4.381964e-06	7.862226e-09	3.108270e+01	5.156771e+02
1.330000e-06	4.442016e-06	8.055664e-09	3.150867e+01	5.286330e+02
1.340000e-06	4.500493e-06	8.238022e-09	3.192347e+01	5.408206e+02
1.350000e-06	4.557180e-06	8.409597e-09	3.232557e+01	5.522394e+02
1.360000e-06	4.612180e-06	8.572568e-09	3.271570e+01	5.628937e+02
1.370000e-06	4.665580e-06	8.726121e-09	3.309449e+01	5.727948e+02
1.380000e-06	4.717199e-06	8.866248e-09	3.346063e+01	5.819639e+02
1.390000e-06	4.766743e-06	8.992862e-09	3.381206e+01	5.904332e+02
1.400000e-06	4.814288e-06	9.110473e-09	3.414932e+01	5.982463e+02
1.410000e-06	4.860112e-06	9.220456e-09	3.447436e+01	6.054554e+02
1.420000e-06	4.904405e-06	9.320653e-09	3.478855e+01	6.121183e+02
1.430000e-06	4.947063e-06	9.409545e-09	3.509113e+01	6.182931e+02
1.440000e-06	4.987791e-06	9.492639e-09	3.538004e+01	6.240331e+02
1.450000e-06	5.026729e-06	9.575259e-09	3.565623e+01	6.293832e+02
1.460000e-06	5.064041e-06	9.655241e-09	3.592090e+01	6.343773e+02
1.470000e-06	5.099767e-06	9.727184e-09	3.617431e+01	6.390383e+02
1.480000e-06	5.133656e-06	9.791620e-09	3.641470e+01	6.433799e+02
1.490000e-06	5.165560e-06	9.852183e-09	3.664101e+01	6.474108e+02
1.500000e-06	5.195697e-06	9.910323e-09	3.685478e+01	6.511381e+02
1.510000e-06	5.224183e-06	9.963258e-09	3.705684e+01	6.545713e+02
1.520000e-06	5.250886e-06	1.000885e-08	3.724625e+01	6.577242e+02
1.530000e-06	5.275507e-06	1.004948e-08	3.742090e+01	6.606157e+02
1.540000e-06	5.298135e-06	1.008719e-08	3.758140e+01	6.632679e+02
1.550000e-06	5.319028e-06	1.012320e-08	3.772960e+01	6.657036e+02
1.560000e-06	5.338229e-06	1.015699e-08	3.786581e+01	6.679434e+02
1.570000e-06	5.355520e-06	1.018671e-08	3.798845e+01	6.700028e+02
1.580000e-06	5.370751e-06	1.021366e-08	3.809650e+01	6.718912e+02
1.590000e-06	5.384030e-06	1.023862e-08	3.819069e+01	6.736122e+02
1.600000e-06	5.395327e-06	1.026225e-08	3.827082e+01	6.751656e+02
1.610000e-06	5.404457e-06	1.028248e-08	3.833558e+01	6.765500e+02
1.620000e-06	5.411592e-06	1.029826e-08	3.838619e+01	6.777657e+02
1.630000e-06	5.416928e-06	1.031319e-08	3.842404e+01	6.788170e+02
1.640000e-06	5.420448e-06	1.032802e-08	3.844901e+01	6.797124e+02
1.650000e-06	5.421997e-06	1.034032e-08	3.846000e+01	6.804637e+02
1.660000e-06	5.421534e-06	1.035129e-08	3.845671e+01	6.810836e+02
1.670000e-06	5.419336e-06	1.036060e-08	3.844112e+01	6.815828e+02
1.680000e-06	5.415594e-06	1.036824e-08	3.841458e+01	6.819669e+02
1.690000e-06	5.410113e-06	1.037363e-08	3.837570e+01	6.822354e+02
1.700000e-06	5.402679e-06	1.037479e-08	3.832297e+01	6.823816e+02
1.710000e-06	5.393536e-06	1.037240e-08	3.825812e+01	6.823946e+02
1.720000e-06	5.382801e-06	1.036629e-08	3.818197e+01	6.822631e+02
1.730000e-06	5.370291e-06	1.035039e-08	3.809323e+01	6.819790e+02
1.740000e-06	5.355767e-06	1.036077e-08	3.799021e+01	6.815411e+02
1.750000e-06	5.339047e-06	1.034625e-08	3.787160e+01	6.809567e+02
1.760000e-06	5.319930e-06	1.032749e-08	3.773600e+01	6.802415e+02
1.770000e-06	5.298269e-06	1.034245e-08	3.758236e+01	6.794172e+02
1.780000e-06	5.274612e-06	1.029630e-08	3.741454e+01	6.785076e+02
1.790000e-06	5.249897e-06	1.028788e-08	3.723924e+01	6.775332e+02
1.800000e-06	5.224147e-06	1.030213e-08	3.705659e+01	6.765076e+02
1.810000e-06	5.196616e-06	1.023735e-08	3.686129e+01	6.754342e+02
1.820000e-06	5.167081e-06	1.027849e-08	3.665180e+01	6.743054e+02
1.830000e-06	5.135704e-06	1.027722e-08	3.642923e+01	6.731048e+02
1.840000e-06	5.102452e-06	1.016633e-08	3.619336e+01	6.718104e+02
1.850000e-06	5.067475e-06	1.020179e-08	3.594526e+01	6.703994e+02
1.860000e-06	5.030841e-06	1.019351e-08	3.568540e+01	6.688524e+02
1.870000e-06	4.992270e-06	1.015144e-08	3.541180e+01	6.671574e+02
1.880000e-06	4.951974e-06	1.018825e-08	3.512597e+01	6.653107e+02
1.890000e-06	4.909934e-06	1.010412e-08	3.482777e+01	6.633166e+02
1.900000e-06	4.866144e-06	1.006107e-08	3.451715e+01	6.611850e+02
1.910000e-06	4.820814e-06	1.005276e-08	3.419561e+01	6.589277e+02
1.920000e-06	4.773606e-06	1.000947e-08	3.386075e+01	6.565556e+02
1.930000e-06	4.724594e-06	1.003422e-08	3.351309e+01	6.540751e+02
1.940000e-06	4.673911e-06	9.929165e-09	3.315358e+01	6.514876e+02
1.950000e-06	4.621367e-06	9.873185e-09	3.278087e+01	6.487898e+02
1.960000e-06	4.566937e-06	9.885152e-09	3.239478e+01	6.459754e+02
1.970000e-06	4.510669e-06	9.825686e-09	3.199565e+01	6.430377e+02
1.980000e-06	4.452763e-06	9.772783e-09	3.158490e+01	6.399720e+02
1.990000e-06	4.393384e-06	9.681599e-09	3.116371e+01	6.367778e+02
2.000000e-06	4.332445e-06	9.682309e-09	3.073145e+01	6.334588e+02
2.010000e-06	4.269889e-06	9.659425e-09	3.028772e+01	6.300224e+02
2.020000e-06	4.205767e-06	9.569001e-09	2.983288e+01	6.264776e+02
2.030000e-06	4.140195e-06	9.509929e-09	2.936776e+01	6.228328e+02
2.040000e-06	4.073165e-06	9.424981e-09	2.889229e+01	6.190939e+02
2.050000e-06	4.004728e-06	9.405657e-09	2.840685e+01	6.152629e+02
2.060000e-06	3.934784e-06	9.351162e-09	2.791071e+01	6.113376e+02
2.070000e-06	3.863188e-06	9.284535e-09	2.740286e+01	6.073128e+02
2.080000e-06	3.790157e-06	9.216329e-09	2.688482e+01	6.031822e+02
2.090000e-06	3.715783e-06	9.128163e-09	2.635726e+01	5.989399e+02
2.100000e-06	3.640067e-06	9.098129e-09	2.582018e+01	5.945827e+02
2.110000e-06	3.562888e-06	9.030660e-09	2.527273e+01	5.901104e+02
2.120000e-06	3.484119e-06	8.958210e-09	2.471399e+01	5.855263e+02
2.130000e-06	3.404014e-06	8.860887e-09	2.414579e+01	5.808355e+02
2.140000e-06	3.322803e-06	8.780380e-09	2.356973e+01	5.760439e+02
2.150000e-06	3.240473e-06	8.730143e-09	2.298573e+01	5.711563e+02
2.160000e-06	3.157118e-06	8.651921e-09	2.239447e+01	5.661754e+02
2.170000e-06	3.072745e-06	8.579450e-09	2.179598e+01	5.611010e+02
2.180000e-06	2.987125e-06	8.491231e-09	2.118865e+01	5.559307e+02
2.190000e-06	2.900212e-06	8.420474e-09	2.057215e+01	5.506605e+02
2.200000e-06	2.812198e-06	8.341177e-09	1.994784e+01	5.452866e+02
2.210000e-06	2.723306e-06	8.254677e-09	1.931730e+01	5.398061e+02
2.220000e-06	2.633535e-06	8.170567e-09	1.868052e+01	5.342178e+02
2.230000e-06	2.542833e-06	8.073710e-09	1.803714e+01	5.285220e+02
2.240000e-06	2.451402e-06	7.987482e-09	1.738859e+01	5.227202e+02
2.250000e-06	2.359282e-06	7.901038e-09	1.673516e+01	5.168135e+02
2.260000e-06	2.266354e-06	7.821978e-09	1.607599e+01	5.108018e+02
2.270000e-06	2.172487e-06	7.727691e-09	1.541016e+01	5.046831e+02
2.280000e-06	2.077574e-06	7.625443e-09	1.473691e+01	4.984533e+02
2.290000e-06	1.981806e-06	7.531341e-09	1.405760e+01	4.921071e+02
2.300000e-06	1.885414e-06	7.443640e-09	1.337386e+01	4.856388e+02
2.310000e-06	1.788527e-06	7.345661e-09	1.268661e+01	4.790441e+02
2.320000e-06	1.691062e-06	7.229957e-09	1.199525e+01	4.723208e+02
2.330000e-06	1.592934e-06	7.117841e-09	1.129920e+01	4.654697e+02
2.340000e-06	1.494239e-06	7.012540e-09	1.059912e+01	4.584942e+02
2.350000e-06	1.395115e-06	6.912197e-09	9.896004e+00	4.513989e+02
2.360000e-06	1.295686e-06	6.803982e-09	9.190724e+00	4.441883e+02
2.370000e-06	1.195943e-06	6.687880e-09	8.483213e+00	4.368646e+02
2.380000e-06	1.095808e-06	6.569576e-09	7.772925e+00	4.294263e+02
2.390000e-06	9.952645e-07	6.456389e-09	7.059737e+00	4.218670e+02
2.400000e-06	8.942866e-07	6.347500e-09	6.343467e+00	4.141755e+02
2.410000e-06	7.928587e-07	6.228195e-09	5.624006e+00	4.063360e+02
2.420000e-06	6.910848e-07	6.098553e-09	4.902090e+00	3.983300e+02
2.430000e-06	5.890687e-07	5.969980e-09	4.178457e+00	3.901372e+02
2.440000e-06	4.868426e-07	5.845866e-09	3.453334e+00	3.817371e+02
2.450000e-06	3.844257e-07	5.717144e-09	2.726857e+00	3.731095e+02
2.460000e-06	2.818110e-07	5.577901e-09	1.998977e+00	3.642351e+02
2.470000e-06	1.790025e-07	5.434943e-09	1.269723e+00	3.550950e+02
2.480000e-06	7.614901e-08	5.295499e-09	5.401498e-01	3.456701e+02
2.490000e-06	-2.669440e-08	5.154699e-09	-1.893521e-01	3.359405e+02
2.500000e-06	-1.295267e-07	5.002517e-09	-9.187753e-01	3.258852e+02
2.510000e-06	-2.322615e-07	4.837763e-09	-1.647506e+00	3.154818e+02
2.520000e-06	-3.348643e-07	4.670334e-09	-2.375302e+00	3.047076e+02
2.530000e-06	-4.373133e-07	4.503907e-09	-3.102006e+00	2.935401e+02
2.540000e-06	-5.395628e-07	4.332471e-09	-3.827295e+00	2.819580e+02
2.550000e-06	-6.415680e-07	4.150581e-09	-4.550851e+00	2.699423e+02
2.560000e-06	-7.432959e-07	3.957081e-09	-5.272441e+00	2.574765e+02
2.570000e-06	-8.447138e-07	3.757246e-09	-5.991831e+00	2.445469e+02
2.580000e-06	-9.456928e-07	3.553244e-09	-6.708108e+00	2.311424e+02
2.590000e-06	-1.046183e-06	3.342230e-09	-7.420922e+00	2.172541e+02
2.600000e-06	-1.146324e-06	3.122407e-09	-8.131253e+00	2.028748e+02
2.610000e-06	-1.246110e-06	2.893792e-09	-8.839065e+00	1.879993e+02
2.620000e-06	-1.345517e-06	2.658254e-09	-9.544191e+00	1.726246e+02
2.630000e-06	-1.444575e-06	2.415597e-09	-1.024685e+01	1.567506e+02
2.640000e-06	-1.543114e-06	2.164442e-09	-1.094581e+01	1.403808e+02
2.650000e-06	-1.641056e-06	1.905223e-09	-1.164054e+01	1.235233e+02
2.660000e-06	-1.738459e-06	1.639263e-09	-1.233146e+01	1.061907e+02
2.670000e-06	-1.835313e-06	1.368677e-09	-1.301847e+01	8.839993e+01
2.680000e-06	-1.931669e-06	1.091563e-09	-1.370196e+01	7.017186e+01
2.690000e-06	-2.027485e-06	8.054355e-10	-1.438161e+01	5.152988e+01
2.700000e-06	-2.122579e-06	5.112693e-10	-1.505615e+01	3.249888e+01
2.710000e-06	-2.216778e-06	2.146718e-10	-1.572433e+01	1.310436e+01
2.720000e-06	-2.309952e-06	-8.284449e-11	-1.638525e+01	-6.628022e+00
2.730000e-06	-2.402165e-06	-3.866986e-10	-1.703934e+01	-2.667229e+01
2.740000e-06	-2.493551e-06	-6.952921e-10	-1.768757e+01	-4.700147e+01
2.750000e-06	-2.584069e-06	-1.008700e-09	-1.832965e+01	-6.758667e+01
2.760000e-06	-2.673628e-06	-1.327271e-09	-1.896491e+01	-8.839610e+01
2.770000e-06	-2.762287e-06	-1.647511e-09	-1.959381e+01	-1.093946e+02
2.780000e-06	-2.850128e-06	-1.968323e-09	-2.021689e+01	-1.305435e+02
2.790000e-06	-2.937046e-06	-2.289765e-09	-2.083343e+01	-1.518012e+02
2.800000e-06	-3.022749e-06	-2.612639e-09	-2.144135e+01	-1.731241e+02
2.810000e-06	-3.107203e-06	-2.938382e-09	-2.204040e+01	-1.944674e+02
2.820000e-06	-3.190599e-06	-3.264245e-09	-2.263196e+01	-2.157857e+02
2.830000e-06	-3.272954e-06	-3.589479e-09	-2.321613e+01	-2.370331e+02
2.840000e-06	-3.354220e-06	-3.912768e-09	-2.379258e+01	-2.581626e+02
2.850000e-06	-3.434352e-06	-4.231634e-09	-2.436098e+01	-2.791253e+02
2.860000e-06	-3.513245e-06	-4.545709e-09	-2.492060e+01	-2.998684e+02
2.870000e-06	-3.590677e-06	-4.855594e-09	-2.546985e+01	-3.203351e+02
2.880000e-06	-3.666604e-06	-5.163111e-09	-2.600842e+01	-3.404642e+02
2.890000e-06	-3.741150e-06	-5.467043e-09	-2.653720e+01	-3.601912e+02
2.900000e-06	-3.814329e-06	-5.764823e-09	-2.705628e+01	-3.794503e+02
2.910000e-06	-3.886197e-06	-6.053962e-09	-2.756606e+01	-3.981777e+02
2.920000e-06	-3.956724e-06	-6.332811e-09	-2.806633e+01	-4.163146e+02
2.930000e-06	-4.025696e-06	-6.600597e-09	-2.855558e+01	-4.338099e+02
2.940000e-06	-4.093186e-06	-6.858237e-09	-2.903431e+01	-4.506224e+02
2.950000e-06	-4.159285e-06	-7.106090e-09	-2.950317e+01	-4.667211e+02
2.960000e-06	-4.223979e-06	-7.342987e-09	-2.996207e+01	-4.820844e+02
2.970000e-06	-4.287267e-06	-7.569202e-09	-3.041099e+01	-4.966981e+02
2.980000e-06	-4.348913e-06	-7.786922e-09	-3.084826e+01	-5.105533e+02
2.990000e-06	-4.408909e-06	-7.992952e-09	-3.127383e+01	-5.236440e+02
3.000000e-06	-4.467461e-06	-8.182545e-09	-3.168916e+01	-5.359668e+02
3.010000e-06	-4.524586e-06	-8.356218e-09	-3.209437e+01	-5.475206e+02
3.020000e-06	-4.580019e-06	-8.518701e-09	-3.248757e+01	-5.583086e+02
3.030000e-06	-4.633483e-06	-8.674299e-09	-3.286681e+01	-5.683408e+02
3.040000e-06	-4.685057e-06	-8.819516e-09	-3.323264e+01	-5.776364e+02
3.050000e-06	-4.734770e-06	-8.952423e-09	-3.358527e+01	-5.862257e+02
3.060000e-06	-4.782499e-06	-9.072726e-09	-3.392383e+01	-5.941502e+02
3.070000e-06	-4.828487e-06	-9.183074e-09	-3.425004e+01	-6.014609e+02
3.080000e-06	-4.872992e-06	-9.287514e-09	-3.456573e+01	-6.082149e+02
3.090000e-06	-4.915987e-06	-9.387490e-09	-3.487071e+01	-6.144705e+02
3.100000e-06	-4.957454e-06	-9.479750e-09	-3.516485e+01	-6.202825e+02
3.110000e-06	-4.997269e-06	-9.563565e-09	-3.544726e+01	-6.256973e+02
3.120000e-06	-5.035179e-06	-9.639371e-09	-3.571617e+01	-6.307508e+02
3.130000e-06	-5.071234e-06	-9.709137e-09	-3.597192e+01	-6.354678e+02
3.140000e-06	-5.105592e-06	-9.774953e-09	-3.621564e+01	-6.398636e+02
3.150000e-06	-5.138227e-06	-9.838059e-09	-3.644713e+01	-6.439474e+02
3.160000e-06	-5.168953e-06	-9.899641e-09	-3.666507e+01	-6.477261e+02
3.170000e-06	-5.197703e-06	-9.955640e-09	-3.686900e+01	-6.512088e+02
3.180000e-06	-5.224646e-06	-1.000561e-08	-3.706012e+01	-6.544084e+02
3.190000e-06	-5.249828e-06	-1.005024e-08	-3.723874e+01	-6.573429e+02
3.200000e-06	-5.273162e-06	-1.009151e-08	-3.740426e+01	-6.600339e+02
3.210000e-06	-5.294533e-06	-1.013195e-08	-3.755586e+01	-6.625046e+02
3.220000e-06	-5.314038e-06	-1.017034e-08	-3.769421e+01	-6.647759e+02
3.230000e-06	-5.331808e-06	-1.020425e-08	-3.782026e+01	-6.668645e+02
3.240000e-06	-5.347730e-06	-1.023375e-08	-3.793320e+01	-6.687809e+02
3.250000e-06	-5.361479e-06	-1.026098e-08	-3.803072e+01	-6.705296e+02
3.260000e-06	-5.372999e-06	-1.028641e-08	-3.811244e+01	-6.721108e+02
3.270000e-06	-5.382588e-06	-1.030798e-08	-3.818046e+01	-6.735233e+02
3.280000e-06	-5.390389e-06	-1.032682e-08	-3.823579e+01	-6.747668e+02
3.290000e-06	-5.396235e-06	-1.034503e-08	-3.827726e+01	-6.758448e+02
3.300000e-06	-5.400154e-06	-1.036229e-08	-3.830506e+01	-6.767651e+02
3.310000e-06	-5.402341e-06	-1.037535e-08	-3.832057e+01	-6.775391e+02
3.320000e-06	-5.402725e-06	-1.038198e-08	-3.832329e+01	-6.781794e+02
