# Temperatura_=_40.38
# Concentracion g/m^3_=_24000.0
# C_Vs_to_Am_M_A/Vsm_=_65563218390.804596
# pendiente_HvsI_1/m_=_3716.3
# ordenada_HvsI_A/m_=_1297.0
# frecuencia_Hz_=_301420.98556507396

Tiempo_(s)	Campo_(V.s)	Magnetizacion_(V.s)	Campo_(kA/m)	Magnetizacion_(A/m)
0.000000e+00	-8.133869e-06	-2.000164e-08	-5.767263e+01	-1.310354e+03
1.000000e-08	-8.130947e-06	-2.000314e-08	-5.765191e+01	-1.310283e+03
2.000000e-08	-8.125335e-06	-2.000133e-08	-5.761212e+01	-1.310141e+03
3.000000e-08	-8.117100e-06	-2.000235e-08	-5.755373e+01	-1.309951e+03
4.000000e-08	-8.106013e-06	-2.000319e-08	-5.747512e+01	-1.309736e+03
5.000000e-08	-8.091983e-06	-1.999795e-08	-5.737564e+01	-1.309512e+03
6.000000e-08	-8.075057e-06	-1.998906e-08	-5.725562e+01	-1.309286e+03
7.000000e-08	-8.055595e-06	-1.997308e-08	-5.711763e+01	-1.309057e+03
8.000000e-08	-8.033759e-06	-1.998299e-08	-5.696280e+01	-1.308815e+03
9.000000e-08	-8.009026e-06	-2.004250e-08	-5.678744e+01	-1.308549e+03
1.000000e-07	-7.981013e-06	-2.001391e-08	-5.658881e+01	-1.308245e+03
1.100000e-07	-7.949969e-06	-1.997080e-08	-5.636870e+01	-1.307896e+03
1.200000e-07	-7.916140e-06	-1.997155e-08	-5.612884e+01	-1.307495e+03
1.300000e-07	-7.879569e-06	-1.995357e-08	-5.586953e+01	-1.307045e+03
1.400000e-07	-7.840551e-06	-1.989932e-08	-5.559288e+01	-1.306548e+03
1.500000e-07	-7.799231e-06	-1.984972e-08	-5.529990e+01	-1.306012e+03
1.600000e-07	-7.755399e-06	-1.993871e-08	-5.498911e+01	-1.305443e+03
1.700000e-07	-7.708790e-06	-1.992471e-08	-5.465863e+01	-1.304847e+03
1.800000e-07	-7.659336e-06	-1.983525e-08	-5.430798e+01	-1.304226e+03
1.900000e-07	-7.606992e-06	-1.992208e-08	-5.393684e+01	-1.303580e+03
2.000000e-07	-7.551710e-06	-1.990890e-08	-5.354487e+01	-1.302907e+03
2.100000e-07	-7.493588e-06	-1.988685e-08	-5.313276e+01	-1.302201e+03
2.200000e-07	-7.432787e-06	-1.986800e-08	-5.270165e+01	-1.301458e+03
2.300000e-07	-7.369456e-06	-1.983963e-08	-5.225261e+01	-1.300670e+03
2.400000e-07	-7.303449e-06	-1.987053e-08	-5.178459e+01	-1.299831e+03
2.500000e-07	-7.234655e-06	-1.980719e-08	-5.129681e+01	-1.298936e+03
2.600000e-07	-7.163145e-06	-1.979849e-08	-5.078978e+01	-1.297978e+03
2.700000e-07	-7.088849e-06	-1.977188e-08	-5.026299e+01	-1.296957e+03
2.800000e-07	-7.011807e-06	-1.975128e-08	-4.971673e+01	-1.295872e+03
2.900000e-07	-6.932042e-06	-1.971804e-08	-4.915116e+01	-1.294728e+03
3.000000e-07	-6.849650e-06	-1.970789e-08	-4.856697e+01	-1.293531e+03
3.100000e-07	-6.764962e-06	-1.973005e-08	-4.796649e+01	-1.292289e+03
3.200000e-07	-6.678058e-06	-1.967147e-08	-4.735030e+01	-1.291011e+03
3.300000e-07	-6.588807e-06	-1.966448e-08	-4.671747e+01	-1.289702e+03
3.400000e-07	-6.497157e-06	-1.965991e-08	-4.606764e+01	-1.288363e+03
3.500000e-07	-6.403146e-06	-1.963656e-08	-4.540106e+01	-1.286990e+03
3.600000e-07	-6.306786e-06	-1.959214e-08	-4.471782e+01	-1.285576e+03
3.700000e-07	-6.208153e-06	-1.956821e-08	-4.401847e+01	-1.284107e+03
3.800000e-07	-6.107316e-06	-1.957433e-08	-4.330350e+01	-1.282572e+03
3.900000e-07	-6.004273e-06	-1.954965e-08	-4.257288e+01	-1.280961e+03
4.000000e-07	-5.899037e-06	-1.950479e-08	-4.182671e+01	-1.279269e+03
4.100000e-07	-5.791721e-06	-1.946021e-08	-4.106579e+01	-1.277495e+03
4.200000e-07	-5.682373e-06	-1.946050e-08	-4.029047e+01	-1.275647e+03
4.300000e-07	-5.570925e-06	-1.944072e-08	-3.950025e+01	-1.273734e+03
4.400000e-07	-5.457276e-06	-1.939122e-08	-3.869443e+01	-1.271764e+03
4.500000e-07	-5.341437e-06	-1.935144e-08	-3.787308e+01	-1.269743e+03
4.600000e-07	-5.223568e-06	-1.933591e-08	-3.703734e+01	-1.267669e+03
4.700000e-07	-5.103776e-06	-1.930857e-08	-3.618796e+01	-1.265533e+03
4.800000e-07	-4.982123e-06	-1.925939e-08	-3.532539e+01	-1.263321e+03
4.900000e-07	-4.858703e-06	-1.922264e-08	-3.445029e+01	-1.261017e+03
5.000000e-07	-4.733587e-06	-1.919807e-08	-3.356317e+01	-1.258606e+03
5.100000e-07	-4.606799e-06	-1.916071e-08	-3.266418e+01	-1.256082e+03
5.200000e-07	-4.478306e-06	-1.910434e-08	-3.175311e+01	-1.253444e+03
5.300000e-07	-4.348143e-06	-1.905729e-08	-3.083020e+01	-1.250704e+03
5.400000e-07	-4.216440e-06	-1.901564e-08	-2.989638e+01	-1.247876e+03
5.500000e-07	-4.083230e-06	-1.897186e-08	-2.895186e+01	-1.244978e+03
5.600000e-07	-3.948587e-06	-1.893337e-08	-2.799718e+01	-1.242019e+03
5.700000e-07	-3.812486e-06	-1.889928e-08	-2.703216e+01	-1.239002e+03
5.800000e-07	-3.674856e-06	-1.884982e-08	-2.605631e+01	-1.235914e+03
5.900000e-07	-3.535878e-06	-1.879744e-08	-2.507089e+01	-1.232733e+03
6.000000e-07	-3.395542e-06	-1.875875e-08	-2.407585e+01	-1.229431e+03
6.100000e-07	-3.253682e-06	-1.870993e-08	-2.307000e+01	-1.225976e+03
6.200000e-07	-3.110451e-06	-1.863700e-08	-2.205443e+01	-1.222346e+03
6.300000e-07	-2.966120e-06	-1.856700e-08	-2.103107e+01	-1.218532e+03
6.400000e-07	-2.820814e-06	-1.851722e-08	-2.000078e+01	-1.214537e+03
6.500000e-07	-2.674509e-06	-1.845891e-08	-1.896342e+01	-1.210379e+03
6.600000e-07	-2.527288e-06	-1.838045e-08	-1.791956e+01	-1.206082e+03
6.700000e-07	-2.379270e-06	-1.830651e-08	-1.687005e+01	-1.201667e+03
6.800000e-07	-2.230433e-06	-1.825133e-08	-1.581473e+01	-1.197149e+03
6.900000e-07	-2.080850e-06	-1.819072e-08	-1.475412e+01	-1.192525e+03
7.000000e-07	-1.930598e-06	-1.811170e-08	-1.368877e+01	-1.187774e+03
7.100000e-07	-1.779661e-06	-1.803035e-08	-1.261856e+01	-1.182864e+03
7.200000e-07	-1.628068e-06	-1.795251e-08	-1.154370e+01	-1.177754e+03
7.300000e-07	-1.475807e-06	-1.787063e-08	-1.046411e+01	-1.172404e+03
7.400000e-07	-1.322955e-06	-1.778116e-08	-9.380323e+00	-1.166786e+03
7.500000e-07	-1.169598e-06	-1.768818e-08	-8.292950e+00	-1.160886e+03
7.600000e-07	-1.015791e-06	-1.759305e-08	-7.202393e+00	-1.154704e+03
7.700000e-07	-8.616286e-07	-1.749636e-08	-6.109317e+00	-1.148248e+03
7.800000e-07	-7.071449e-07	-1.739768e-08	-5.013961e+00	-1.141523e+03
7.900000e-07	-5.523772e-07	-1.729307e-08	-3.916592e+00	-1.134521e+03
8.000000e-07	-3.974304e-07	-1.718172e-08	-2.817953e+00	-1.127208e+03
8.100000e-07	-2.423893e-07	-1.706631e-08	-1.718644e+00	-1.119525e+03
8.200000e-07	-8.723450e-08	-1.694598e-08	-6.185301e-01	-1.111381e+03
8.300000e-07	6.796635e-08	-1.681306e-08	4.819107e-01	-1.102672e+03
8.400000e-07	2.230996e-07	-1.666222e-08	1.581872e+00	-1.093283e+03
8.500000e-07	3.781038e-07	-1.649962e-08	2.680918e+00	-1.083113e+03
8.600000e-07	5.329869e-07	-1.633220e-08	3.779106e+00	-1.072078e+03
8.700000e-07	6.877290e-07	-1.615393e-08	4.876294e+00	-1.060116e+03
8.800000e-07	8.422373e-07	-1.595823e-08	5.971825e+00	-1.047190e+03
8.900000e-07	9.964624e-07	-1.574643e-08	7.065347e+00	-1.033269e+03
9.000000e-07	1.150337e-06	-1.552094e-08	8.156385e+00	-1.018317e+03
9.100000e-07	1.303747e-06	-1.527965e-08	9.244125e+00	-1.002277e+03
9.200000e-07	1.456633e-06	-1.501543e-08	1.032815e+01	-9.850572e+02
9.300000e-07	1.609002e-06	-1.472755e-08	1.140851e+01	-9.665302e+02
9.400000e-07	1.760767e-06	-1.441944e-08	1.248459e+01	-9.465362e+02
9.500000e-07	1.911812e-06	-1.408893e-08	1.355557e+01	-9.248959e+02
9.600000e-07	2.062114e-06	-1.372853e-08	1.462128e+01	-9.014253e+02
9.700000e-07	2.211671e-06	-1.333675e-08	1.568170e+01	-8.759468e+02
9.800000e-07	2.360425e-06	-1.291495e-08	1.673643e+01	-8.482928e+02
9.900000e-07	2.508368e-06	-1.246001e-08	1.778541e+01	-8.182958e+02
1.000000e-06	2.655479e-06	-1.196532e-08	1.882849e+01	-7.857671e+02
1.010000e-06	2.801656e-06	-1.142836e-08	1.986495e+01	-7.504680e+02
1.020000e-06	2.946822e-06	-1.084226e-08	2.089424e+01	-7.120800e+02
1.030000e-06	3.090926e-06	-1.019845e-08	2.191599e+01	-6.701868e+02
1.040000e-06	3.233865e-06	-9.489919e-09	2.292950e+01	-6.242748e+02
1.050000e-06	3.375570e-06	-8.712753e-09	2.393425e+01	-5.737614e+02
1.060000e-06	3.516024e-06	-7.858160e-09	2.493012e+01	-5.180512e+02
1.070000e-06	3.655179e-06	-6.918860e-09	2.591679e+01	-4.566170e+02
1.080000e-06	3.792925e-06	-5.890238e-09	2.689347e+01	-3.890940e+02
1.090000e-06	3.929113e-06	-4.766919e-09	2.785910e+01	-3.153716e+02
1.100000e-06	4.063815e-06	-3.548939e-09	2.881420e+01	-2.356679e+02
1.110000e-06	4.197140e-06	-2.247367e-09	2.975953e+01	-1.505702e+02
1.120000e-06	4.329016e-06	-8.791324e-10	3.069458e+01	-6.103166e+01
1.130000e-06	4.459357e-06	5.389276e-10	3.161875e+01	3.167818e+01
1.140000e-06	4.588112e-06	1.984212e-09	3.253169e+01	1.260639e+02
1.150000e-06	4.715244e-06	3.429241e-09	3.343311e+01	2.205236e+02
1.160000e-06	4.840727e-06	4.844159e-09	3.432284e+01	3.134793e+02
1.170000e-06	4.964506e-06	6.209654e-09	3.520048e+01	4.034995e+02
1.180000e-06	5.086488e-06	7.512458e-09	3.606538e+01	4.893967e+02
1.190000e-06	5.206588e-06	8.740293e-09	3.691695e+01	5.702881e+02
1.200000e-06	5.324790e-06	9.878961e-09	3.775505e+01	6.456146e+02
1.210000e-06	5.440984e-06	1.092659e-08	3.857891e+01	7.151209e+02
1.220000e-06	5.555062e-06	1.189071e-08	3.938777e+01	7.788051e+02
1.230000e-06	5.667014e-06	1.277604e-08	4.018157e+01	8.368516e+02
1.240000e-06	5.776954e-06	1.357992e-08	4.096109e+01	8.895602e+02
1.250000e-06	5.884942e-06	1.430446e-08	4.172677e+01	9.372844e+02
1.260000e-06	5.990802e-06	1.495904e-08	4.247736e+01	9.803856e+02
1.270000e-06	6.094450e-06	1.554885e-08	4.321227e+01	1.019208e+03
1.280000e-06	6.195942e-06	1.607289e-08	4.393189e+01	1.054071e+03
1.290000e-06	6.295205e-06	1.653728e-08	4.463571e+01	1.085271e+03
1.300000e-06	6.392120e-06	1.695191e-08	4.532288e+01	1.113097e+03
1.310000e-06	6.486758e-06	1.732560e-08	4.599390e+01	1.137835e+03
1.320000e-06	6.579167e-06	1.766106e-08	4.664912e+01	1.159773e+03
1.330000e-06	6.669221e-06	1.795739e-08	4.728765e+01	1.179198e+03
1.340000e-06	6.756878e-06	1.822022e-08	4.790917e+01	1.196387e+03
1.350000e-06	6.842272e-06	1.845233e-08	4.851465e+01	1.211596e+03
1.360000e-06	6.925374e-06	1.865786e-08	4.910387e+01	1.225050e+03
1.370000e-06	7.005942e-06	1.883930e-08	4.967514e+01	1.236936e+03
1.380000e-06	7.083901e-06	1.899711e-08	5.022790e+01	1.247407e+03
1.390000e-06	7.159234e-06	1.913224e-08	5.076205e+01	1.256588e+03
1.400000e-06	7.231823e-06	1.924996e-08	5.127674e+01	1.264586e+03
1.410000e-06	7.301808e-06	1.935488e-08	5.177296e+01	1.271505e+03
1.420000e-06	7.369238e-06	1.944358e-08	5.225107e+01	1.277451e+03
1.430000e-06	7.433970e-06	1.951805e-08	5.271005e+01	1.282537e+03
1.440000e-06	7.496163e-06	1.958525e-08	5.315102e+01	1.286884e+03
1.450000e-06	7.555814e-06	1.964754e-08	5.357397e+01	1.290611e+03
1.460000e-06	7.612725e-06	1.970144e-08	5.397750e+01	1.293826e+03
1.470000e-06	7.666805e-06	1.974432e-08	5.436094e+01	1.296622e+03
1.480000e-06	7.717814e-06	1.977879e-08	5.472262e+01	1.299064e+03
1.490000e-06	7.765748e-06	1.980791e-08	5.506249e+01	1.301195e+03
1.500000e-06	7.810948e-06	1.983400e-08	5.538298e+01	1.303040e+03
1.510000e-06	7.853394e-06	1.985742e-08	5.568394e+01	1.304610e+03
1.520000e-06	7.892960e-06	1.987804e-08	5.596448e+01	1.305917e+03
1.530000e-06	7.929868e-06	1.989558e-08	5.622617e+01	1.306978e+03
1.540000e-06	7.964007e-06	1.990874e-08	5.646823e+01	1.307821e+03
1.550000e-06	7.995237e-06	1.992066e-08	5.668967e+01	1.308488e+03
1.560000e-06	8.023783e-06	1.993267e-08	5.689207e+01	1.309027e+03
1.570000e-06	8.049496e-06	1.994228e-08	5.707439e+01	1.309486e+03
1.580000e-06	8.072242e-06	1.995044e-08	5.723567e+01	1.309904e+03
1.590000e-06	8.092239e-06	1.995891e-08	5.737745e+01	1.310309e+03
1.600000e-06	8.109371e-06	1.996761e-08	5.749893e+01	1.310707e+03
1.610000e-06	8.123487e-06	1.997375e-08	5.759901e+01	1.311090e+03
1.620000e-06	8.134510e-06	1.997706e-08	5.767717e+01	1.311438e+03
1.630000e-06	8.142420e-06	1.998126e-08	5.773325e+01	1.311726e+03
1.640000e-06	8.147475e-06	1.998710e-08	5.776910e+01	1.311929e+03
1.650000e-06	8.149684e-06	1.999369e-08	5.778476e+01	1.312035e+03
1.660000e-06	8.149059e-06	1.999152e-08	5.778033e+01	1.312043e+03
1.670000e-06	8.145857e-06	1.998788e-08	5.775762e+01	1.311963e+03
1.680000e-06	8.139940e-06	1.998935e-08	5.771567e+01	1.311814e+03
1.690000e-06	8.131239e-06	1.998737e-08	5.765398e+01	1.311621e+03
1.700000e-06	8.119784e-06	1.998404e-08	5.757276e+01	1.311405e+03
1.710000e-06	8.105430e-06	1.998604e-08	5.747098e+01	1.311180e+03
1.720000e-06	8.088461e-06	1.999179e-08	5.735066e+01	1.310954e+03
1.730000e-06	8.069182e-06	1.998977e-08	5.721397e+01	1.310724e+03
1.740000e-06	8.047307e-06	1.990412e-08	5.705887e+01	1.310480e+03
1.750000e-06	8.022214e-06	1.990027e-08	5.688094e+01	1.310210e+03
1.760000e-06	7.993524e-06	1.994668e-08	5.667752e+01	1.309902e+03
1.770000e-06	7.961501e-06	1.992734e-08	5.645046e+01	1.309547e+03
1.780000e-06	7.926848e-06	1.991727e-08	5.620476e+01	1.309142e+03
1.790000e-06	7.889761e-06	1.999650e-08	5.594179e+01	1.308686e+03
1.800000e-06	7.850208e-06	2.004939e-08	5.566135e+01	1.308184e+03
1.810000e-06	7.808554e-06	1.989990e-08	5.536600e+01	1.307645e+03
1.820000e-06	7.764547e-06	1.996034e-08	5.505397e+01	1.307073e+03
1.830000e-06	7.717738e-06	1.995029e-08	5.472208e+01	1.306474e+03
1.840000e-06	7.668087e-06	1.987237e-08	5.437003e+01	1.305850e+03
1.850000e-06	7.615348e-06	1.990281e-08	5.399609e+01	1.305202e+03
1.860000e-06	7.559736e-06	1.981297e-08	5.360178e+01	1.304525e+03
1.870000e-06	7.501495e-06	1.992099e-08	5.318882e+01	1.303816e+03
1.880000e-06	7.440427e-06	1.986673e-08	5.275582e+01	1.303068e+03
1.890000e-06	7.376681e-06	1.981012e-08	5.230384e+01	1.302275e+03
1.900000e-06	7.310241e-06	1.987914e-08	5.183275e+01	1.301430e+03
1.910000e-06	7.240966e-06	1.979462e-08	5.134156e+01	1.300528e+03
1.920000e-06	7.168833e-06	1.982481e-08	5.083011e+01	1.299564e+03
1.930000e-06	7.093999e-06	1.979841e-08	5.029950e+01	1.298536e+03
1.940000e-06	7.016518e-06	1.985407e-08	4.975013e+01	1.297444e+03
1.950000e-06	6.936374e-06	1.979429e-08	4.918187e+01	1.296294e+03
1.960000e-06	6.853789e-06	1.970556e-08	4.859631e+01	1.295092e+03
1.970000e-06	6.768656e-06	1.975673e-08	4.799268e+01	1.293846e+03
1.980000e-06	6.680989e-06	1.970743e-08	4.737108e+01	1.292565e+03
1.990000e-06	6.591056e-06	1.972605e-08	4.673342e+01	1.291252e+03
2.000000e-06	6.498871e-06	1.966385e-08	4.607979e+01	1.289910e+03
2.010000e-06	6.404365e-06	1.967039e-08	4.540970e+01	1.288533e+03
2.020000e-06	6.307557e-06	1.964437e-08	4.472329e+01	1.287114e+03
2.030000e-06	6.208526e-06	1.959156e-08	4.402112e+01	1.285639e+03
2.040000e-06	6.107245e-06	1.957519e-08	4.330299e+01	1.284096e+03
2.050000e-06	6.003687e-06	1.955674e-08	4.256872e+01	1.282476e+03
2.060000e-06	5.897974e-06	1.956052e-08	4.181917e+01	1.280775e+03
2.070000e-06	5.790225e-06	1.949906e-08	4.105519e+01	1.278993e+03
2.080000e-06	5.680413e-06	1.948694e-08	4.027657e+01	1.277137e+03
2.090000e-06	5.568473e-06	1.945338e-08	3.948287e+01	1.275218e+03
2.100000e-06	5.454416e-06	1.942090e-08	3.867415e+01	1.273242e+03
2.110000e-06	5.338214e-06	1.937332e-08	3.785023e+01	1.271216e+03
2.120000e-06	5.219901e-06	1.936324e-08	3.701134e+01	1.269135e+03
2.130000e-06	5.099614e-06	1.935448e-08	3.615846e+01	1.266992e+03
2.140000e-06	4.977529e-06	1.929912e-08	3.529282e+01	1.264771e+03
2.150000e-06	4.853667e-06	1.924096e-08	3.441459e+01	1.262456e+03
2.160000e-06	4.728042e-06	1.920974e-08	3.352385e+01	1.260034e+03
2.170000e-06	4.600706e-06	1.919471e-08	3.262098e+01	1.257497e+03
2.180000e-06	4.471693e-06	1.914833e-08	3.170622e+01	1.254848e+03
2.190000e-06	4.341186e-06	1.911181e-08	3.078088e+01	1.252097e+03
2.200000e-06	4.209183e-06	1.907659e-08	2.984492e+01	1.249261e+03
2.210000e-06	4.075585e-06	1.902602e-08	2.889765e+01	1.246356e+03
2.220000e-06	3.940559e-06	1.896038e-08	2.794026e+01	1.243391e+03
2.230000e-06	3.804086e-06	1.892100e-08	2.697260e+01	1.240367e+03
2.240000e-06	3.666158e-06	1.888261e-08	2.599464e+01	1.237270e+03
2.250000e-06	3.526887e-06	1.882508e-08	2.500714e+01	1.234078e+03
2.260000e-06	3.386220e-06	1.876471e-08	2.400976e+01	1.230761e+03
2.270000e-06	3.244234e-06	1.872230e-08	2.300301e+01	1.227288e+03
2.280000e-06	3.101031e-06	1.866921e-08	2.198764e+01	1.223639e+03
2.290000e-06	2.956681e-06	1.859706e-08	2.096414e+01	1.219805e+03
2.300000e-06	2.811258e-06	1.853928e-08	1.993302e+01	1.215792e+03
2.310000e-06	2.664936e-06	1.849677e-08	1.889554e+01	1.211617e+03
2.320000e-06	2.517746e-06	1.844116e-08	1.785190e+01	1.207306e+03
2.330000e-06	2.369649e-06	1.836215e-08	1.680183e+01	1.202880e+03
2.340000e-06	2.220639e-06	1.828563e-08	1.574529e+01	1.198351e+03
2.350000e-06	2.070749e-06	1.821360e-08	1.468250e+01	1.193715e+03
2.360000e-06	1.920140e-06	1.813914e-08	1.361462e+01	1.188949e+03
2.370000e-06	1.768945e-06	1.806413e-08	1.254258e+01	1.184020e+03
2.380000e-06	1.617180e-06	1.799146e-08	1.146650e+01	1.178885e+03
2.390000e-06	1.464803e-06	1.791197e-08	1.038608e+01	1.173508e+03
2.400000e-06	1.311857e-06	1.782258e-08	9.301630e+00	1.167860e+03
2.410000e-06	1.158412e-06	1.773457e-08	8.213639e+00	1.161930e+03
2.420000e-06	1.004577e-06	1.764726e-08	7.122884e+00	1.155718e+03
2.430000e-06	8.504536e-07	1.754832e-08	6.030082e+00	1.149233e+03
2.440000e-06	6.960731e-07	1.743921e-08	4.935457e+00	1.142479e+03
2.450000e-06	5.414796e-07	1.732987e-08	3.839323e+00	1.135445e+03
2.460000e-06	3.866988e-07	1.722032e-08	2.741861e+00	1.128097e+03
2.470000e-06	2.317690e-07	1.709965e-08	1.643342e+00	1.120369e+03
2.480000e-06	7.672741e-08	1.696831e-08	5.440303e-01	1.112170e+03
2.490000e-06	-7.836955e-08	1.683496e-08	-5.556738e-01	1.103393e+03
2.500000e-06	-2.334218e-07	1.669775e-08	-1.655061e+00	1.093926e+03
2.510000e-06	-3.883415e-07	1.654543e-08	-2.753508e+00	1.083666e+03
2.520000e-06	-5.430595e-07	1.637420e-08	-3.850526e+00	1.072534e+03
2.530000e-06	-6.975350e-07	1.618587e-08	-4.945823e+00	1.060471e+03
2.540000e-06	-8.517250e-07	1.598495e-08	-6.039096e+00	1.047439e+03
2.550000e-06	-1.005639e-06	1.577301e-08	-7.130412e+00	1.033410e+03
2.560000e-06	-1.159225e-06	1.554851e-08	-8.219401e+00	1.018344e+03
2.570000e-06	-1.312440e-06	1.530757e-08	-9.305761e+00	1.002183e+03
2.580000e-06	-1.465197e-06	1.504131e-08	-1.038888e+01	9.848300e+02
2.590000e-06	-1.617321e-06	1.475053e-08	-1.146750e+01	9.661539e+02
2.600000e-06	-1.768792e-06	1.443856e-08	-1.254150e+01	9.459923e+02
2.610000e-06	-1.919630e-06	1.410629e-08	-1.361100e+01	9.241647e+02
2.620000e-06	-2.069801e-06	1.374719e-08	-1.467578e+01	9.004872e+02
2.630000e-06	-2.219303e-06	1.335747e-08	-1.573581e+01	8.747836e+02
2.640000e-06	-2.368035e-06	1.293760e-08	-1.679039e+01	8.468867e+02
2.650000e-06	-2.515849e-06	1.248196e-08	-1.783845e+01	8.166281e+02
2.660000e-06	-2.662709e-06	1.198394e-08	-1.887975e+01	7.838152e+02
2.670000e-06	-2.808636e-06	1.144007e-08	-1.991443e+01	7.482020e+02
2.680000e-06	-2.953597e-06	1.084920e-08	-2.094227e+01	7.094602e+02
2.690000e-06	-3.097538e-06	1.020544e-08	-2.196287e+01	6.671625e+02
2.700000e-06	-3.240372e-06	9.499083e-09	-2.297563e+01	6.207862e+02
2.710000e-06	-3.381983e-06	8.720954e-09	-2.397972e+01	5.697440e+02
2.720000e-06	-3.522245e-06	7.862398e-09	-2.497423e+01	5.134436e+02
2.730000e-06	-3.661134e-06	6.917017e-09	-2.595901e+01	4.513708e+02
2.740000e-06	-3.798634e-06	5.882719e-09	-2.693395e+01	3.831836e+02
2.750000e-06	-3.934660e-06	4.759656e-09	-2.789843e+01	3.088036e+02
2.760000e-06	-4.069246e-06	3.546517e-09	-2.885271e+01	2.284872e+02
2.770000e-06	-4.202408e-06	2.244631e-09	-2.979688e+01	1.428620e+02
2.780000e-06	-4.334056e-06	8.699361e-10	-3.073032e+01	5.291808e+01
2.790000e-06	-4.464207e-06	-5.524168e-10	-3.165314e+01	-4.004578e+01
2.800000e-06	-4.592873e-06	-1.996469e-09	-3.256544e+01	-1.345167e+02
2.810000e-06	-4.719932e-06	-3.438014e-09	-3.346634e+01	-2.288891e+02
2.820000e-06	-4.845286e-06	-4.856346e-09	-3.435516e+01	-3.215952e+02
2.830000e-06	-4.968876e-06	-6.228788e-09	-3.523146e+01	-4.112254e+02
2.840000e-06	-5.090684e-06	-7.533430e-09	-3.609514e+01	-4.966228e+02
2.850000e-06	-5.210734e-06	-8.759685e-09	-3.694634e+01	-5.769390e+02
2.860000e-06	-5.328819e-06	-9.901958e-09	-3.778362e+01	-6.516491e+02
2.870000e-06	-5.444707e-06	-1.095884e-08	-3.860531e+01	-7.205278e+02
2.880000e-06	-5.558417e-06	-1.192952e-08	-3.941156e+01	-7.835965e+02
2.890000e-06	-5.669910e-06	-1.281384e-08	-4.020210e+01	-8.410554e+02
2.900000e-06	-5.779255e-06	-1.361711e-08	-4.097740e+01	-8.932126e+02
2.910000e-06	-5.886615e-06	-1.434352e-08	-4.173863e+01	-9.404243e+02
2.920000e-06	-5.991979e-06	-1.500144e-08	-4.248571e+01	-9.830511e+02
2.930000e-06	-6.095187e-06	-1.559356e-08	-4.321750e+01	-1.021434e+03
2.940000e-06	-6.196121e-06	-1.612079e-08	-4.393316e+01	-1.055891e+03
2.950000e-06	-6.294826e-06	-1.658926e-08	-4.463302e+01	-1.086716e+03
2.960000e-06	-6.391429e-06	-1.700812e-08	-4.531798e+01	-1.114198e+03
2.970000e-06	-6.485800e-06	-1.738580e-08	-4.598711e+01	-1.138622e+03
2.980000e-06	-6.577815e-06	-1.772105e-08	-4.663954e+01	-1.160276e+03
2.990000e-06	-6.667576e-06	-1.801504e-08	-4.727598e+01	-1.179449e+03
3.000000e-06	-6.755008e-06	-1.827600e-08	-4.789591e+01	-1.196414e+03
3.010000e-06	-6.839993e-06	-1.850887e-08	-4.849849e+01	-1.211425e+03
3.020000e-06	-6.922538e-06	-1.871556e-08	-4.908377e+01	-1.224702e+03
3.030000e-06	-7.002695e-06	-1.889634e-08	-4.965212e+01	-1.236430e+03
3.040000e-06	-7.080249e-06	-1.905395e-08	-5.020201e+01	-1.246757e+03
3.050000e-06	-7.155034e-06	-1.919140e-08	-5.073227e+01	-1.255806e+03
3.060000e-06	-7.227143e-06	-1.930905e-08	-5.124355e+01	-1.263684e+03
3.070000e-06	-7.296582e-06	-1.941208e-08	-5.173590e+01	-1.270494e+03
3.080000e-06	-7.363448e-06	-1.950125e-08	-5.221001e+01	-1.276342e+03
3.090000e-06	-7.427825e-06	-1.957819e-08	-5.266647e+01	-1.281343e+03
3.100000e-06	-7.489528e-06	-1.964498e-08	-5.310397e+01	-1.285618e+03
3.110000e-06	-7.548497e-06	-1.970438e-08	-5.352209e+01	-1.289285e+03
3.120000e-06	-7.604831e-06	-1.975597e-08	-5.392152e+01	-1.292451e+03
3.130000e-06	-7.658293e-06	-1.979893e-08	-5.430059e+01	-1.295206e+03
3.140000e-06	-7.708681e-06	-1.983451e-08	-5.465786e+01	-1.297613e+03
3.150000e-06	-7.755929e-06	-1.986478e-08	-5.499287e+01	-1.299713e+03
3.160000e-06	-7.800361e-06	-1.989016e-08	-5.530791e+01	-1.301528e+03
3.170000e-06	-7.842367e-06	-1.991104e-08	-5.560575e+01	-1.303070e+03
3.180000e-06	-7.881699e-06	-1.992968e-08	-5.588463e+01	-1.304349e+03
3.190000e-06	-7.918214e-06	-1.994534e-08	-5.614354e+01	-1.305385e+03
3.200000e-06	-7.952043e-06	-1.995833e-08	-5.638340e+01	-1.306207e+03
3.210000e-06	-7.983059e-06	-1.996891e-08	-5.660332e+01	-1.306858e+03
3.220000e-06	-8.011137e-06	-1.997688e-08	-5.680241e+01	-1.307386e+03
3.230000e-06	-8.036425e-06	-1.998260e-08	-5.698171e+01	-1.307839e+03
3.240000e-06	-8.058928e-06	-1.998730e-08	-5.714126e+01	-1.308255e+03
3.250000e-06	-8.078580e-06	-1.999135e-08	-5.728061e+01	-1.308659e+03
3.260000e-06	-8.095374e-06	-1.999450e-08	-5.739968e+01	-1.309056e+03
3.270000e-06	-8.109097e-06	-1.999693e-08	-5.749698e+01	-1.309437e+03
3.280000e-06	-8.119683e-06	-2.000088e-08	-5.757204e+01	-1.309779e+03
3.290000e-06	-8.127390e-06	-2.000425e-08	-5.762669e+01	-1.310058e+03
3.300000e-06	-8.132226e-06	-2.000406e-08	-5.766098e+01	-1.310252e+03
3.310000e-06	-8.134253e-06	-2.000024e-08	-5.767535e+01	-1.310347e+03
