# Temperatura_=_94.03
# Concentracion g/m^3_=_24000.0
# C_Vs_to_Am_M_A/Vsm_=_65563218390.804596
# pendiente_HvsI_1/m_=_3716.3
# ordenada_HvsI_A/m_=_1297.0
# frecuencia_Hz_=_301520.8852871119

Tiempo_(s)	Campo_(V.s)	Magnetizacion_(V.s)	Campo_(kA/m)	Magnetizacion_(A/m)
0.000000e+00	-8.311156e-06	-2.093786e-08	-5.690851e+01	-1.369503e+03
1.000000e-08	-8.307926e-06	-2.093711e-08	-5.688640e+01	-1.369366e+03
2.000000e-08	-8.301990e-06	-2.093329e-08	-5.684575e+01	-1.369311e+03
3.000000e-08	-8.293325e-06	-2.092955e-08	-5.678642e+01	-1.369297e+03
4.000000e-08	-8.281747e-06	-2.092518e-08	-5.670714e+01	-1.369256e+03
5.000000e-08	-8.267092e-06	-2.091608e-08	-5.660679e+01	-1.369107e+03
6.000000e-08	-8.249446e-06	-2.090031e-08	-5.648597e+01	-1.368789e+03
7.000000e-08	-8.229271e-06	-2.086804e-08	-5.634783e+01	-1.368274e+03
8.000000e-08	-8.206423e-06	-2.088799e-08	-5.619138e+01	-1.367585e+03
9.000000e-08	-8.180292e-06	-2.092963e-08	-5.601246e+01	-1.366791e+03
1.000000e-07	-8.150903e-06	-2.090249e-08	-5.581123e+01	-1.365992e+03
1.100000e-07	-8.118615e-06	-2.087099e-08	-5.559014e+01	-1.365289e+03
1.200000e-07	-8.083482e-06	-2.086958e-08	-5.534957e+01	-1.364763e+03
1.300000e-07	-8.045721e-06	-2.085246e-08	-5.509101e+01	-1.364449e+03
1.400000e-07	-8.005740e-06	-2.078430e-08	-5.481726e+01	-1.364324e+03
1.500000e-07	-7.963311e-06	-2.081816e-08	-5.452673e+01	-1.364314e+03
1.600000e-07	-7.917953e-06	-2.087082e-08	-5.421616e+01	-1.364309e+03
1.700000e-07	-7.869676e-06	-2.079278e-08	-5.388559e+01	-1.364190e+03
1.800000e-07	-7.818376e-06	-2.083836e-08	-5.353433e+01	-1.363857e+03
1.900000e-07	-7.764007e-06	-2.081457e-08	-5.316205e+01	-1.363252e+03
2.000000e-07	-7.706728e-06	-2.077523e-08	-5.276985e+01	-1.362370e+03
2.100000e-07	-7.646643e-06	-2.078242e-08	-5.235843e+01	-1.361254e+03
2.200000e-07	-7.583951e-06	-2.073050e-08	-5.192916e+01	-1.359983e+03
2.300000e-07	-7.518560e-06	-2.075904e-08	-5.148142e+01	-1.358644e+03
2.400000e-07	-7.450310e-06	-2.071824e-08	-5.101409e+01	-1.357315e+03
2.500000e-07	-7.379246e-06	-2.071035e-08	-5.052750e+01	-1.356040e+03
2.600000e-07	-7.305292e-06	-2.068453e-08	-5.002112e+01	-1.354826e+03
2.700000e-07	-7.228523e-06	-2.065473e-08	-4.949546e+01	-1.353643e+03
2.800000e-07	-7.148939e-06	-2.062948e-08	-4.895053e+01	-1.352440e+03
2.900000e-07	-7.066708e-06	-2.059717e-08	-4.838748e+01	-1.351162e+03
3.000000e-07	-6.982170e-06	-2.063272e-08	-4.780862e+01	-1.349767e+03
3.100000e-07	-6.895247e-06	-2.058015e-08	-4.721344e+01	-1.348238e+03
3.200000e-07	-6.805839e-06	-2.053437e-08	-4.660124e+01	-1.346586e+03
3.300000e-07	-6.714020e-06	-2.050762e-08	-4.597254e+01	-1.344841e+03
3.400000e-07	-6.619871e-06	-2.049491e-08	-4.532787e+01	-1.343043e+03
3.500000e-07	-6.523337e-06	-2.047932e-08	-4.466688e+01	-1.341224e+03
3.600000e-07	-6.424363e-06	-2.044244e-08	-4.398918e+01	-1.339398e+03
3.700000e-07	-6.323112e-06	-2.041960e-08	-4.329589e+01	-1.337555e+03
3.800000e-07	-6.219580e-06	-2.038426e-08	-4.258698e+01	-1.335667e+03
3.900000e-07	-6.113720e-06	-2.035085e-08	-4.186213e+01	-1.333694e+03
4.000000e-07	-6.005669e-06	-2.030442e-08	-4.112228e+01	-1.331604e+03
4.100000e-07	-5.895487e-06	-2.028240e-08	-4.036784e+01	-1.329376e+03
4.200000e-07	-5.783105e-06	-2.025591e-08	-3.959833e+01	-1.327015e+03
4.300000e-07	-5.668459e-06	-2.021179e-08	-3.881332e+01	-1.324547e+03
4.400000e-07	-5.551655e-06	-2.016401e-08	-3.801354e+01	-1.322008e+03
4.500000e-07	-5.432765e-06	-2.013196e-08	-3.719947e+01	-1.319440e+03
4.600000e-07	-5.311913e-06	-2.009478e-08	-3.637197e+01	-1.316868e+03
4.700000e-07	-5.189165e-06	-2.004385e-08	-3.553148e+01	-1.314296e+03
4.800000e-07	-5.064531e-06	-2.000208e-08	-3.467808e+01	-1.311704e+03
4.900000e-07	-4.938083e-06	-1.997063e-08	-3.381226e+01	-1.309053e+03
5.000000e-07	-4.809807e-06	-1.993231e-08	-3.293392e+01	-1.306295e+03
5.100000e-07	-4.679801e-06	-1.987903e-08	-3.204374e+01	-1.303390e+03
5.200000e-07	-4.548132e-06	-1.983182e-08	-3.114217e+01	-1.300315e+03
5.300000e-07	-4.414791e-06	-1.978298e-08	-3.022915e+01	-1.297072e+03
5.400000e-07	-4.279865e-06	-1.973364e-08	-2.930528e+01	-1.293686e+03
5.500000e-07	-4.143376e-06	-1.968353e-08	-2.837070e+01	-1.290196e+03
5.600000e-07	-4.005308e-06	-1.963613e-08	-2.742532e+01	-1.286640e+03
5.700000e-07	-3.865659e-06	-1.957264e-08	-2.646911e+01	-1.283043e+03
5.800000e-07	-3.724435e-06	-1.950631e-08	-2.550212e+01	-1.279406e+03
5.900000e-07	-3.581773e-06	-1.945624e-08	-2.452528e+01	-1.275707e+03
6.000000e-07	-3.437808e-06	-1.940550e-08	-2.353951e+01	-1.271903e+03
6.100000e-07	-3.292528e-06	-1.933686e-08	-2.254474e+01	-1.267946e+03
6.200000e-07	-3.145964e-06	-1.926162e-08	-2.154118e+01	-1.263793e+03
6.300000e-07	-2.998321e-06	-1.920276e-08	-2.053024e+01	-1.259424e+03
6.400000e-07	-2.849747e-06	-1.913957e-08	-1.951291e+01	-1.254843e+03
6.500000e-07	-2.700213e-06	-1.906347e-08	-1.848902e+01	-1.250079e+03
6.600000e-07	-2.549778e-06	-1.898115e-08	-1.745895e+01	-1.245170e+03
6.700000e-07	-2.398465e-06	-1.890633e-08	-1.642287e+01	-1.240152e+03
6.800000e-07	-2.246325e-06	-1.883128e-08	-1.538113e+01	-1.235044e+03
6.900000e-07	-2.093432e-06	-1.874798e-08	-1.433424e+01	-1.229837e+03
7.000000e-07	-1.939744e-06	-1.866198e-08	-1.328190e+01	-1.224495e+03
7.100000e-07	-1.785330e-06	-1.857252e-08	-1.222459e+01	-1.218962e+03
7.200000e-07	-1.630262e-06	-1.848506e-08	-1.116280e+01	-1.213179e+03
7.300000e-07	-1.474543e-06	-1.839332e-08	-1.009656e+01	-1.207095e+03
7.400000e-07	-1.318241e-06	-1.829630e-08	-9.026319e+00	-1.200689e+03
7.500000e-07	-1.161373e-06	-1.819238e-08	-7.952203e+00	-1.193963e+03
7.600000e-07	-1.004020e-06	-1.808492e-08	-6.874770e+00	-1.186943e+03
7.700000e-07	-8.462642e-07	-1.797519e-08	-5.794578e+00	-1.179661e+03
7.800000e-07	-6.882124e-07	-1.786090e-08	-4.712358e+00	-1.172131e+03
7.900000e-07	-5.300051e-07	-1.773973e-08	-3.629075e+00	-1.164334e+03
8.000000e-07	-3.716687e-07	-1.761176e-08	-2.544907e+00	-1.156203e+03
8.100000e-07	-2.132377e-07	-1.747971e-08	-1.460090e+00	-1.147630e+03
8.200000e-07	-5.471179e-08	-1.733783e-08	-3.746250e-01	-1.138474e+03
8.300000e-07	1.038579e-07	-1.718343e-08	7.111406e-01	-1.128590e+03
8.400000e-07	2.623752e-07	-1.701618e-08	1.796547e+00	-1.117853e+03
8.500000e-07	4.207957e-07	-1.684009e-08	2.881291e+00	-1.106181e+03
8.600000e-07	5.791625e-07	-1.665076e-08	3.965667e+00	-1.093540e+03
8.700000e-07	7.373713e-07	-1.644535e-08	5.048961e+00	-1.079943e+03
8.800000e-07	8.953096e-07	-1.622454e-08	6.130403e+00	-1.065421e+03
8.900000e-07	1.052927e-06	-1.598953e-08	7.209651e+00	-1.049998e+03
9.000000e-07	1.210120e-06	-1.573972e-08	8.285986e+00	-1.033660e+03
9.100000e-07	1.366760e-06	-1.547032e-08	9.358536e+00	-1.016330e+03
9.200000e-07	1.522783e-06	-1.518273e-08	1.042686e+01	-9.978712e+02
9.300000e-07	1.678278e-06	-1.487687e-08	1.149158e+01	-9.780931e+02
9.400000e-07	1.833211e-06	-1.455104e-08	1.255244e+01	-9.567828e+02
9.500000e-07	1.987503e-06	-1.419757e-08	1.360892e+01	-9.337320e+02
9.600000e-07	2.141029e-06	-1.381576e-08	1.466015e+01	-9.087556e+02
9.700000e-07	2.293673e-06	-1.340781e-08	1.570534e+01	-8.816893e+02
9.800000e-07	2.445420e-06	-1.296783e-08	1.674439e+01	-8.523596e+02
9.900000e-07	2.596304e-06	-1.248505e-08	1.777753e+01	-8.205283e+02
1.000000e-06	2.746387e-06	-1.194929e-08	1.880518e+01	-7.858241e+02
1.010000e-06	2.895453e-06	-1.135789e-08	1.982587e+01	-7.476796e+02
1.020000e-06	3.043394e-06	-1.070138e-08	2.083886e+01	-7.052956e+02
1.030000e-06	3.190305e-06	-9.965670e-09	2.184480e+01	-6.576545e+02
1.040000e-06	3.336085e-06	-9.132692e-09	2.284299e+01	-6.035927e+02
1.050000e-06	3.480676e-06	-8.186025e-09	2.383304e+01	-5.419328e+02
1.060000e-06	3.624090e-06	-7.114536e-09	2.481503e+01	-4.716603e+02
1.070000e-06	3.766191e-06	-5.904569e-09	2.578803e+01	-3.921174e+02
1.080000e-06	3.906772e-06	-4.548869e-09	2.675062e+01	-3.031795e+02
1.090000e-06	4.045790e-06	-3.049604e-09	2.770251e+01	-2.053779e+02
1.100000e-06	4.183229e-06	-1.429154e-09	2.864359e+01	-9.994134e+01
1.110000e-06	4.319147e-06	2.789079e-10	2.957426e+01	1.125861e+01
1.120000e-06	4.453606e-06	2.035036e-09	3.049493e+01	1.258546e+02
1.130000e-06	4.586461e-06	3.799030e-09	3.140462e+01	2.412027e+02
1.140000e-06	4.717629e-06	5.527499e-09	3.230276e+01	3.546388e+02
1.150000e-06	4.847059e-06	7.179947e-09	3.318900e+01	4.637315e+02
1.160000e-06	4.974765e-06	8.729186e-09	3.406343e+01	5.664902e+02
1.170000e-06	5.100766e-06	1.015657e-08	3.492619e+01	6.615001e+02
1.180000e-06	5.224995e-06	1.145898e-08	3.577682e+01	7.479679e+02
1.190000e-06	5.347375e-06	1.263443e-08	3.661478e+01	8.256809e+02
1.200000e-06	5.467847e-06	1.368290e-08	3.743968e+01	8.948969e+02
1.210000e-06	5.586331e-06	1.461296e-08	3.825097e+01	9.561952e+02
1.220000e-06	5.702681e-06	1.543778e-08	3.904765e+01	1.010320e+03
1.230000e-06	5.816825e-06	1.616532e-08	3.982922e+01	1.058044e+03
1.240000e-06	5.928775e-06	1.679821e-08	4.059577e+01	1.100078e+03
1.250000e-06	6.038569e-06	1.734749e-08	4.134755e+01	1.137024e+03
1.260000e-06	6.146215e-06	1.782732e-08	4.208463e+01	1.169378e+03
1.270000e-06	6.251640e-06	1.824581e-08	4.280650e+01	1.197558e+03
1.280000e-06	6.354830e-06	1.860840e-08	4.351307e+01	1.221945e+03
1.290000e-06	6.455780e-06	1.892094e-08	4.420430e+01	1.242925e+03
1.300000e-06	6.554336e-06	1.919131e-08	4.487914e+01	1.260901e+03
1.310000e-06	6.650454e-06	1.942572e-08	4.553728e+01	1.276292e+03
1.320000e-06	6.744280e-06	1.963021e-08	4.617973e+01	1.289515e+03
1.330000e-06	6.835776e-06	1.981007e-08	4.680622e+01	1.300949e+03
1.340000e-06	6.924859e-06	1.996423e-08	4.741620e+01	1.310908e+03
1.350000e-06	7.011526e-06	2.009428e-08	4.800963e+01	1.319629e+03
1.360000e-06	7.095735e-06	2.020410e-08	4.858623e+01	1.327265e+03
1.370000e-06	7.177394e-06	2.029717e-08	4.914537e+01	1.333912e+03
1.380000e-06	7.256462e-06	2.037649e-08	4.968677e+01	1.339630e+03
1.390000e-06	7.332900e-06	2.044454e-08	5.021016e+01	1.344478e+03
1.400000e-06	7.406584e-06	2.050657e-08	5.071469e+01	1.348535e+03
1.410000e-06	7.477586e-06	2.056269e-08	5.120086e+01	1.351911e+03
1.420000e-06	7.545992e-06	2.061064e-08	5.166925e+01	1.354742e+03
1.430000e-06	7.611618e-06	2.064915e-08	5.211861e+01	1.357171e+03
1.440000e-06	7.674507e-06	2.068126e-08	5.254922e+01	1.359325e+03
1.450000e-06	7.734839e-06	2.071044e-08	5.296233e+01	1.361295e+03
1.460000e-06	7.792471e-06	2.073767e-08	5.335695e+01	1.363122e+03
1.470000e-06	7.847232e-06	2.076290e-08	5.373191e+01	1.364805e+03
1.480000e-06	7.898865e-06	2.078137e-08	5.408546e+01	1.366307e+03
1.490000e-06	7.947305e-06	2.079458e-08	5.441713e+01	1.367585e+03
1.500000e-06	7.992876e-06	2.080847e-08	5.472918e+01	1.368608e+03
1.510000e-06	8.035655e-06	2.082236e-08	5.502209e+01	1.369379e+03
1.520000e-06	8.075567e-06	2.083332e-08	5.529538e+01	1.369935e+03
1.530000e-06	8.112725e-06	2.084069e-08	5.554981e+01	1.370345e+03
1.540000e-06	8.147059e-06	2.084683e-08	5.578490e+01	1.370691e+03
1.550000e-06	8.178459e-06	2.085388e-08	5.599991e+01	1.371045e+03
1.560000e-06	8.207078e-06	2.086320e-08	5.619587e+01	1.371450e+03
1.570000e-06	8.232725e-06	2.087106e-08	5.637148e+01	1.371907e+03
1.580000e-06	8.255284e-06	2.087509e-08	5.652595e+01	1.372382e+03
1.590000e-06	8.275080e-06	2.087838e-08	5.666149e+01	1.372815e+03
1.600000e-06	8.292034e-06	2.088341e-08	5.677758e+01	1.373138e+03
1.610000e-06	8.305942e-06	2.088809e-08	5.687281e+01	1.373305e+03
1.620000e-06	8.316615e-06	2.089002e-08	5.694590e+01	1.373301e+03
1.630000e-06	8.324119e-06	2.088911e-08	5.699727e+01	1.373152e+03
1.640000e-06	8.328795e-06	2.088798e-08	5.702929e+01	1.372916e+03
1.650000e-06	8.330578e-06	2.089164e-08	5.704150e+01	1.372664e+03
1.660000e-06	8.329466e-06	2.089276e-08	5.703389e+01	1.372459e+03
1.670000e-06	8.325668e-06	2.089139e-08	5.700788e+01	1.372338e+03
1.680000e-06	8.319081e-06	2.088929e-08	5.696278e+01	1.372293e+03
1.690000e-06	8.309689e-06	2.088562e-08	5.689847e+01	1.372280e+03
1.700000e-06	8.297467e-06	2.088087e-08	5.681478e+01	1.372225e+03
1.710000e-06	8.282363e-06	2.088373e-08	5.671136e+01	1.372049e+03
1.720000e-06	8.264672e-06	2.090424e-08	5.659023e+01	1.371695e+03
1.730000e-06	8.244581e-06	2.089762e-08	5.645266e+01	1.371146e+03
1.740000e-06	8.221500e-06	2.082420e-08	5.629462e+01	1.370432e+03
1.750000e-06	8.194795e-06	2.082668e-08	5.611176e+01	1.369629e+03
1.760000e-06	8.164448e-06	2.084157e-08	5.590397e+01	1.368839e+03
1.770000e-06	8.131018e-06	2.080831e-08	5.567506e+01	1.368162e+03
1.780000e-06	8.095170e-06	2.080970e-08	5.542961e+01	1.367673e+03
1.790000e-06	8.056921e-06	2.087550e-08	5.516770e+01	1.367396e+03
1.800000e-06	8.016382e-06	2.078553e-08	5.489013e+01	1.367298e+03
1.810000e-06	7.973369e-06	2.079031e-08	5.459560e+01	1.367297e+03
1.820000e-06	7.927568e-06	2.084375e-08	5.428200e+01	1.367279e+03
1.830000e-06	7.878929e-06	2.076579e-08	5.394895e+01	1.367128e+03
1.840000e-06	7.827126e-06	2.086944e-08	5.359424e+01	1.366748e+03
1.850000e-06	7.772338e-06	2.082002e-08	5.321909e+01	1.366093e+03
1.860000e-06	7.714779e-06	2.084832e-08	5.282497e+01	1.365164e+03
1.870000e-06	7.654466e-06	2.084151e-08	5.241200e+01	1.364014e+03
1.880000e-06	7.591408e-06	2.072248e-08	5.198022e+01	1.362723e+03
1.890000e-06	7.525489e-06	2.076003e-08	5.152886e+01	1.361381e+03
1.900000e-06	7.456734e-06	2.069379e-08	5.105808e+01	1.360059e+03
1.910000e-06	7.385047e-06	2.074037e-08	5.056722e+01	1.358795e+03
1.920000e-06	7.310628e-06	2.071195e-08	5.005765e+01	1.357589e+03
1.930000e-06	7.233485e-06	2.069418e-08	4.952944e+01	1.356406e+03
1.940000e-06	7.153540e-06	2.068982e-08	4.898203e+01	1.355193e+03
1.950000e-06	7.071058e-06	2.058513e-08	4.841726e+01	1.353896e+03
1.960000e-06	6.986038e-06	2.063817e-08	4.783511e+01	1.352477e+03
1.970000e-06	6.898450e-06	2.059423e-08	4.723537e+01	1.350924e+03
1.980000e-06	6.808308e-06	2.060609e-08	4.661815e+01	1.349252e+03
1.990000e-06	6.715792e-06	2.055138e-08	4.598467e+01	1.347495e+03
2.000000e-06	6.620965e-06	2.051087e-08	4.533536e+01	1.345691e+03
2.010000e-06	6.523816e-06	2.050494e-08	4.467016e+01	1.343870e+03
2.020000e-06	6.424392e-06	2.045149e-08	4.398938e+01	1.342042e+03
2.030000e-06	6.322604e-06	2.044609e-08	4.329241e+01	1.340193e+03
2.040000e-06	6.218436e-06	2.039543e-08	4.257915e+01	1.338292e+03
2.050000e-06	6.112003e-06	2.039790e-08	4.185038e+01	1.336300e+03
2.060000e-06	6.003579e-06	2.034376e-08	4.110797e+01	1.334185e+03
2.070000e-06	5.893018e-06	2.031473e-08	4.035093e+01	1.331933e+03
2.080000e-06	5.780124e-06	2.027739e-08	3.957792e+01	1.329550e+03
2.090000e-06	5.664955e-06	2.024116e-08	3.878933e+01	1.327065e+03
2.100000e-06	5.547592e-06	2.019928e-08	3.798572e+01	1.324518e+03
2.110000e-06	5.428137e-06	2.016350e-08	3.716778e+01	1.321947e+03
2.120000e-06	5.306700e-06	2.014267e-08	3.633627e+01	1.319375e+03
2.130000e-06	5.183391e-06	2.009443e-08	3.549195e+01	1.316801e+03
2.140000e-06	5.058233e-06	2.004956e-08	3.463496e+01	1.314202e+03
2.150000e-06	4.931239e-06	2.000046e-08	3.376539e+01	1.311534e+03
2.160000e-06	4.802420e-06	1.996938e-08	3.288334e+01	1.308752e+03
2.170000e-06	4.671925e-06	1.991747e-08	3.198981e+01	1.305817e+03
2.180000e-06	4.539856e-06	1.987609e-08	3.108550e+01	1.302711e+03
2.190000e-06	4.406225e-06	1.982831e-08	3.017050e+01	1.299440e+03
2.200000e-06	4.270942e-06	1.977438e-08	2.924418e+01	1.296032e+03
2.210000e-06	4.134003e-06	1.971174e-08	2.830653e+01	1.292527e+03
2.220000e-06	3.995499e-06	1.966684e-08	2.735815e+01	1.288962e+03
2.230000e-06	3.855508e-06	1.962542e-08	2.639960e+01	1.285358e+03
2.240000e-06	3.714054e-06	1.956766e-08	2.543104e+01	1.281712e+03
2.250000e-06	3.571204e-06	1.950223e-08	2.445290e+01	1.277998e+03
2.260000e-06	3.426987e-06	1.944304e-08	2.346542e+01	1.274169e+03
2.270000e-06	3.281433e-06	1.938622e-08	2.246877e+01	1.270179e+03
2.280000e-06	3.134798e-06	1.931490e-08	2.146473e+01	1.265988e+03
2.290000e-06	2.987138e-06	1.924550e-08	2.045366e+01	1.261579e+03
2.300000e-06	2.838444e-06	1.918153e-08	1.943552e+01	1.256963e+03
2.310000e-06	2.688782e-06	1.912057e-08	1.841075e+01	1.252169e+03
2.320000e-06	2.538183e-06	1.905123e-08	1.737956e+01	1.247238e+03
2.330000e-06	2.386624e-06	1.897516e-08	1.634180e+01	1.242203e+03
2.340000e-06	2.234174e-06	1.889215e-08	1.529793e+01	1.237078e+03
2.350000e-06	2.080919e-06	1.880864e-08	1.424856e+01	1.231850e+03
2.360000e-06	1.926910e-06	1.872808e-08	1.319402e+01	1.226478e+03
2.370000e-06	1.772283e-06	1.864180e-08	1.213525e+01	1.220905e+03
2.380000e-06	1.617045e-06	1.854546e-08	1.107230e+01	1.215070e+03
2.390000e-06	1.461199e-06	1.844843e-08	1.000519e+01	1.208929e+03
2.400000e-06	1.304803e-06	1.835812e-08	8.934302e+00	1.202464e+03
2.410000e-06	1.148007e-06	1.826772e-08	7.860687e+00	1.195683e+03
2.420000e-06	9.908334e-07	1.816681e-08	6.784478e+00	1.188614e+03
2.430000e-06	8.333176e-07	1.805215e-08	5.705929e+00	1.181287e+03
2.440000e-06	6.754920e-07	1.793140e-08	4.625259e+00	1.173711e+03
2.450000e-06	5.174028e-07	1.781120e-08	3.542783e+00	1.165860e+03
2.460000e-06	3.591540e-07	1.768703e-08	2.459215e+00	1.157659e+03
2.470000e-06	2.007226e-07	1.755309e-08	1.374397e+00	1.148992e+03
2.480000e-06	4.221747e-08	1.740778e-08	2.890733e-01	1.139716e+03
2.490000e-06	-1.162835e-07	1.725369e-08	-7.962215e-01	1.129688e+03
2.500000e-06	-2.747244e-07	1.709258e-08	-1.881105e+00	1.118788e+03
2.510000e-06	-4.330326e-07	1.691894e-08	-2.965080e+00	1.106943e+03
2.520000e-06	-5.911245e-07	1.672683e-08	-4.047574e+00	1.094129e+03
2.530000e-06	-7.489599e-07	1.651765e-08	-5.128311e+00	1.080364e+03
2.540000e-06	-9.065051e-07	1.629470e-08	-6.207062e+00	1.065680e+03
2.550000e-06	-1.063698e-06	1.605820e-08	-7.283399e+00	1.050096e+03
2.560000e-06	-1.220437e-06	1.580585e-08	-8.356631e+00	1.033588e+03
2.570000e-06	-1.376658e-06	1.553521e-08	-9.426314e+00	1.016068e+03
2.580000e-06	-1.532412e-06	1.524632e-08	-1.049280e+01	9.973876e+02
2.590000e-06	-1.687672e-06	1.494048e-08	-1.155590e+01	9.773513e+02
2.600000e-06	-1.842380e-06	1.461442e-08	-1.261522e+01	9.557445e+02
2.610000e-06	-1.996502e-06	1.426120e-08	-1.367053e+01	9.323622e+02
2.620000e-06	-2.149863e-06	1.387726e-08	-1.472064e+01	9.070239e+02
2.630000e-06	-2.302313e-06	1.346252e-08	-1.576450e+01	8.795667e+02
2.640000e-06	-2.453919e-06	1.301572e-08	-1.680258e+01	8.498102e+02
2.650000e-06	-2.604646e-06	1.252858e-08	-1.783464e+01	8.174976e+02
2.660000e-06	-2.754357e-06	1.199249e-08	-1.885976e+01	7.822267e+02
2.670000e-06	-2.903049e-06	1.139855e-08	-1.987788e+01	7.433901e+02
2.680000e-06	-3.050771e-06	1.073372e-08	-2.088937e+01	7.001470e+02
2.690000e-06	-3.197554e-06	9.987455e-09	-2.189443e+01	6.514467e+02
2.700000e-06	-3.343225e-06	9.146612e-09	-2.289188e+01	5.961118e+02
2.710000e-06	-3.487595e-06	8.193260e-09	-2.388041e+01	5.329801e+02
2.720000e-06	-3.630666e-06	7.110859e-09	-2.486006e+01	4.610867e+02
2.730000e-06	-3.772334e-06	5.889188e-09	-2.583009e+01	3.798572e+02
2.740000e-06	-3.912526e-06	4.524109e-09	-2.679002e+01	2.892770e+02
2.750000e-06	-4.051325e-06	3.018961e-09	-2.774041e+01	1.900016e+02
2.760000e-06	-4.188643e-06	1.392704e-09	-2.868066e+01	8.338143e+01
2.770000e-06	-4.324380e-06	-3.219806e-10	-2.961008e+01	-2.861018e+01
2.780000e-06	-4.458508e-06	-2.084954e-09	-3.052849e+01	-1.435389e+02
2.790000e-06	-4.591017e-06	-3.849794e-09	-3.143581e+01	-2.587378e+02
2.800000e-06	-4.721992e-06	-5.573046e-09	-3.233263e+01	-3.715669e+02
2.810000e-06	-4.851352e-06	-7.222346e-09	-3.321839e+01	-4.796596e+02
2.820000e-06	-4.978970e-06	-8.774305e-09	-3.409222e+01	-5.811209e+02
2.830000e-06	-5.104761e-06	-1.020805e-08	-3.495354e+01	-6.746464e+02
2.840000e-06	-5.228760e-06	-1.151003e-08	-3.580260e+01	-7.595516e+02
2.850000e-06	-5.350998e-06	-1.268029e-08	-3.663959e+01	-8.357174e+02
2.860000e-06	-5.471214e-06	-1.372745e-08	-3.746274e+01	-9.034708e+02
2.870000e-06	-5.589221e-06	-1.465978e-08	-3.827076e+01	-9.634315e+02
2.880000e-06	-5.705043e-06	-1.548337e-08	-3.906383e+01	-1.016358e+03
2.890000e-06	-5.818573e-06	-1.620521e-08	-3.984119e+01	-1.063017e+03
2.900000e-06	-5.929818e-06	-1.683905e-08	-4.060291e+01	-1.104102e+03
2.910000e-06	-6.038969e-06	-1.739571e-08	-4.135030e+01	-1.140195e+03
2.920000e-06	-6.146051e-06	-1.788001e-08	-4.208351e+01	-1.171775e+03
2.930000e-06	-6.250997e-06	-1.829832e-08	-4.280210e+01	-1.199250e+03
2.940000e-06	-6.353697e-06	-1.866111e-08	-4.350531e+01	-1.223001e+03
2.950000e-06	-6.454128e-06	-1.897934e-08	-4.419299e+01	-1.243415e+03
2.960000e-06	-6.552324e-06	-1.925597e-08	-4.486536e+01	-1.260898e+03
2.970000e-06	-6.648203e-06	-1.949242e-08	-4.552187e+01	-1.275873e+03
2.980000e-06	-6.741707e-06	-1.969469e-08	-4.616211e+01	-1.288751e+03
2.990000e-06	-6.832846e-06	-1.986908e-08	-4.678616e+01	-1.299901e+03
3.000000e-06	-6.921635e-06	-2.002052e-08	-4.739413e+01	-1.309625e+03
3.010000e-06	-7.007962e-06	-2.015152e-08	-4.798523e+01	-1.318142e+03
3.020000e-06	-7.091772e-06	-2.026326e-08	-4.855909e+01	-1.325597e+03
3.030000e-06	-7.173143e-06	-2.035999e-08	-4.911626e+01	-1.332074e+03
3.040000e-06	-7.251848e-06	-2.044337e-08	-4.965518e+01	-1.337633e+03
3.050000e-06	-7.327674e-06	-2.051546e-08	-5.017437e+01	-1.342333e+03
3.060000e-06	-7.400781e-06	-2.057744e-08	-5.067496e+01	-1.346260e+03
3.070000e-06	-7.471213e-06	-2.063058e-08	-5.115722e+01	-1.349529e+03
3.080000e-06	-7.538928e-06	-2.067583e-08	-5.162088e+01	-1.352279e+03
3.090000e-06	-7.604048e-06	-2.071561e-08	-5.206677e+01	-1.354650e+03
3.100000e-06	-7.666451e-06	-2.075068e-08	-5.249406e+01	-1.356767e+03
3.110000e-06	-7.726040e-06	-2.078128e-08	-5.290208e+01	-1.358709e+03
3.120000e-06	-7.782851e-06	-2.080867e-08	-5.329108e+01	-1.360513e+03
3.130000e-06	-7.836722e-06	-2.083052e-08	-5.365995e+01	-1.362167e+03
3.140000e-06	-7.887532e-06	-2.084759e-08	-5.400786e+01	-1.363633e+03
3.150000e-06	-7.935195e-06	-2.086532e-08	-5.433422e+01	-1.364867e+03
3.160000e-06	-7.980015e-06	-2.088340e-08	-5.464111e+01	-1.365845e+03
3.170000e-06	-8.022329e-06	-2.089747e-08	-5.493085e+01	-1.366573e+03
3.180000e-06	-8.061872e-06	-2.090759e-08	-5.520161e+01	-1.367098e+03
3.190000e-06	-8.098520e-06	-2.091689e-08	-5.545254e+01	-1.367491e+03
3.200000e-06	-8.132453e-06	-2.092614e-08	-5.568489e+01	-1.367835e+03
3.210000e-06	-8.163541e-06	-2.093297e-08	-5.589776e+01	-1.368196e+03
3.220000e-06	-8.191621e-06	-2.093712e-08	-5.609003e+01	-1.368611e+03
3.230000e-06	-8.216855e-06	-2.094038e-08	-5.626281e+01	-1.369076e+03
3.240000e-06	-8.239180e-06	-2.094319e-08	-5.641568e+01	-1.369549e+03
3.250000e-06	-8.258593e-06	-2.094674e-08	-5.654861e+01	-1.369967e+03
3.260000e-06	-8.275193e-06	-2.094981e-08	-5.666227e+01	-1.370265e+03
3.270000e-06	-8.288626e-06	-2.094983e-08	-5.675425e+01	-1.370402e+03
3.280000e-06	-8.298895e-06	-2.094963e-08	-5.682456e+01	-1.370370e+03
3.290000e-06	-8.306143e-06	-2.094897e-08	-5.687419e+01	-1.370201e+03
3.300000e-06	-8.310432e-06	-2.094712e-08	-5.690356e+01	-1.369957e+03
3.310000e-06	-8.311969e-06	-2.094114e-08	-5.691408e+01	-1.369710e+03
