# Temperatura_=_74.22
# Concentracion g/m^3_=_24000.0
# C_Vs_to_Am_M_A/Vsm_=_65563218390.804596
# pendiente_HvsI_1/m_=_3716.3
# ordenada_HvsI_A/m_=_1297.0
# frecuencia_Hz_=_300805.58871639735

Tiempo_(s)	Campo_(V.s)	Magnetizacion_(V.s)	Campo_(kA/m)	Magnetizacion_(A/m)
0.000000e+00	-5.414108e-06	-1.231834e-08	-3.832558e+01	-8.062400e+02
1.000000e-08	-5.411210e-06	-1.232904e-08	-3.830507e+01	-8.068373e+02
2.000000e-08	-5.406523e-06	-1.233723e-08	-3.827189e+01	-8.073083e+02
3.000000e-08	-5.400211e-06	-1.234357e-08	-3.822722e+01	-8.076640e+02
4.000000e-08	-5.392326e-06	-1.234408e-08	-3.817140e+01	-8.079093e+02
5.000000e-08	-5.382528e-06	-1.234031e-08	-3.810204e+01	-8.080418e+02
6.000000e-08	-5.370619e-06	-1.233613e-08	-3.801773e+01	-8.080528e+02
7.000000e-08	-5.356726e-06	-1.233326e-08	-3.791939e+01	-8.079300e+02
8.000000e-08	-5.340564e-06	-1.236053e-08	-3.780498e+01	-8.076619e+02
9.000000e-08	-5.322073e-06	-1.239387e-08	-3.767408e+01	-8.072416e+02
1.000000e-07	-5.301635e-06	-1.235957e-08	-3.752941e+01	-8.066703e+02
1.100000e-07	-5.279477e-06	-1.231959e-08	-3.737256e+01	-8.059575e+02
1.200000e-07	-5.255778e-06	-1.228233e-08	-3.720479e+01	-8.051202e+02
1.300000e-07	-5.230551e-06	-1.221697e-08	-3.702622e+01	-8.041785e+02
1.400000e-07	-5.203597e-06	-1.228055e-08	-3.683542e+01	-8.031507e+02
1.500000e-07	-5.174969e-06	-1.229868e-08	-3.663276e+01	-8.020488e+02
1.600000e-07	-5.144895e-06	-1.218039e-08	-3.641987e+01	-8.008742e+02
1.700000e-07	-5.113107e-06	-1.223267e-08	-3.619485e+01	-7.996176e+02
1.800000e-07	-5.079191e-06	-1.222820e-08	-3.595477e+01	-7.982599e+02
1.900000e-07	-5.043536e-06	-1.215377e-08	-3.570237e+01	-7.967774e+02
2.000000e-07	-5.006338e-06	-1.222838e-08	-3.543905e+01	-7.951467e+02
2.100000e-07	-4.967358e-06	-1.217031e-08	-3.516312e+01	-7.933511e+02
2.200000e-07	-4.926544e-06	-1.207421e-08	-3.487420e+01	-7.913848e+02
2.300000e-07	-4.883735e-06	-1.207646e-08	-3.457117e+01	-7.892545e+02
2.400000e-07	-4.839141e-06	-1.204363e-08	-3.425549e+01	-7.869778e+02
2.500000e-07	-4.792844e-06	-1.202299e-08	-3.392776e+01	-7.845798e+02
2.600000e-07	-4.744546e-06	-1.195137e-08	-3.358587e+01	-7.820865e+02
2.700000e-07	-4.694145e-06	-1.187168e-08	-3.322909e+01	-7.795190e+02
2.800000e-07	-4.641764e-06	-1.186705e-08	-3.285829e+01	-7.768888e+02
2.900000e-07	-4.587695e-06	-1.185012e-08	-3.247555e+01	-7.741948e+02
3.000000e-07	-4.532083e-06	-1.181293e-08	-3.208188e+01	-7.714247e+02
3.100000e-07	-4.474773e-06	-1.174967e-08	-3.167619e+01	-7.685578e+02
3.200000e-07	-4.415671e-06	-1.168956e-08	-3.125781e+01	-7.655708e+02
3.300000e-07	-4.355052e-06	-1.164754e-08	-3.082871e+01	-7.624428e+02
3.400000e-07	-4.293070e-06	-1.160554e-08	-3.038994e+01	-7.591611e+02
3.500000e-07	-4.229642e-06	-1.155665e-08	-2.994095e+01	-7.557232e+02
3.600000e-07	-4.164605e-06	-1.146571e-08	-2.948056e+01	-7.521369e+02
3.700000e-07	-4.097852e-06	-1.141213e-08	-2.900802e+01	-7.484178e+02
3.800000e-07	-4.029578e-06	-1.138483e-08	-2.852472e+01	-7.445849e+02
3.900000e-07	-3.959953e-06	-1.132744e-08	-2.803186e+01	-7.406551e+02
4.000000e-07	-3.889034e-06	-1.126306e-08	-2.752984e+01	-7.366395e+02
4.100000e-07	-3.816838e-06	-1.117901e-08	-2.701878e+01	-7.325405e+02
4.200000e-07	-3.743126e-06	-1.112297e-08	-2.649698e+01	-7.283521e+02
4.300000e-07	-3.667762e-06	-1.107076e-08	-2.596349e+01	-7.240612e+02
4.400000e-07	-3.590943e-06	-1.099602e-08	-2.541970e+01	-7.196523e+02
4.500000e-07	-3.512659e-06	-1.091220e-08	-2.486554e+01	-7.151108e+02
4.600000e-07	-3.432851e-06	-1.083581e-08	-2.430059e+01	-7.104273e+02
4.700000e-07	-3.351725e-06	-1.077851e-08	-2.372632e+01	-7.055992e+02
4.800000e-07	-3.269417e-06	-1.070904e-08	-2.314367e+01	-7.006311e+02
4.900000e-07	-3.186064e-06	-1.062917e-08	-2.255363e+01	-6.955330e+02
5.000000e-07	-3.101825e-06	-1.054447e-08	-2.195732e+01	-6.903174e+02
5.100000e-07	-3.016682e-06	-1.046055e-08	-2.135460e+01	-6.849956e+02
5.200000e-07	-2.930545e-06	-1.037574e-08	-2.074485e+01	-6.795749e+02
5.300000e-07	-2.843448e-06	-1.029139e-08	-2.012831e+01	-6.740572e+02
5.400000e-07	-2.755530e-06	-1.020873e-08	-1.950595e+01	-6.684389e+02
5.500000e-07	-2.666622e-06	-1.011921e-08	-1.887658e+01	-6.627120e+02
5.600000e-07	-2.576476e-06	-1.002525e-08	-1.823845e+01	-6.568669e+02
5.700000e-07	-2.485218e-06	-9.934844e-09	-1.759245e+01	-6.508949e+02
5.800000e-07	-2.393120e-06	-9.845673e-09	-1.694050e+01	-6.447901e+02
5.900000e-07	-2.300292e-06	-9.752399e-09	-1.628339e+01	-6.385504e+02
6.000000e-07	-2.206684e-06	-9.655544e-09	-1.562075e+01	-6.321774e+02
6.100000e-07	-2.112322e-06	-9.557549e-09	-1.495278e+01	-6.256748e+02
6.200000e-07	-2.017298e-06	-9.456694e-09	-1.428012e+01	-6.190464e+02
6.300000e-07	-1.921617e-06	-9.349065e-09	-1.360281e+01	-6.122944e+02
6.400000e-07	-1.825187e-06	-9.240053e-09	-1.292020e+01	-6.054177e+02
6.500000e-07	-1.727940e-06	-9.128694e-09	-1.223181e+01	-5.984116e+02
6.600000e-07	-1.629883e-06	-9.014070e-09	-1.153768e+01	-5.912684e+02
6.700000e-07	-1.531140e-06	-8.903226e-09	-1.083869e+01	-5.839787e+02
6.800000e-07	-1.431845e-06	-8.796897e-09	-1.013580e+01	-5.765334e+02
6.900000e-07	-1.332084e-06	-8.685463e-09	-9.429604e+00	-5.689246e+02
7.000000e-07	-1.231966e-06	-8.564096e-09	-8.720886e+00	-5.611469e+02
7.100000e-07	-1.131451e-06	-8.440891e-09	-8.009354e+00	-5.531973e+02
7.200000e-07	-1.030562e-06	-8.319625e-09	-7.295179e+00	-5.450739e+02
7.300000e-07	-9.293525e-07	-8.193114e-09	-6.578735e+00	-5.367748e+02
7.400000e-07	-8.277542e-07	-8.054944e-09	-5.859537e+00	-5.282959e+02
7.500000e-07	-7.258525e-07	-7.911941e-09	-5.138192e+00	-5.196295e+02
7.600000e-07	-6.237116e-07	-7.771888e-09	-4.415153e+00	-5.107633e+02
7.700000e-07	-5.213270e-07	-7.636332e-09	-3.690388e+00	-5.016802e+02
7.800000e-07	-4.187812e-07	-7.500297e-09	-2.964484e+00	-4.923586e+02
7.900000e-07	-3.160949e-07	-7.356957e-09	-2.237584e+00	-4.827733e+02
8.000000e-07	-2.133180e-07	-7.208628e-09	-1.510043e+00	-4.728966e+02
8.100000e-07	-1.104947e-07	-7.055015e-09	-7.821741e-01	-4.626992e+02
8.200000e-07	-7.615980e-09	-6.892404e-09	-5.391228e-02	-4.521507e+02
8.300000e-07	9.525701e-08	-6.717527e-09	6.743089e-01	-4.412201e+02
8.400000e-07	1.980802e-07	-6.535323e-09	1.402177e+00	-4.298761e+02
8.500000e-07	3.008394e-07	-6.351254e-09	2.129593e+00	-4.180869e+02
8.600000e-07	4.034819e-07	-6.165570e-09	2.856183e+00	-4.058205e+02
8.700000e-07	5.059612e-07	-5.974773e-09	3.581617e+00	-3.930458e+02
8.800000e-07	6.082905e-07	-5.772878e-09	4.305989e+00	-3.797332e+02
8.900000e-07	7.104490e-07	-5.560694e-09	5.029153e+00	-3.658558e+02
9.000000e-07	8.123578e-07	-5.342044e-09	5.750548e+00	-3.513901e+02
9.100000e-07	9.139449e-07	-5.115712e-09	6.469667e+00	-3.363172e+02
9.200000e-07	1.015178e-06	-4.875232e-09	7.186278e+00	-3.206228e+02
9.300000e-07	1.116032e-06	-4.621229e-09	7.900212e+00	-3.042966e+02
9.400000e-07	1.216494e-06	-4.357660e-09	8.611363e+00	-2.873321e+02
9.500000e-07	1.316616e-06	-4.087361e-09	9.320113e+00	-2.697251e+02
9.600000e-07	1.416399e-06	-3.809832e-09	1.002646e+01	-2.514729e+02
9.700000e-07	1.515733e-06	-3.522687e-09	1.072963e+01	-2.325739e+02
9.800000e-07	1.614541e-06	-3.225857e-09	1.142907e+01	-2.130267e+02
9.900000e-07	1.712629e-06	-2.917942e-09	1.212342e+01	-1.928308e+02
1.000000e-06	1.809824e-06	-2.598128e-09	1.281145e+01	-1.719869e+02
1.010000e-06	1.906267e-06	-2.267314e-09	1.349415e+01	-1.504971e+02
1.020000e-06	2.002010e-06	-1.926617e-09	1.417190e+01	-1.283661e+02
1.030000e-06	2.097044e-06	-1.576388e-09	1.484463e+01	-1.056007e+02
1.040000e-06	2.191394e-06	-1.219069e-09	1.551252e+01	-8.221097e+01
1.050000e-06	2.285020e-06	-8.530874e-10	1.617528e+01	-5.820930e+01
1.060000e-06	2.377926e-06	-4.788684e-10	1.683295e+01	-3.361119e+01
1.070000e-06	2.470117e-06	-9.530760e-11	1.748555e+01	-8.435429e+00
1.080000e-06	2.561575e-06	2.993648e-10	1.813297e+01	1.729515e+01
1.090000e-06	2.652112e-06	7.021010e-10	1.877387e+01	4.355251e+01
1.100000e-06	2.741454e-06	1.111250e-09	1.940631e+01	7.030214e+01
1.110000e-06	2.829625e-06	1.525710e-09	2.003046e+01	9.750179e+01
1.120000e-06	2.916845e-06	1.947371e-09	2.064787e+01	1.251005e+02
1.130000e-06	3.003129e-06	2.375702e-09	2.125866e+01	1.530381e+02
1.140000e-06	3.088377e-06	2.807839e-09	2.186212e+01	1.812456e+02
1.150000e-06	3.172622e-06	3.238498e-09	2.245848e+01	2.096456e+02
1.160000e-06	3.255934e-06	3.668644e-09	2.304823e+01	2.381531e+02
1.170000e-06	3.338152e-06	4.102781e-09	2.363023e+01	2.666767e+02
1.180000e-06	3.419104e-06	4.538034e-09	2.420328e+01	2.951186e+02
1.190000e-06	3.498758e-06	4.967310e-09	2.476714e+01	3.233752e+02
1.200000e-06	3.577111e-06	5.388843e-09	2.532179e+01	3.513368e+02
1.210000e-06	3.654234e-06	5.806226e-09	2.586772e+01	3.788879e+02
1.220000e-06	3.730069e-06	6.219610e-09	2.640455e+01	4.059075e+02
1.230000e-06	3.804391e-06	6.624783e-09	2.693067e+01	4.322713e+02
1.240000e-06	3.877036e-06	7.017064e-09	2.744490e+01	4.578551e+02
1.250000e-06	3.948243e-06	7.392035e-09	2.794897e+01	4.825389e+02
1.260000e-06	4.018160e-06	7.749506e-09	2.844390e+01	5.062135e+02
1.270000e-06	4.086692e-06	8.091818e-09	2.892902e+01	5.287857e+02
1.280000e-06	4.153893e-06	8.417015e-09	2.940473e+01	5.501840e+02
1.290000e-06	4.219504e-06	8.721640e-09	2.986918e+01	5.703619e+02
1.300000e-06	4.283452e-06	9.006023e-09	3.032186e+01	5.892996e+02
1.310000e-06	4.345947e-06	9.272519e-09	3.076425e+01	6.070021e+02
1.320000e-06	4.407015e-06	9.522554e-09	3.119654e+01	6.234953e+02
1.330000e-06	4.466803e-06	9.756118e-09	3.161977e+01	6.388209e+02
1.340000e-06	4.525136e-06	9.971167e-09	3.203270e+01	6.530300e+02
1.350000e-06	4.581639e-06	1.016799e-08	3.243267e+01	6.661777e+02
1.360000e-06	4.636365e-06	1.034865e-08	3.282007e+01	6.783192e+02
1.370000e-06	4.689399e-06	1.051606e-08	3.319549e+01	6.895084e+02
1.380000e-06	4.740590e-06	1.066968e-08	3.355786e+01	6.997982e+02
1.390000e-06	4.789748e-06	1.081153e-08	3.390584e+01	7.092419e+02
1.400000e-06	4.837011e-06	1.094389e-08	3.424041e+01	7.178964e+02
1.410000e-06	4.882577e-06	1.106514e-08	3.456297e+01	7.258233e+02
1.420000e-06	4.926539e-06	1.117650e-08	3.487417e+01	7.330897e+02
1.430000e-06	4.968737e-06	1.127803e-08	3.517288e+01	7.397663e+02
1.440000e-06	5.008986e-06	1.137022e-08	3.545780e+01	7.459240e+02
1.450000e-06	5.047521e-06	1.145578e-08	3.573058e+01	7.516294e+02
1.460000e-06	5.084465e-06	1.153660e-08	3.599210e+01	7.569406e+02
1.470000e-06	5.119786e-06	1.161314e-08	3.624213e+01	7.619027e+02
1.480000e-06	5.153180e-06	1.168317e-08	3.647852e+01	7.665476e+02
1.490000e-06	5.184637e-06	1.174714e-08	3.670120e+01	7.708935e+02
1.500000e-06	5.214420e-06	1.180846e-08	3.691203e+01	7.749493e+02
1.510000e-06	5.242527e-06	1.186808e-08	3.711100e+01	7.787181e+02
1.520000e-06	5.268722e-06	1.192262e-08	3.729643e+01	7.822028e+02
1.530000e-06	5.292805e-06	1.196959e-08	3.746690e+01	7.854101e+02
1.540000e-06	5.314971e-06	1.201212e-08	3.762382e+01	7.883525e+02
1.550000e-06	5.335440e-06	1.205407e-08	3.776871e+01	7.910485e+02
1.560000e-06	5.354211e-06	1.209287e-08	3.790158e+01	7.935205e+02
1.570000e-06	5.370997e-06	1.212685e-08	3.802041e+01	7.957915e+02
1.580000e-06	5.385740e-06	1.215564e-08	3.812478e+01	7.978813e+02
1.590000e-06	5.398603e-06	1.218189e-08	3.821583e+01	7.998036e+02
1.600000e-06	5.409316e-06	1.220774e-08	3.829166e+01	8.015650e+02
1.610000e-06	5.417792e-06	1.223160e-08	3.835166e+01	8.031655e+02
1.620000e-06	5.424328e-06	1.225453e-08	3.839794e+01	8.046013e+02
1.630000e-06	5.429106e-06	1.227547e-08	3.843175e+01	8.058681e+02
1.640000e-06	5.432097e-06	1.229335e-08	3.845293e+01	8.069645e+02
1.650000e-06	5.433096e-06	1.230902e-08	3.846000e+01	8.078941e+02
1.660000e-06	5.432159e-06	1.231989e-08	3.845337e+01	8.086666e+02
1.670000e-06	5.429545e-06	1.232776e-08	3.843486e+01	8.092951e+02
1.680000e-06	5.425317e-06	1.233686e-08	3.840493e+01	8.097945e+02
1.690000e-06	5.419260e-06	1.234261e-08	3.836206e+01	8.101766e+02
1.700000e-06	5.411331e-06	1.234642e-08	3.830593e+01	8.104479e+02
1.710000e-06	5.401770e-06	1.235043e-08	3.823825e+01	8.106076e+02
1.720000e-06	5.390580e-06	1.235694e-08	3.815904e+01	8.106479e+02
1.730000e-06	5.377572e-06	1.235400e-08	3.806696e+01	8.105573e+02
1.740000e-06	5.362503e-06	1.229164e-08	3.796029e+01	8.103234e+02
1.750000e-06	5.345082e-06	1.227344e-08	3.783696e+01	8.099384e+02
1.760000e-06	5.325159e-06	1.230817e-08	3.769594e+01	8.094013e+02
1.770000e-06	5.302875e-06	1.231981e-08	3.753819e+01	8.087200e+02
1.780000e-06	5.278914e-06	1.237649e-08	3.736857e+01	8.079101e+02
1.790000e-06	5.253966e-06	1.230750e-08	3.719197e+01	8.069914e+02
1.800000e-06	5.227704e-06	1.219453e-08	3.700606e+01	8.059832e+02
1.810000e-06	5.199500e-06	1.228947e-08	3.680641e+01	8.048990e+02
1.820000e-06	5.169449e-06	1.223203e-08	3.659369e+01	8.037428e+02
1.830000e-06	5.137568e-06	1.216386e-08	3.636801e+01	8.025075e+02
1.840000e-06	5.103754e-06	1.225346e-08	3.612864e+01	8.011758e+02
1.850000e-06	5.068345e-06	1.210998e-08	3.587799e+01	7.997245e+02
1.860000e-06	5.031174e-06	1.206087e-08	3.561486e+01	7.981296e+02
1.870000e-06	4.992043e-06	1.215115e-08	3.533786e+01	7.963727e+02
1.880000e-06	4.951224e-06	1.206450e-08	3.504891e+01	7.944452e+02
1.890000e-06	4.908628e-06	1.204374e-08	3.474737e+01	7.923512e+02
1.900000e-06	4.864389e-06	1.197565e-08	3.443422e+01	7.901064e+02
1.910000e-06	4.818495e-06	1.195019e-08	3.410934e+01	7.877345e+02
1.920000e-06	4.770723e-06	1.203782e-08	3.377117e+01	7.852620e+02
1.930000e-06	4.721275e-06	1.191014e-08	3.342114e+01	7.827115e+02
1.940000e-06	4.670000e-06	1.186795e-08	3.305817e+01	7.800967e+02
1.950000e-06	4.616800e-06	1.184736e-08	3.268157e+01	7.774194e+02
1.960000e-06	4.561706e-06	1.178400e-08	3.229157e+01	7.746695e+02
1.970000e-06	4.504812e-06	1.178765e-08	3.188883e+01	7.718278e+02
1.980000e-06	4.446454e-06	1.169332e-08	3.147572e+01	7.688708e+02
1.990000e-06	4.386630e-06	1.166881e-08	3.105224e+01	7.657768e+02
2.000000e-06	4.325173e-06	1.161600e-08	3.061719e+01	7.625310e+02
2.010000e-06	4.262055e-06	1.157484e-08	3.017039e+01	7.591286e+02
2.020000e-06	4.197361e-06	1.156414e-08	2.971243e+01	7.555754e+02
2.030000e-06	4.131214e-06	1.142726e-08	2.924419e+01	7.518856e+02
2.040000e-06	4.063610e-06	1.136975e-08	2.876564e+01	7.480779e+02
2.050000e-06	3.994609e-06	1.131950e-08	2.827719e+01	7.441700e+02
2.060000e-06	3.924077e-06	1.130662e-08	2.777790e+01	7.401747e+02
2.070000e-06	3.851945e-06	1.125569e-08	2.726729e+01	7.360962e+02
2.080000e-06	3.778406e-06	1.112095e-08	2.674672e+01	7.319302e+02
2.090000e-06	3.703512e-06	1.108008e-08	2.621656e+01	7.276650e+02
2.100000e-06	3.627219e-06	1.102767e-08	2.567649e+01	7.232851e+02
2.110000e-06	3.549318e-06	1.098001e-08	2.512504e+01	7.187754e+02
2.120000e-06	3.469928e-06	1.088629e-08	2.456305e+01	7.141252e+02
2.130000e-06	3.389358e-06	1.079186e-08	2.399271e+01	7.093303e+02
2.140000e-06	3.307679e-06	1.073303e-08	2.341452e+01	7.043939e+02
2.150000e-06	3.224910e-06	1.064791e-08	2.282861e+01	6.993250e+02
2.160000e-06	3.141150e-06	1.058647e-08	2.223569e+01	6.941360e+02
2.170000e-06	3.056327e-06	1.050045e-08	2.163524e+01	6.888385e+02
2.180000e-06	2.970208e-06	1.041852e-08	2.102562e+01	6.834410e+02
2.190000e-06	2.882835e-06	1.032927e-08	2.040712e+01	6.779466e+02
2.200000e-06	2.794477e-06	1.025410e-08	1.978165e+01	6.723528e+02
2.210000e-06	2.705250e-06	1.018232e-08	1.915002e+01	6.666523e+02
2.220000e-06	2.615040e-06	1.006967e-08	1.851144e+01	6.608358e+02
2.230000e-06	2.523949e-06	9.967468e-09	1.786662e+01	6.548940e+02
2.240000e-06	2.432174e-06	9.878241e-09	1.721696e+01	6.488203e+02
2.250000e-06	2.339647e-06	9.800477e-09	1.656198e+01	6.426119e+02
2.260000e-06	2.246228e-06	9.700539e-09	1.590069e+01	6.362696e+02
2.270000e-06	2.151817e-06	9.598510e-09	1.523236e+01	6.297968e+02
2.280000e-06	2.056411e-06	9.504255e-09	1.455700e+01	6.231975e+02
2.290000e-06	1.960217e-06	9.403571e-09	1.387605e+01	6.164743e+02
2.300000e-06	1.863501e-06	9.302348e-09	1.319142e+01	6.096270e+02
2.310000e-06	1.766279e-06	9.198798e-09	1.250320e+01	6.026516e+02
2.320000e-06	1.668407e-06	9.090310e-09	1.181038e+01	5.955409e+02
2.330000e-06	1.569934e-06	8.966231e-09	1.111331e+01	5.882858e+02
2.340000e-06	1.470986e-06	8.850731e-09	1.041287e+01	5.808769e+02
2.350000e-06	1.371620e-06	8.747002e-09	9.709477e+00	5.733061e+02
2.360000e-06	1.271859e-06	8.634882e-09	9.003283e+00	5.655673e+02
2.370000e-06	1.171723e-06	8.505999e-09	8.294434e+00	5.576571e+02
2.380000e-06	1.071204e-06	8.379464e-09	7.582876e+00	5.495735e+02
2.390000e-06	9.702404e-07	8.265946e-09	6.868174e+00	5.413146e+02
2.400000e-06	8.688781e-07	8.146240e-09	6.150647e+00	5.328771e+02
2.410000e-06	7.672067e-07	8.012489e-09	5.430931e+00	5.242541e+02
2.420000e-06	6.652043e-07	7.870935e-09	4.708873e+00	5.154344e+02
2.430000e-06	5.628642e-07	7.732275e-09	3.984424e+00	5.064019e+02
2.440000e-06	4.602779e-07	7.596937e-09	3.258232e+00	4.971358e+02
2.450000e-06	3.574711e-07	7.455537e-09	2.530480e+00	4.876116e+02
2.460000e-06	2.544437e-07	7.303222e-09	1.801166e+00	4.778022e+02
2.470000e-06	1.513043e-07	7.142903e-09	1.071059e+00	4.676784e+02
2.480000e-06	4.816429e-08	6.983368e-09	3.409471e-01	4.572101e+02
2.490000e-06	-5.496669e-08	6.827921e-09	-3.891002e-01	4.463665e+02
2.500000e-06	-1.580766e-07	6.665643e-09	-1.118999e+00	4.351161e+02
2.510000e-06	-2.611203e-07	6.485273e-09	-1.848428e+00	4.234273e+02
2.520000e-06	-3.640223e-07	6.291835e-09	-2.576855e+00	4.112682e+02
2.530000e-06	-4.666985e-07	6.098870e-09	-3.303682e+00	3.986074e+02
2.540000e-06	-5.691138e-07	5.905083e-09	-4.028664e+00	3.854149e+02
2.550000e-06	-6.712627e-07	5.696831e-09	-4.751759e+00	3.716630e+02
2.560000e-06	-7.730738e-07	5.471578e-09	-5.472464e+00	3.573275e+02
2.570000e-06	-8.744798e-07	5.240836e-09	-6.190300e+00	3.423884e+02
2.580000e-06	-9.754823e-07	5.008702e-09	-6.905280e+00	3.268306e+02
2.590000e-06	-1.076103e-06	4.767587e-09	-7.617561e+00	3.106428e+02
2.600000e-06	-1.176372e-06	4.510834e-09	-8.327345e+00	2.938179e+02
2.610000e-06	-1.276293e-06	4.241205e-09	-9.034672e+00	2.763512e+02
2.620000e-06	-1.375757e-06	3.963859e-09	-9.738756e+00	2.582399e+02
2.630000e-06	-1.474732e-06	3.679859e-09	-1.043939e+01	2.394820e+02
2.640000e-06	-1.573275e-06	3.387628e-09	-1.113696e+01	2.200761e+02
2.650000e-06	-1.671245e-06	3.083488e-09	-1.183047e+01	2.000217e+02
2.660000e-06	-1.768629e-06	2.765739e-09	-1.251984e+01	1.793188e+02
2.670000e-06	-1.865476e-06	2.438651e-09	-1.320540e+01	1.579695e+02
2.680000e-06	-1.961793e-06	2.106207e-09	-1.388722e+01	1.359778e+02
2.690000e-06	-2.057589e-06	1.765667e-09	-1.456534e+01	1.133500e+02
2.700000e-06	-2.152695e-06	1.411719e-09	-1.523858e+01	9.009549e+01
2.710000e-06	-2.246890e-06	1.047504e-09	-1.590537e+01	6.622613e+01
2.720000e-06	-2.340112e-06	6.761329e-10	-1.656527e+01	4.175676e+01
2.730000e-06	-2.432416e-06	2.949332e-10	-1.721868e+01	1.670540e+01
2.740000e-06	-2.523825e-06	-9.605839e-11	-1.786575e+01	-8.906066e+00
2.750000e-06	-2.614262e-06	-4.950588e-10	-1.850593e+01	-3.505082e+01
2.760000e-06	-2.703721e-06	-8.991201e-10	-1.913920e+01	-6.169586e+01
2.770000e-06	-2.792329e-06	-1.309867e-09	-1.976644e+01	-8.880067e+01
2.780000e-06	-2.880136e-06	-1.728739e-09	-2.038801e+01	-1.163162e+02
2.790000e-06	-2.966978e-06	-2.153458e-09	-2.100276e+01	-1.441843e+02
2.800000e-06	-3.052561e-06	-2.584252e-09	-2.160858e+01	-1.723379e+02
2.810000e-06	-3.136867e-06	-3.019024e-09	-2.220537e+01	-2.007011e+02
2.820000e-06	-3.220125e-06	-3.455465e-09	-2.279474e+01	-2.291907e+02
2.830000e-06	-3.302362e-06	-3.892799e-09	-2.337688e+01	-2.577165e+02
2.840000e-06	-3.383496e-06	-4.330180e-09	-2.395122e+01	-2.861820e+02
2.850000e-06	-3.463573e-06	-4.765402e-09	-2.451807e+01	-3.144850e+02
2.860000e-06	-3.542429e-06	-5.193148e-09	-2.507627e+01	-3.425170e+02
2.870000e-06	-3.619719e-06	-5.610816e-09	-2.562340e+01	-3.701636e+02
2.880000e-06	-3.695482e-06	-6.021140e-09	-2.615971e+01	-3.973051e+02
2.890000e-06	-3.769878e-06	-6.426809e-09	-2.668635e+01	-4.238176e+02
2.900000e-06	-3.842925e-06	-6.825305e-09	-2.720344e+01	-4.495764e+02
2.910000e-06	-3.914643e-06	-7.211087e-09	-2.771112e+01	-4.744604e+02
2.920000e-06	-3.984897e-06	-7.577361e-09	-2.820843e+01	-4.983574e+02
2.930000e-06	-4.053582e-06	-7.922693e-09	-2.869465e+01	-5.211703e+02
2.940000e-06	-4.120806e-06	-8.251168e-09	-2.917051e+01	-5.428225e+02
2.950000e-06	-4.186636e-06	-8.566079e-09	-2.963651e+01	-5.632621e+02
2.960000e-06	-4.251114e-06	-8.862899e-09	-3.009294e+01	-5.824636e+02
2.970000e-06	-4.314176e-06	-9.138789e-09	-3.053935e+01	-6.004268e+02
2.980000e-06	-4.375534e-06	-9.397362e-09	-3.097369e+01	-6.171737e+02
2.990000e-06	-4.435255e-06	-9.639980e-09	-3.139644e+01	-6.327430e+02
3.000000e-06	-4.493529e-06	-9.865824e-09	-3.180896e+01	-6.471844e+02
3.010000e-06	-4.550323e-06	-1.007392e-08	-3.221100e+01	-6.605525e+02
3.020000e-06	-4.605487e-06	-1.026541e-08	-3.260149e+01	-6.729026e+02
3.030000e-06	-4.658659e-06	-1.044139e-08	-3.297789e+01	-6.842891e+02
3.040000e-06	-4.709819e-06	-1.060355e-08	-3.334004e+01	-6.947647e+02
3.050000e-06	-4.759138e-06	-1.075089e-08	-3.368916e+01	-7.043827e+02
3.060000e-06	-4.806478e-06	-1.088343e-08	-3.402427e+01	-7.131990e+02
3.070000e-06	-4.852059e-06	-1.100563e-08	-3.434693e+01	-7.212739e+02
3.080000e-06	-4.896206e-06	-1.112060e-08	-3.465944e+01	-7.286736e+02
3.090000e-06	-4.938866e-06	-1.122638e-08	-3.496143e+01	-7.354682e+02
3.100000e-06	-4.979917e-06	-1.132358e-08	-3.525202e+01	-7.417288e+02
3.110000e-06	-5.019326e-06	-1.141408e-08	-3.553099e+01	-7.475236e+02
3.120000e-06	-5.056898e-06	-1.149729e-08	-3.579696e+01	-7.529125e+02
3.130000e-06	-5.092587e-06	-1.157377e-08	-3.604959e+01	-7.579440e+02
3.140000e-06	-5.126528e-06	-1.164492e-08	-3.628986e+01	-7.626524e+02
3.150000e-06	-5.158743e-06	-1.171336e-08	-3.651790e+01	-7.670590e+02
3.160000e-06	-5.189058e-06	-1.177708e-08	-3.673249e+01	-7.711742e+02
3.170000e-06	-5.217419e-06	-1.183526e-08	-3.693326e+01	-7.750019e+02
3.180000e-06	-5.243994e-06	-1.188641e-08	-3.712138e+01	-7.785448e+02
3.190000e-06	-5.268738e-06	-1.193384e-08	-3.729653e+01	-7.818083e+02
3.200000e-06	-5.291595e-06	-1.198291e-08	-3.745834e+01	-7.848037e+02
3.210000e-06	-5.312505e-06	-1.202991e-08	-3.760636e+01	-7.875483e+02
3.220000e-06	-5.331576e-06	-1.206952e-08	-3.774136e+01	-7.900640e+02
3.230000e-06	-5.348898e-06	-1.210455e-08	-3.786398e+01	-7.923738e+02
3.240000e-06	-5.364267e-06	-1.213782e-08	-3.797277e+01	-7.944987e+02
3.250000e-06	-5.377465e-06	-1.216987e-08	-3.806620e+01	-7.964537e+02
3.260000e-06	-5.388599e-06	-1.219746e-08	-3.814502e+01	-7.982470e+02
3.270000e-06	-5.397832e-06	-1.221960e-08	-3.821037e+01	-7.998798e+02
3.280000e-06	-5.405181e-06	-1.224012e-08	-3.826239e+01	-8.013489e+02
3.290000e-06	-5.410543e-06	-1.225899e-08	-3.830035e+01	-8.026498e+02
3.300000e-06	-5.414000e-06	-1.227558e-08	-3.832482e+01	-8.037802e+02
3.310000e-06	-5.415703e-06	-1.228868e-08	-3.833688e+01	-8.047426e+02
3.320000e-06	-5.415592e-06	-1.230245e-08	-3.833609e+01	-8.055453e+02
