# Temperatura_=_46.54
# Concentracion g/m^3_=_24000.0
# C_Vs_to_Am_M_A/Vsm_=_65563218390.804596
# pendiente_HvsI_1/m_=_3716.3
# ordenada_HvsI_A/m_=_1297.0
# frecuencia_Hz_=_300808.51561452757

Tiempo_(s)	Campo_(V.s)	Magnetizacion_(V.s)	Campo_(kA/m)	Magnetizacion_(A/m)
0.000000e+00	-5.409917e-06	-1.079582e-08	-3.832747e+01	-7.065012e+02
1.000000e-08	-5.407207e-06	-1.080338e-08	-3.830828e+01	-7.069109e+02
2.000000e-08	-5.402737e-06	-1.080785e-08	-3.827660e+01	-7.071774e+02
3.000000e-08	-5.396690e-06	-1.081258e-08	-3.823377e+01	-7.073078e+02
4.000000e-08	-5.389028e-06	-1.081146e-08	-3.817948e+01	-7.073095e+02
5.000000e-08	-5.379414e-06	-1.080397e-08	-3.811137e+01	-7.071897e+02
6.000000e-08	-5.367706e-06	-1.079631e-08	-3.802842e+01	-7.069547e+02
7.000000e-08	-5.354080e-06	-1.078246e-08	-3.793189e+01	-7.066100e+02
8.000000e-08	-5.338157e-06	-1.080593e-08	-3.781908e+01	-7.061595e+02
9.000000e-08	-5.319888e-06	-1.086088e-08	-3.768964e+01	-7.056051e+02
1.000000e-07	-5.299713e-06	-1.081975e-08	-3.754671e+01	-7.049473e+02
1.100000e-07	-5.277755e-06	-1.076321e-08	-3.739115e+01	-7.041842e+02
1.200000e-07	-5.254185e-06	-1.073750e-08	-3.722417e+01	-7.033127e+02
1.300000e-07	-5.229193e-06	-1.063229e-08	-3.704711e+01	-7.023281e+02
1.400000e-07	-5.202566e-06	-1.070625e-08	-3.685846e+01	-7.012253e+02
1.500000e-07	-5.174217e-06	-1.079033e-08	-3.665762e+01	-6.999996e+02
1.600000e-07	-5.144337e-06	-1.060855e-08	-3.644593e+01	-6.986479e+02
1.700000e-07	-5.112793e-06	-1.067536e-08	-3.622245e+01	-6.971692e+02
1.800000e-07	-5.079149e-06	-1.069758e-08	-3.598409e+01	-6.955661e+02
1.900000e-07	-5.043680e-06	-1.052746e-08	-3.573280e+01	-6.938437e+02
2.000000e-07	-5.006669e-06	-1.062322e-08	-3.547059e+01	-6.920103e+02
2.100000e-07	-4.967860e-06	-1.056943e-08	-3.519565e+01	-6.900752e+02
2.200000e-07	-4.927235e-06	-1.045235e-08	-3.490783e+01	-6.880480e+02
2.300000e-07	-4.884639e-06	-1.052356e-08	-3.460605e+01	-6.859362e+02
2.400000e-07	-4.840229e-06	-1.048638e-08	-3.429142e+01	-6.837443e+02
2.500000e-07	-4.794210e-06	-1.044112e-08	-3.396539e+01	-6.814725e+02
2.600000e-07	-4.746295e-06	-1.037898e-08	-3.362593e+01	-6.791166e+02
2.700000e-07	-4.696248e-06	-1.029849e-08	-3.327137e+01	-6.766689e+02
2.800000e-07	-4.644203e-06	-1.030027e-08	-3.290264e+01	-6.741193e+02
2.900000e-07	-4.590389e-06	-1.026890e-08	-3.252139e+01	-6.714574e+02
3.000000e-07	-4.534938e-06	-1.023187e-08	-3.212854e+01	-6.686745e+02
3.100000e-07	-4.477800e-06	-1.017317e-08	-3.172373e+01	-6.657647e+02
3.200000e-07	-4.418890e-06	-1.012365e-08	-3.130638e+01	-6.627260e+02
3.300000e-07	-4.358409e-06	-1.008188e-08	-3.087789e+01	-6.595603e+02
3.400000e-07	-4.296524e-06	-1.000646e-08	-3.043945e+01	-6.562721e+02
3.500000e-07	-4.233231e-06	-9.979013e-09	-2.999104e+01	-6.528677e+02
3.600000e-07	-4.168388e-06	-9.911274e-09	-2.953165e+01	-6.493527e+02
3.700000e-07	-4.101849e-06	-9.857820e-09	-2.906024e+01	-6.457313e+02
3.800000e-07	-4.033776e-06	-9.825150e-09	-2.857797e+01	-6.420050e+02
3.900000e-07	-3.964372e-06	-9.741513e-09	-2.808626e+01	-6.381724e+02
4.000000e-07	-3.893658e-06	-9.679378e-09	-2.758528e+01	-6.342297e+02
4.100000e-07	-3.821704e-06	-9.609490e-09	-2.707551e+01	-6.301725e+02
4.200000e-07	-3.748278e-06	-9.567407e-09	-2.655531e+01	-6.259962e+02
4.300000e-07	-3.673156e-06	-9.509826e-09	-2.602310e+01	-6.216982e+02
4.400000e-07	-3.596500e-06	-9.430584e-09	-2.548001e+01	-6.172781e+02
4.500000e-07	-3.518382e-06	-9.358823e-09	-2.492658e+01	-6.127380e+02
4.600000e-07	-3.438771e-06	-9.284287e-09	-2.436256e+01	-6.080821e+02
4.700000e-07	-3.357848e-06	-9.219562e-09	-2.378924e+01	-6.033149e+02
4.800000e-07	-3.275756e-06	-9.135445e-09	-2.320765e+01	-5.984406e+02
4.900000e-07	-3.192572e-06	-9.061942e-09	-2.261832e+01	-5.934615e+02
5.000000e-07	-3.108511e-06	-8.997884e-09	-2.202277e+01	-5.883772e+02
5.100000e-07	-3.023608e-06	-8.919667e-09	-2.142127e+01	-5.831848e+02
5.200000e-07	-2.937646e-06	-8.823810e-09	-2.081225e+01	-5.778791e+02
5.300000e-07	-2.850606e-06	-8.729961e-09	-2.019560e+01	-5.724543e+02
5.400000e-07	-2.762752e-06	-8.656515e-09	-1.957319e+01	-5.669050e+02
5.500000e-07	-2.674000e-06	-8.582369e-09	-1.894441e+01	-5.612277e+02
5.600000e-07	-2.584029e-06	-8.494277e-09	-1.830699e+01	-5.554216e+02
5.700000e-07	-2.492880e-06	-8.397434e-09	-1.766123e+01	-5.494887e+02
5.800000e-07	-2.400911e-06	-8.298554e-09	-1.700966e+01	-5.434334e+02
5.900000e-07	-2.308283e-06	-8.203623e-09	-1.635342e+01	-5.372611e+02
6.000000e-07	-2.214878e-06	-8.109803e-09	-1.569168e+01	-5.309771e+02
6.100000e-07	-2.120697e-06	-8.013141e-09	-1.502444e+01	-5.245846e+02
6.200000e-07	-2.025818e-06	-7.913716e-09	-1.435225e+01	-5.180841e+02
6.300000e-07	-1.930276e-06	-7.813389e-09	-1.367536e+01	-5.114731e+02
6.400000e-07	-1.834087e-06	-7.716045e-09	-1.299390e+01	-5.047457e+02
6.500000e-07	-1.737196e-06	-7.609196e-09	-1.230746e+01	-4.978944e+02
6.600000e-07	-1.639481e-06	-7.489282e-09	-1.161518e+01	-4.909109e+02
6.700000e-07	-1.540957e-06	-7.374174e-09	-1.091717e+01	-4.837878e+02
6.800000e-07	-1.441777e-06	-7.272437e-09	-1.021452e+01	-4.765195e+02
6.900000e-07	-1.342134e-06	-7.167856e-09	-9.508572e+00	-4.691033e+02
7.000000e-07	-1.242146e-06	-7.046313e-09	-8.800194e+00	-4.615389e+02
7.100000e-07	-1.141791e-06	-6.920215e-09	-8.089214e+00	-4.538279e+02
7.200000e-07	-1.041066e-06	-6.802082e-09	-7.375610e+00	-4.459722e+02
7.300000e-07	-9.399805e-07	-6.686027e-09	-6.659451e+00	-4.379727e+02
7.400000e-07	-8.385546e-07	-6.558635e-09	-5.940882e+00	-4.298273e+02
7.500000e-07	-7.368109e-07	-6.425965e-09	-5.220061e+00	-4.215303e+02
7.600000e-07	-6.347575e-07	-6.296264e-09	-4.497047e+00	-4.130709e+02
7.700000e-07	-5.324568e-07	-6.166746e-09	-3.772280e+00	-4.044335e+02
7.800000e-07	-4.299887e-07	-6.031090e-09	-3.046328e+00	-3.955983e+02
7.900000e-07	-3.273992e-07	-5.885837e-09	-2.319515e+00	-3.865420e+02
8.000000e-07	-2.246949e-07	-5.741829e-09	-1.591889e+00	-3.772390e+02
8.100000e-07	-1.219675e-07	-5.601687e-09	-8.640992e-01	-3.676628e+02
8.200000e-07	-1.925060e-08	-5.456682e-09	-1.363841e-01	-3.577867e+02
8.300000e-07	8.348851e-08	-5.297910e-09	5.914885e-01	-3.475848e+02
8.400000e-07	1.861947e-07	-5.129061e-09	1.319128e+00	-3.370323e+02
8.500000e-07	2.888393e-07	-4.954748e-09	2.046331e+00	-3.261051e+02
8.600000e-07	3.914006e-07	-4.779037e-09	2.772944e+00	-3.147802e+02
8.700000e-07	4.938446e-07	-4.602983e-09	3.498726e+00	-3.030351e+02
8.800000e-07	5.961559e-07	-4.420133e-09	4.223567e+00	-2.908482e+02
8.900000e-07	6.982702e-07	-4.228508e-09	4.947013e+00	-2.781983e+02
9.000000e-07	8.001001e-07	-4.028562e-09	5.668445e+00	-2.650655e+02
9.100000e-07	9.016419e-07	-3.822833e-09	6.387835e+00	-2.514321e+02
9.200000e-07	1.002838e-06	-3.605753e-09	7.104774e+00	-2.372830e+02
9.300000e-07	1.103634e-06	-3.376672e-09	7.818883e+00	-2.226068e+02
9.400000e-07	1.204099e-06	-3.139942e-09	8.530643e+00	-2.073970e+02
9.500000e-07	1.304277e-06	-2.899683e-09	9.240373e+00	-1.916520e+02
9.600000e-07	1.404078e-06	-2.652529e-09	9.947426e+00	-1.753756e+02
9.700000e-07	1.503363e-06	-2.395953e-09	1.065083e+01	-1.585767e+02
9.800000e-07	1.602035e-06	-2.133703e-09	1.134989e+01	-1.412685e+02
9.900000e-07	1.700014e-06	-1.864218e-09	1.204404e+01	-1.234679e+02
1.000000e-06	1.797285e-06	-1.587074e-09	1.273317e+01	-1.051939e+02
1.010000e-06	1.893813e-06	-1.301780e-09	1.341704e+01	-8.646741e+01
1.020000e-06	1.989586e-06	-1.010214e-09	1.409556e+01	-6.730954e+01
1.030000e-06	2.084627e-06	-7.118339e-10	1.476889e+01	-4.774184e+01
1.040000e-06	2.178956e-06	-4.069874e-10	1.543718e+01	-2.778587e+01
1.050000e-06	2.272615e-06	-9.614986e-11	1.610072e+01	-7.463594e+00
1.060000e-06	2.365587e-06	2.196324e-10	1.675940e+01	1.320215e+01
1.070000e-06	2.457850e-06	5.384873e-10	1.741305e+01	3.418704e+01
1.080000e-06	2.549323e-06	8.632506e-10	1.806111e+01	5.546464e+01
1.090000e-06	2.639826e-06	1.192321e-09	1.870229e+01	7.700603e+01
1.100000e-06	2.729223e-06	1.527234e-09	1.933564e+01	9.877959e+01
1.110000e-06	2.817464e-06	1.864980e-09	1.996080e+01	1.207511e+02
1.120000e-06	2.904689e-06	2.202698e-09	2.057876e+01	1.428835e+02
1.130000e-06	2.990971e-06	2.540613e-09	2.119004e+01	1.651378e+02
1.140000e-06	3.076264e-06	2.881359e-09	2.179431e+01	1.874722e+02
1.150000e-06	3.160609e-06	3.223940e-09	2.239187e+01	2.098422e+02
1.160000e-06	3.243988e-06	3.565668e-09	2.298258e+01	2.322004e+02
1.170000e-06	3.326225e-06	3.907241e-09	2.356520e+01	2.544956e+02
1.180000e-06	3.407202e-06	4.247711e-09	2.413890e+01	2.766721e+02
1.190000e-06	3.486932e-06	4.583940e-09	2.470376e+01	2.986701e+02
1.200000e-06	3.565410e-06	4.912826e-09	2.525975e+01	3.204248e+02
1.210000e-06	3.642603e-06	5.235861e-09	2.580664e+01	3.418684e+02
1.220000e-06	3.718451e-06	5.555942e-09	2.634399e+01	3.629305e+02
1.230000e-06	3.792809e-06	5.873505e-09	2.687080e+01	3.835408e+02
1.240000e-06	3.865575e-06	6.183168e-09	2.738632e+01	4.036311e+02
1.250000e-06	3.936897e-06	6.481390e-09	2.789162e+01	4.231380e+02
1.260000e-06	4.006875e-06	6.765853e-09	2.838738e+01	4.420042e+02
1.270000e-06	4.075533e-06	7.037908e-09	2.887380e+01	4.601804e+02
1.280000e-06	4.142869e-06	7.299036e-09	2.935085e+01	4.776256e+02
1.290000e-06	4.208650e-06	7.549234e-09	2.981689e+01	4.943070e+02
1.300000e-06	4.272807e-06	7.789515e-09	3.027142e+01	5.101992e+02
1.310000e-06	4.335513e-06	8.017710e-09	3.071568e+01	5.252835e+02
1.320000e-06	4.396779e-06	8.233667e-09	3.114972e+01	5.395467e+02
1.330000e-06	4.456660e-06	8.435254e-09	3.157397e+01	5.529810e+02
1.340000e-06	4.515002e-06	8.622725e-09	3.198729e+01	5.655843e+02
1.350000e-06	4.571531e-06	8.799857e-09	3.238778e+01	5.773608e+02
1.360000e-06	4.626383e-06	8.966298e-09	3.277639e+01	5.883226e+02
1.370000e-06	4.679603e-06	9.122371e-09	3.315344e+01	5.984906e+02
1.380000e-06	4.730933e-06	9.263456e-09	3.351710e+01	6.078954e+02
1.390000e-06	4.780153e-06	9.391693e-09	3.386580e+01	6.165772e+02
1.400000e-06	4.827469e-06	9.511911e-09	3.420102e+01	6.245847e+02
1.410000e-06	4.873154e-06	9.623814e-09	3.452468e+01	6.319726e+02
1.420000e-06	4.917316e-06	9.726963e-09	3.483756e+01	6.387982e+02
1.430000e-06	4.959796e-06	9.821718e-09	3.513852e+01	6.451181e+02
1.440000e-06	5.000322e-06	9.910670e-09	3.542563e+01	6.509847e+02
1.450000e-06	5.039038e-06	9.994272e-09	3.569992e+01	6.564429e+02
1.460000e-06	5.076125e-06	1.007205e-08	3.596267e+01	6.615288e+02
1.470000e-06	5.111585e-06	1.014396e-08	3.621389e+01	6.662693e+02
1.480000e-06	5.145130e-06	1.021156e-08	3.645154e+01	6.706832e+02
1.490000e-06	5.176785e-06	1.027468e-08	3.667581e+01	6.747834e+02
1.500000e-06	5.206741e-06	1.033231e-08	3.688804e+01	6.785798e+02
1.510000e-06	5.235006e-06	1.038533e-08	3.708829e+01	6.820813e+02
1.520000e-06	5.261397e-06	1.043246e-08	3.727526e+01	6.852989e+02
1.530000e-06	5.285670e-06	1.047405e-08	3.744723e+01	6.882461e+02
1.540000e-06	5.308011e-06	1.051293e-08	3.760550e+01	6.909396e+02
1.550000e-06	5.328665e-06	1.055060e-08	3.775183e+01	6.933982e+02
1.560000e-06	5.347656e-06	1.058541e-08	3.788638e+01	6.956412e+02
1.570000e-06	5.364697e-06	1.061692e-08	3.800711e+01	6.976871e+02
1.580000e-06	5.379655e-06	1.064490e-08	3.811307e+01	6.995513e+02
1.590000e-06	5.392656e-06	1.066983e-08	3.820518e+01	7.012457e+02
1.600000e-06	5.403606e-06	1.069123e-08	3.828276e+01	7.027781e+02
1.610000e-06	5.412427e-06	1.070960e-08	3.834525e+01	7.041525e+02
1.620000e-06	5.419278e-06	1.072645e-08	3.839379e+01	7.053702e+02
1.630000e-06	5.424283e-06	1.074220e-08	3.842925e+01	7.064311e+02
1.640000e-06	5.427445e-06	1.075654e-08	3.845166e+01	7.073348e+02
1.650000e-06	5.428623e-06	1.077133e-08	3.846000e+01	7.080821e+02
1.660000e-06	5.427898e-06	1.077955e-08	3.845486e+01	7.086752e+02
1.670000e-06	5.425473e-06	1.078169e-08	3.843768e+01	7.091181e+02
1.680000e-06	5.421462e-06	1.078763e-08	3.840926e+01	7.094165e+02
1.690000e-06	5.415693e-06	1.078990e-08	3.836840e+01	7.095772e+02
1.700000e-06	5.407994e-06	1.078935e-08	3.831385e+01	7.096076e+02
1.710000e-06	5.398606e-06	1.078919e-08	3.824734e+01	7.095150e+02
1.720000e-06	5.387584e-06	1.079159e-08	3.816925e+01	7.093060e+02
1.730000e-06	5.374790e-06	1.080319e-08	3.807861e+01	7.089862e+02
1.740000e-06	5.359967e-06	1.071551e-08	3.797360e+01	7.085599e+02
1.750000e-06	5.342825e-06	1.067233e-08	3.785215e+01	7.080295e+02
1.760000e-06	5.323252e-06	1.072609e-08	3.771348e+01	7.073956e+02
1.770000e-06	5.301244e-06	1.072762e-08	3.755756e+01	7.066571e+02
1.780000e-06	5.277451e-06	1.082403e-08	3.738900e+01	7.058110e+02
1.790000e-06	5.252690e-06	1.076562e-08	3.721357e+01	7.048528e+02
1.800000e-06	5.226673e-06	1.055792e-08	3.702925e+01	7.037775e+02
1.810000e-06	5.198683e-06	1.071781e-08	3.683095e+01	7.025803e+02
1.820000e-06	5.168715e-06	1.067937e-08	3.661864e+01	7.012575e+02
1.830000e-06	5.136978e-06	1.055171e-08	3.639379e+01	6.998077e+02
1.840000e-06	5.103391e-06	1.075469e-08	3.615584e+01	6.982326e+02
1.850000e-06	5.068126e-06	1.058686e-08	3.590600e+01	6.965370e+02
1.860000e-06	5.031110e-06	1.048910e-08	3.564375e+01	6.947284e+02
1.870000e-06	4.992163e-06	1.064320e-08	3.536783e+01	6.928160e+02
1.880000e-06	4.951563e-06	1.046115e-08	3.508019e+01	6.908096e+02
1.890000e-06	4.909160e-06	1.045074e-08	3.477978e+01	6.887172e+02
1.900000e-06	4.865074e-06	1.043402e-08	3.446744e+01	6.865441e+02
1.910000e-06	4.819408e-06	1.035675e-08	3.414391e+01	6.842914e+02
1.920000e-06	4.771819e-06	1.050395e-08	3.380676e+01	6.819558e+02
1.930000e-06	4.722492e-06	1.033949e-08	3.345729e+01	6.795303e+02
1.940000e-06	4.671443e-06	1.030157e-08	3.309563e+01	6.770052e+02
1.950000e-06	4.618521e-06	1.031230e-08	3.272069e+01	6.743700e+02
1.960000e-06	4.563690e-06	1.020345e-08	3.233224e+01	6.716154e+02
1.970000e-06	4.507033e-06	1.023547e-08	3.193084e+01	6.687349e+02
1.980000e-06	4.448841e-06	1.012209e-08	3.151857e+01	6.657256e+02
1.990000e-06	4.389191e-06	1.013891e-08	3.109596e+01	6.625885e+02
2.000000e-06	4.327997e-06	1.007345e-08	3.066243e+01	6.593279e+02
2.010000e-06	4.265098e-06	9.972285e-09	3.021681e+01	6.559496e+02
2.020000e-06	4.200583e-06	1.000988e-08	2.975974e+01	6.524596e+02
2.030000e-06	4.134654e-06	9.862257e-09	2.929266e+01	6.488626e+02
2.040000e-06	4.067298e-06	9.846320e-09	2.881546e+01	6.451606e+02
2.050000e-06	3.998546e-06	9.786503e-09	2.832837e+01	6.413527e+02
2.060000e-06	3.928213e-06	9.741676e-09	2.783009e+01	6.374358e+02
2.070000e-06	3.856313e-06	9.707034e-09	2.732070e+01	6.334053e+02
2.080000e-06	3.783051e-06	9.555488e-09	2.680167e+01	6.292566e+02
2.090000e-06	3.708385e-06	9.543057e-09	2.627268e+01	6.249865e+02
2.100000e-06	3.632286e-06	9.464813e-09	2.573354e+01	6.205943e+02
2.110000e-06	3.554570e-06	9.412776e-09	2.518296e+01	6.160814e+02
2.120000e-06	3.475305e-06	9.333763e-09	2.462138e+01	6.114516e+02
2.130000e-06	3.394892e-06	9.251503e-09	2.405169e+01	6.067097e+02
2.140000e-06	3.313430e-06	9.204295e-09	2.347456e+01	6.018598e+02
2.150000e-06	3.230858e-06	9.080099e-09	2.288956e+01	5.969049e+02
2.160000e-06	3.147261e-06	9.025370e-09	2.229731e+01	5.918451e+02
2.170000e-06	3.062676e-06	8.953471e-09	2.169805e+01	5.866780e+02
2.180000e-06	2.976743e-06	8.890110e-09	2.108924e+01	5.813989e+02
2.190000e-06	2.889444e-06	8.790096e-09	2.047075e+01	5.760018e+02
2.200000e-06	2.801207e-06	8.689887e-09	1.984562e+01	5.704814e+02
2.210000e-06	2.712106e-06	8.625066e-09	1.921437e+01	5.648334e+02
2.220000e-06	2.622124e-06	8.524279e-09	1.857688e+01	5.590566e+02
2.230000e-06	2.531319e-06	8.441994e-09	1.793356e+01	5.531523e+02
2.240000e-06	2.439724e-06	8.344178e-09	1.728463e+01	5.471246e+02
2.250000e-06	2.347364e-06	8.262402e-09	1.663030e+01	5.409787e+02
2.260000e-06	2.254200e-06	8.164131e-09	1.597026e+01	5.347200e+02
2.270000e-06	2.160061e-06	8.065579e-09	1.530332e+01	5.283523e+02
2.280000e-06	2.064887e-06	7.970648e-09	1.462904e+01	5.218769e+02
2.290000e-06	1.968909e-06	7.859123e-09	1.394907e+01	5.152917e+02
2.300000e-06	1.872366e-06	7.760130e-09	1.326509e+01	5.085917e+02
2.310000e-06	1.775274e-06	7.667938e-09	1.257723e+01	5.017694e+02
2.320000e-06	1.677554e-06	7.573348e-09	1.188491e+01	4.948167e+02
2.330000e-06	1.579240e-06	7.447969e-09	1.118839e+01	4.877258e+02
2.340000e-06	1.480406e-06	7.326767e-09	1.048819e+01	4.804907e+02
2.350000e-06	1.381154e-06	7.224969e-09	9.785019e+00	4.731081e+02
2.360000e-06	1.281565e-06	7.123561e-09	9.079463e+00	4.655771e+02
2.370000e-06	1.181622e-06	7.003046e-09	8.371403e+00	4.578991e+02
2.380000e-06	1.081252e-06	6.873170e-09	7.660312e+00	4.500760e+02
2.390000e-06	9.804569e-07	6.754916e-09	6.946213e+00	4.421091e+02
2.400000e-06	8.793054e-07	6.636769e-09	6.229588e+00	4.339972e+02
2.410000e-06	7.777824e-07	6.512487e-09	5.510331e+00	4.257351e+02
2.420000e-06	6.759251e-07	6.380591e-09	4.788706e+00	4.173134e+02
2.430000e-06	5.737509e-07	6.248314e-09	4.064836e+00	4.087175e+02
2.440000e-06	4.713064e-07	6.120170e-09	3.339050e+00	3.999283e+02
2.450000e-06	3.686305e-07	5.988514e-09	2.611625e+00	3.909233e+02
2.460000e-06	2.657737e-07	5.844292e-09	1.882919e+00	3.816771e+02
2.470000e-06	1.628139e-07	5.690712e-09	1.153483e+00	3.721635e+02
2.480000e-06	5.979502e-08	5.538769e-09	4.236279e-01	3.623556e+02
2.490000e-06	-4.325554e-08	5.392233e-09	-3.064512e-01	3.522275e+02
2.500000e-06	-1.463284e-07	5.243298e-09	-1.036689e+00	3.417539e+02
2.510000e-06	-2.492519e-07	5.079628e-09	-1.765867e+00	3.309107e+02
2.520000e-06	-3.519936e-07	4.901040e-09	-2.493758e+00	3.196747e+02
2.530000e-06	-4.545908e-07	4.718351e-09	-3.220626e+00	3.080233e+02
2.540000e-06	-5.569711e-07	4.537428e-09	-3.945956e+00	2.959346e+02
2.550000e-06	-6.590613e-07	4.350549e-09	-4.669231e+00	2.833874e+02
2.560000e-06	-7.608025e-07	4.151500e-09	-5.390034e+00	2.703615e+02
2.570000e-06	-8.621998e-07	3.944092e-09	-6.108400e+00	2.568385e+02
2.580000e-06	-9.632143e-07	3.731039e-09	-6.824055e+00	2.428027e+02
2.590000e-06	-1.063803e-06	3.508704e-09	-7.536691e+00	2.282420e+02
2.600000e-06	-1.164033e-06	3.276125e-09	-8.246789e+00	2.131486e+02
2.610000e-06	-1.263882e-06	3.037760e-09	-8.954186e+00	1.975200e+02
2.620000e-06	-1.363248e-06	2.794045e-09	-9.658163e+00	1.813586e+02
2.630000e-06	-1.462155e-06	2.542548e-09	-1.035888e+01	1.646725e+02
2.640000e-06	-1.560665e-06	2.282574e-09	-1.105680e+01	1.474739e+02
2.650000e-06	-1.658681e-06	2.013088e-09	-1.175121e+01	1.297790e+02
2.660000e-06	-1.756040e-06	1.733082e-09	-1.244096e+01	1.116065e+02
2.670000e-06	-1.852859e-06	1.444400e-09	-1.312689e+01	9.297697e+01
2.680000e-06	-1.949206e-06	1.151911e-09	-1.380948e+01	7.391150e+01
2.690000e-06	-2.044990e-06	8.567788e-10	-1.448808e+01	5.443157e+01
2.700000e-06	-2.140026e-06	5.554929e-10	-1.516138e+01	3.455874e+01
2.710000e-06	-2.234177e-06	2.477315e-10	-1.582841e+01	1.431485e+01
2.720000e-06	-2.327411e-06	-6.474356e-11	-1.648894e+01	-6.277514e+00
2.730000e-06	-2.419649e-06	-3.826007e-10	-1.714242e+01	-2.719439e+01
2.740000e-06	-2.510970e-06	-7.053863e-10	-1.778939e+01	-4.840984e+01
2.750000e-06	-2.601442e-06	-1.031071e-09	-1.843036e+01	-6.989550e+01
2.760000e-06	-2.691017e-06	-1.359836e-09	-1.906496e+01	-9.162034e+01
2.770000e-06	-2.779702e-06	-1.694373e-09	-1.969327e+01	-1.135506e+02
2.780000e-06	-2.867493e-06	-2.033770e-09	-2.031524e+01	-1.356501e+02
2.790000e-06	-2.954305e-06	-2.371055e-09	-2.093028e+01	-1.578799e+02
2.800000e-06	-3.039956e-06	-2.708383e-09	-2.153708e+01	-1.801990e+02
2.810000e-06	-3.124363e-06	-3.047994e-09	-2.213508e+01	-2.025635e+02
2.820000e-06	-3.207670e-06	-3.389025e-09	-2.272528e+01	-2.249266e+02
2.830000e-06	-3.289962e-06	-3.728518e-09	-2.330830e+01	-2.472380e+02
2.840000e-06	-3.371210e-06	-4.065049e-09	-2.388391e+01	-2.694432e+02
2.850000e-06	-3.451359e-06	-4.402008e-09	-2.445174e+01	-2.914829e+02
2.860000e-06	-3.530253e-06	-4.735051e-09	-2.501068e+01	-3.132936e+02
2.870000e-06	-3.607669e-06	-5.060514e-09	-2.555914e+01	-3.348079e+02
2.880000e-06	-3.683523e-06	-5.379904e-09	-2.609654e+01	-3.559560e+02
2.890000e-06	-3.757919e-06	-5.695636e-09	-2.662362e+01	-3.766671e+02
2.900000e-06	-3.830960e-06	-6.007097e-09	-2.714109e+01	-3.968727e+02
2.910000e-06	-3.902726e-06	-6.311632e-09	-2.764953e+01	-4.165079e+02
2.920000e-06	-3.973136e-06	-6.606185e-09	-2.814835e+01	-4.355140e+02
2.930000e-06	-4.041957e-06	-6.888227e-09	-2.863593e+01	-4.538400e+02
2.940000e-06	-4.109304e-06	-7.158255e-09	-2.911306e+01	-4.714431e+02
2.950000e-06	-4.175314e-06	-7.416328e-09	-2.958072e+01	-4.882888e+02
2.960000e-06	-4.239923e-06	-7.663218e-09	-3.003845e+01	-5.043502e+02
2.970000e-06	-4.303079e-06	-7.899303e-09	-3.048589e+01	-5.196071e+02
2.980000e-06	-4.364566e-06	-8.125185e-09	-3.092151e+01	-5.340454e+02
2.990000e-06	-4.424402e-06	-8.338691e-09	-3.134543e+01	-5.476559e+02
3.000000e-06	-4.482783e-06	-8.536159e-09	-3.175903e+01	-5.604354e+02
3.010000e-06	-4.539646e-06	-8.718915e-09	-3.216189e+01	-5.723865e+02
3.020000e-06	-4.594850e-06	-8.890657e-09	-3.255300e+01	-5.835197e+02
3.030000e-06	-4.648146e-06	-9.050986e-09	-3.293057e+01	-5.938537e+02
3.040000e-06	-4.699507e-06	-9.199568e-09	-3.329446e+01	-6.034172e+02
3.050000e-06	-4.749062e-06	-9.334911e-09	-3.364553e+01	-6.122484e+02
3.060000e-06	-4.796645e-06	-9.458348e-09	-3.398265e+01	-6.203942e+02
3.070000e-06	-4.842432e-06	-9.573688e-09	-3.430703e+01	-6.279083e+02
3.080000e-06	-4.886752e-06	-9.683377e-09	-3.462102e+01	-6.348477e+02
3.090000e-06	-4.929582e-06	-9.783070e-09	-3.492446e+01	-6.412697e+02
3.100000e-06	-4.970828e-06	-9.873555e-09	-3.521667e+01	-6.472276e+02
3.110000e-06	-5.010425e-06	-9.959708e-09	-3.549720e+01	-6.527682e+02
3.120000e-06	-5.048182e-06	-1.003957e-08	-3.576470e+01	-6.579295e+02
3.130000e-06	-5.084050e-06	-1.011303e-08	-3.601882e+01	-6.627404e+02
3.140000e-06	-5.118131e-06	-1.018150e-08	-3.626027e+01	-6.672212e+02
3.150000e-06	-5.150482e-06	-1.024754e-08	-3.648946e+01	-6.713861e+02
3.160000e-06	-5.180948e-06	-1.030878e-08	-3.670531e+01	-6.752450e+02
3.170000e-06	-5.209468e-06	-1.036389e-08	-3.690736e+01	-6.788071e+02
3.180000e-06	-5.236215e-06	-1.041271e-08	-3.709685e+01	-6.820827e+02
3.190000e-06	-5.261201e-06	-1.045675e-08	-3.727387e+01	-6.850848e+02
3.200000e-06	-5.284363e-06	-1.050045e-08	-3.743797e+01	-6.878294e+02
3.210000e-06	-5.305530e-06	-1.054385e-08	-3.758793e+01	-6.903349e+02
3.220000e-06	-5.324830e-06	-1.058109e-08	-3.772466e+01	-6.926207e+02
3.230000e-06	-5.342421e-06	-1.061303e-08	-3.784928e+01	-6.947056e+02
3.240000e-06	-5.358163e-06	-1.064256e-08	-3.796081e+01	-6.966059e+02
3.250000e-06	-5.371669e-06	-1.066998e-08	-3.805650e+01	-6.983341e+02
3.260000e-06	-5.382915e-06	-1.069416e-08	-3.813618e+01	-6.998990e+02
3.270000e-06	-5.392294e-06	-1.071391e-08	-3.820262e+01	-7.013053e+02
3.280000e-06	-5.399857e-06	-1.073162e-08	-3.825620e+01	-7.025548e+02
3.290000e-06	-5.405438e-06	-1.074923e-08	-3.829574e+01	-7.036475e+02
3.300000e-06	-5.409110e-06	-1.076446e-08	-3.832175e+01	-7.045832e+02
3.310000e-06	-5.411025e-06	-1.077368e-08	-3.833532e+01	-7.053621e+02
3.320000e-06	-5.411150e-06	-1.078251e-08	-3.833621e+01	-7.059861e+02
