# Temperatura_=_51.61
# Concentracion g/m^3_=_24000.0
# C_Vs_to_Am_M_A/Vsm_=_65563218390.804596
# pendiente_HvsI_1/m_=_3716.3
# ordenada_HvsI_A/m_=_1297.0
# frecuencia_Hz_=_300807.02407526236

Tiempo_(s)	Campo_(V.s)	Magnetizacion_(V.s)	Campo_(kA/m)	Magnetizacion_(A/m)
0.000000e+00	-5.428145e-06	-1.108416e-08	-3.833055e+01	-7.261689e+02
1.000000e-08	-5.426979e-06	-1.109821e-08	-3.832232e+01	-7.267807e+02
2.000000e-08	-5.423812e-06	-1.110716e-08	-3.829995e+01	-7.272487e+02
3.000000e-08	-5.418897e-06	-1.111522e-08	-3.826524e+01	-7.275807e+02
4.000000e-08	-5.412350e-06	-1.112192e-08	-3.821901e+01	-7.277855e+02
5.000000e-08	-5.404195e-06	-1.112005e-08	-3.816142e+01	-7.278705e+02
6.000000e-08	-5.394120e-06	-1.111294e-08	-3.809028e+01	-7.278400e+02
7.000000e-08	-5.381978e-06	-1.110300e-08	-3.800454e+01	-7.276938e+02
8.000000e-08	-5.367863e-06	-1.110165e-08	-3.790487e+01	-7.274276e+02
9.000000e-08	-5.351457e-06	-1.115472e-08	-3.778902e+01	-7.270337e+02
1.000000e-07	-5.332761e-06	-1.116875e-08	-3.765700e+01	-7.265033e+02
1.100000e-07	-5.312136e-06	-1.111289e-08	-3.751135e+01	-7.258289e+02
1.200000e-07	-5.289716e-06	-1.108491e-08	-3.735304e+01	-7.250063e+02
1.300000e-07	-5.265828e-06	-1.101262e-08	-3.718436e+01	-7.240359e+02
1.400000e-07	-5.240504e-06	-1.096306e-08	-3.700553e+01	-7.229232e+02
1.500000e-07	-5.213379e-06	-1.109092e-08	-3.681399e+01	-7.216781e+02
1.600000e-07	-5.184528e-06	-1.102938e-08	-3.661026e+01	-7.203130e+02
1.700000e-07	-5.154197e-06	-1.095282e-08	-3.639608e+01	-7.188410e+02
1.800000e-07	-5.122118e-06	-1.104629e-08	-3.616955e+01	-7.172737e+02
1.900000e-07	-5.087902e-06	-1.092299e-08	-3.592794e+01	-7.156203e+02
2.000000e-07	-5.051995e-06	-1.089242e-08	-3.567439e+01	-7.138865e+02
2.100000e-07	-5.014565e-06	-1.096237e-08	-3.541008e+01	-7.120746e+02
2.200000e-07	-4.975304e-06	-1.084376e-08	-3.513284e+01	-7.101843e+02
2.300000e-07	-4.934134e-06	-1.082092e-08	-3.484211e+01	-7.082136e+02
2.400000e-07	-4.891012e-06	-1.084134e-08	-3.453761e+01	-7.061591e+02
2.500000e-07	-4.846133e-06	-1.078284e-08	-3.422070e+01	-7.040169e+02
2.600000e-07	-4.799532e-06	-1.075327e-08	-3.389163e+01	-7.017822e+02
2.700000e-07	-4.750965e-06	-1.065815e-08	-3.354868e+01	-6.994490e+02
2.800000e-07	-4.700262e-06	-1.062233e-08	-3.319064e+01	-6.970102e+02
2.900000e-07	-4.647527e-06	-1.062179e-08	-3.281826e+01	-6.944569e+02
3.000000e-07	-4.593093e-06	-1.058261e-08	-3.243388e+01	-6.917797e+02
3.100000e-07	-4.537091e-06	-1.053042e-08	-3.203842e+01	-6.889696e+02
3.200000e-07	-4.479330e-06	-1.046903e-08	-3.163054e+01	-6.860190e+02
3.300000e-07	-4.419863e-06	-1.043145e-08	-3.121062e+01	-6.829243e+02
3.400000e-07	-4.358936e-06	-1.036796e-08	-3.078039e+01	-6.796860e+02
3.500000e-07	-4.296596e-06	-1.033511e-08	-3.034018e+01	-6.763097e+02
3.600000e-07	-4.232843e-06	-1.029513e-08	-2.988999e+01	-6.728053e+02
3.700000e-07	-4.167502e-06	-1.021190e-08	-2.942858e+01	-6.691853e+02
3.800000e-07	-4.100469e-06	-1.016434e-08	-2.895523e+01	-6.654622e+02
3.900000e-07	-4.031943e-06	-1.010337e-08	-2.847134e+01	-6.616464e+02
4.000000e-07	-3.962074e-06	-1.003620e-08	-2.797796e+01	-6.577440e+02
4.100000e-07	-3.890909e-06	-9.976392e-09	-2.747544e+01	-6.537553e+02
4.200000e-07	-3.818393e-06	-9.913242e-09	-2.696337e+01	-6.496755e+02
4.300000e-07	-3.744253e-06	-9.867080e-09	-2.643984e+01	-6.454955e+02
4.400000e-07	-3.668444e-06	-9.797177e-09	-2.590452e+01	-6.412045e+02
4.500000e-07	-3.591182e-06	-9.718334e-09	-2.535894e+01	-6.367925e+02
4.600000e-07	-3.512453e-06	-9.643238e-09	-2.480299e+01	-6.322524e+02
4.700000e-07	-3.432290e-06	-9.575353e-09	-2.423693e+01	-6.275814e+02
4.800000e-07	-3.350883e-06	-9.509584e-09	-2.366208e+01	-6.227817e+02
4.900000e-07	-3.268296e-06	-9.431578e-09	-2.307889e+01	-6.178589e+02
5.000000e-07	-3.184653e-06	-9.362335e-09	-2.248825e+01	-6.128200e+02
5.100000e-07	-3.100108e-06	-9.282606e-09	-2.189124e+01	-6.076721e+02
5.200000e-07	-3.014594e-06	-9.192301e-09	-2.128739e+01	-6.024193e+02
5.300000e-07	-2.928074e-06	-9.100780e-09	-2.067643e+01	-5.970623e+02
5.400000e-07	-2.840643e-06	-9.024962e-09	-2.005904e+01	-5.915984e+02
5.500000e-07	-2.752341e-06	-8.954782e-09	-1.943550e+01	-5.860220e+02
5.600000e-07	-2.663009e-06	-8.864908e-09	-1.880469e+01	-5.803271e+02
5.700000e-07	-2.572461e-06	-8.767905e-09	-1.816529e+01	-5.745087e+02
5.800000e-07	-2.480853e-06	-8.668999e-09	-1.751841e+01	-5.685644e+02
5.900000e-07	-2.388443e-06	-8.576415e-09	-1.686586e+01	-5.624952e+02
6.000000e-07	-2.295293e-06	-8.483930e-09	-1.620809e+01	-5.563049e+02
6.100000e-07	-2.201352e-06	-8.390475e-09	-1.554473e+01	-5.499987e+02
6.200000e-07	-2.106675e-06	-8.294487e-09	-1.487617e+01	-5.435810e+02
6.300000e-07	-2.011353e-06	-8.193399e-09	-1.420306e+01	-5.370536e+02
6.400000e-07	-1.915352e-06	-8.091416e-09	-1.352515e+01	-5.304141e+02
6.500000e-07	-1.818542e-06	-7.987019e-09	-1.284153e+01	-5.236560e+02
6.600000e-07	-1.720859e-06	-7.878423e-09	-1.215175e+01	-5.167692e+02
6.700000e-07	-1.622470e-06	-7.765771e-09	-1.145698e+01	-5.097422e+02
6.800000e-07	-1.523473e-06	-7.659841e-09	-1.075792e+01	-5.025641e+02
6.900000e-07	-1.423917e-06	-7.554018e-09	-1.005491e+01	-4.952274e+02
7.000000e-07	-1.323896e-06	-7.437797e-09	-9.348617e+00	-4.877289e+02
7.100000e-07	-1.223439e-06	-7.314024e-09	-8.639247e+00	-4.800701e+02
7.200000e-07	-1.122581e-06	-7.194141e-09	-7.927041e+00	-4.722561e+02
7.300000e-07	-1.021400e-06	-7.080053e-09	-7.212559e+00	-4.642928e+02
7.400000e-07	-9.199036e-07	-6.958753e-09	-6.495849e+00	-4.561844e+02
7.500000e-07	-8.180684e-07	-6.828263e-09	-5.776745e+00	-4.479303e+02
7.600000e-07	-7.158888e-07	-6.692977e-09	-5.055209e+00	-4.395229e+02
7.700000e-07	-6.134610e-07	-6.558618e-09	-4.331921e+00	-4.309471e+02
7.800000e-07	-5.108507e-07	-6.424677e-09	-3.607344e+00	-4.221809e+02
7.900000e-07	-4.080470e-07	-6.288215e-09	-2.881401e+00	-4.131969e+02
8.000000e-07	-3.051473e-07	-6.148219e-09	-2.154781e+00	-4.039653e+02
8.100000e-07	-2.021655e-07	-6.007176e-09	-1.427581e+00	-3.944564e+02
8.200000e-07	-9.914294e-08	-5.861449e-09	-7.000924e-01	-3.846430e+02
8.300000e-07	3.883335e-09	-5.704302e-09	2.742196e-02	-3.745009e+02
8.400000e-07	1.069363e-07	-5.537593e-09	7.551246e-01	-3.640092e+02
8.500000e-07	2.100033e-07	-5.366540e-09	1.482927e+00	-3.531489e+02
8.600000e-07	3.129905e-07	-5.194365e-09	2.210165e+00	-3.419012e+02
8.700000e-07	4.158430e-07	-5.018082e-09	2.936453e+00	-3.302458e+02
8.800000e-07	5.185601e-07	-4.835545e-09	3.661783e+00	-3.181593e+02
8.900000e-07	6.211212e-07	-4.643790e-09	4.386013e+00	-3.056159e+02
9.000000e-07	7.234897e-07	-4.443612e-09	5.108883e+00	-2.925876e+02
9.100000e-07	8.255975e-07	-4.238061e-09	5.829912e+00	-2.790470e+02
9.200000e-07	9.273834e-07	-4.025908e-09	6.548667e+00	-2.649692e+02
9.300000e-07	1.028817e-06	-3.803282e-09	7.264933e+00	-2.503350e+02
9.400000e-07	1.129914e-06	-3.570261e-09	7.978828e+00	-2.351325e+02
9.500000e-07	1.230674e-06	-3.327951e-09	8.690339e+00	-2.193583e+02
9.600000e-07	1.331080e-06	-3.075492e-09	9.399349e+00	-2.030171e+02
9.700000e-07	1.431057e-06	-2.814113e-09	1.010533e+01	-1.861205e+02
9.800000e-07	1.530506e-06	-2.547743e-09	1.080758e+01	-1.686849e+02
9.900000e-07	1.629359e-06	-2.278999e-09	1.150563e+01	-1.507290e+02
1.000000e-06	1.727595e-06	-2.001723e-09	1.219932e+01	-1.322718e+02
1.010000e-06	1.825098e-06	-1.712234e-09	1.288783e+01	-1.133312e+02
1.020000e-06	1.921782e-06	-1.414130e-09	1.357056e+01	-9.392304e+01
1.030000e-06	2.017713e-06	-1.110220e-09	1.424797e+01	-7.406136e+01
1.040000e-06	2.112955e-06	-8.004897e-10	1.492051e+01	-5.375924e+01
1.050000e-06	2.207551e-06	-4.835637e-10	1.558850e+01	-3.303005e+01
1.060000e-06	2.301403e-06	-1.606508e-10	1.625123e+01	-1.188881e+01
1.070000e-06	2.394445e-06	1.688312e-10	1.690824e+01	9.646647e+00
1.080000e-06	2.486749e-06	5.037877e-10	1.756004e+01	3.155473e+01
1.090000e-06	2.578312e-06	8.453899e-10	1.820660e+01	5.380959e+01
1.100000e-06	2.668936e-06	1.193317e-09	1.884655e+01	7.638087e+01
1.110000e-06	2.758381e-06	1.544851e-09	1.947816e+01	9.923367e+01
1.120000e-06	2.846677e-06	1.898001e-09	2.010166e+01	1.223287e+02
1.130000e-06	2.933966e-06	2.250292e-09	2.071804e+01	1.456222e+02
1.140000e-06	3.020327e-06	2.605566e-09	2.132787e+01	1.690663e+02
1.150000e-06	3.105679e-06	2.965183e-09	2.193058e+01	1.926093e+02
1.160000e-06	3.190028e-06	3.325902e-09	2.252621e+01	2.161951e+02
1.170000e-06	3.273400e-06	3.685925e-09	2.311494e+01	2.397646e+02
1.180000e-06	3.355559e-06	4.045359e-09	2.369509e+01	2.632550e+02
1.190000e-06	3.436397e-06	4.402429e-09	2.426593e+01	2.866006e+02
1.200000e-06	3.516031e-06	4.754589e-09	2.482826e+01	3.097333e+02
1.210000e-06	3.594434e-06	5.100790e-09	2.538190e+01	3.325826e+02
1.220000e-06	3.671551e-06	5.441745e-09	2.592646e+01	3.550762e+02
1.230000e-06	3.747355e-06	5.778540e-09	2.646174e+01	3.771407e+02
1.240000e-06	3.821629e-06	6.108889e-09	2.698623e+01	3.987021e+02
1.250000e-06	3.894328e-06	6.429593e-09	2.749958e+01	4.196871e+02
1.260000e-06	3.965599e-06	6.739382e-09	2.800286e+01	4.400250e+02
1.270000e-06	4.035515e-06	7.038149e-09	2.849657e+01	4.596492e+02
1.280000e-06	4.104112e-06	7.324083e-09	2.898096e+01	4.785001e+02
1.290000e-06	4.171332e-06	7.595510e-09	2.945563e+01	4.965267e+02
1.300000e-06	4.236909e-06	7.853327e-09	2.991870e+01	5.136890e+02
1.310000e-06	4.300857e-06	8.098521e-09	3.037026e+01	5.299593e+02
1.320000e-06	4.363416e-06	8.330700e-09	3.081202e+01	5.453222e+02
1.330000e-06	4.424585e-06	8.549335e-09	3.124396e+01	5.597742e+02
1.340000e-06	4.484366e-06	8.753602e-09	3.166610e+01	5.733227e+02
1.350000e-06	4.542521e-06	8.943899e-09	3.207677e+01	5.859836e+02
1.360000e-06	4.598872e-06	9.122284e-09	3.247468e+01	5.977800e+02
1.370000e-06	4.653548e-06	9.289199e-09	3.286077e+01	6.087402e+02
1.380000e-06	4.706486e-06	9.442842e-09	3.323459e+01	6.188966e+02
1.390000e-06	4.757483e-06	9.583455e-09	3.359471e+01	6.282857e+02
1.400000e-06	4.806485e-06	9.713954e-09	3.394073e+01	6.369478e+02
1.410000e-06	4.853656e-06	9.836267e-09	3.427383e+01	6.449277e+02
1.420000e-06	4.899150e-06	9.949513e-09	3.459508e+01	6.522742e+02
1.430000e-06	4.943092e-06	1.005276e-08	3.490537e+01	6.590401e+02
1.440000e-06	4.985223e-06	1.014608e-08	3.520288e+01	6.652805e+02
1.450000e-06	5.025428e-06	1.023182e-08	3.548678e+01	6.710503e+02
1.460000e-06	5.063943e-06	1.031316e-08	3.575875e+01	6.764017e+02
1.470000e-06	5.100844e-06	1.038941e-08	3.601933e+01	6.813807e+02
1.480000e-06	5.136001e-06	1.045966e-08	3.626759e+01	6.860254e+02
1.490000e-06	5.169172e-06	1.052516e-08	3.650183e+01	6.903639e+02
1.500000e-06	5.200488e-06	1.058566e-08	3.672296e+01	6.944149e+02
1.510000e-06	5.230116e-06	1.064262e-08	3.693218e+01	6.981891e+02
1.520000e-06	5.258091e-06	1.069617e-08	3.712972e+01	7.016920e+02
1.530000e-06	5.284102e-06	1.074456e-08	3.731340e+01	7.049270e+02
1.540000e-06	5.307984e-06	1.078867e-08	3.748204e+01	7.078991e+02
1.550000e-06	5.330049e-06	1.082966e-08	3.763785e+01	7.106166e+02
1.560000e-06	5.350480e-06	1.086733e-08	3.778212e+01	7.130929e+02
1.570000e-06	5.369102e-06	1.090042e-08	3.791362e+01	7.153452e+02
1.580000e-06	5.385701e-06	1.092985e-08	3.803083e+01	7.173934e+02
1.590000e-06	5.400318e-06	1.095643e-08	3.813405e+01	7.192572e+02
1.600000e-06	5.412969e-06	1.098143e-08	3.822338e+01	7.209539e+02
1.610000e-06	5.423466e-06	1.100540e-08	3.829750e+01	7.224960e+02
1.620000e-06	5.431811e-06	1.102685e-08	3.835644e+01	7.238905e+02
1.630000e-06	5.438233e-06	1.104594e-08	3.840179e+01	7.251395e+02
1.640000e-06	5.442888e-06	1.106316e-08	3.843465e+01	7.262414e+02
1.650000e-06	5.445687e-06	1.107972e-08	3.845442e+01	7.271938e+02
1.660000e-06	5.446477e-06	1.109338e-08	3.846000e+01	7.279948e+02
1.670000e-06	5.445369e-06	1.109962e-08	3.845218e+01	7.286458e+02
1.680000e-06	5.442573e-06	1.110739e-08	3.843243e+01	7.291513e+02
1.690000e-06	5.438141e-06	1.111447e-08	3.840113e+01	7.295187e+02
1.700000e-06	5.431820e-06	1.111697e-08	3.835650e+01	7.297566e+02
1.710000e-06	5.423682e-06	1.111763e-08	3.829903e+01	7.298732e+02
1.720000e-06	5.413955e-06	1.111999e-08	3.823035e+01	7.298736e+02
1.730000e-06	5.402497e-06	1.113219e-08	3.814944e+01	7.297588e+02
1.740000e-06	5.389091e-06	1.110892e-08	3.805477e+01	7.295253e+02
1.750000e-06	5.373620e-06	1.102853e-08	3.794552e+01	7.291663e+02
1.760000e-06	5.355900e-06	1.104013e-08	3.782039e+01	7.286730e+02
1.770000e-06	5.335658e-06	1.106752e-08	3.767745e+01	7.280374e+02
1.780000e-06	5.313059e-06	1.109576e-08	3.751787e+01	7.272542e+02
1.790000e-06	5.288924e-06	1.116761e-08	3.734744e+01	7.263225e+02
1.800000e-06	5.263821e-06	1.100759e-08	3.717019e+01	7.252468e+02
1.810000e-06	5.237264e-06	1.096070e-08	3.698265e+01	7.240359e+02
1.820000e-06	5.208684e-06	1.105403e-08	3.678083e+01	7.227018e+02
1.830000e-06	5.178222e-06	1.090055e-08	3.656573e+01	7.212574e+02
1.840000e-06	5.145987e-06	1.095689e-08	3.633810e+01	7.197152e+02
1.850000e-06	5.111946e-06	1.101268e-08	3.609772e+01	7.180849e+02
1.860000e-06	5.076305e-06	1.080369e-08	3.584605e+01	7.163730e+02
1.870000e-06	5.038796e-06	1.086775e-08	3.558118e+01	7.145827e+02
1.880000e-06	4.999378e-06	1.086677e-08	3.530284e+01	7.127143e+02
1.890000e-06	4.958318e-06	1.074760e-08	3.501289e+01	7.107661e+02
1.900000e-06	4.915454e-06	1.078059e-08	3.471021e+01	7.087351e+02
1.910000e-06	4.870933e-06	1.068817e-08	3.439583e+01	7.066174e+02
1.920000e-06	4.824657e-06	1.074756e-08	3.406905e+01	7.044085e+02
1.930000e-06	4.776467e-06	1.075760e-08	3.372876e+01	7.021028e+02
1.940000e-06	4.726601e-06	1.060084e-08	3.337663e+01	6.996933e+02
1.950000e-06	4.674922e-06	1.062842e-08	3.301170e+01	6.971717e+02
1.960000e-06	4.621297e-06	1.056273e-08	3.263304e+01	6.945285e+02
1.970000e-06	4.565775e-06	1.053454e-08	3.224097e+01	6.917546e+02
1.980000e-06	4.508518e-06	1.050113e-08	3.183665e+01	6.888418e+02
1.990000e-06	4.449835e-06	1.042966e-08	3.142226e+01	6.857854e+02
2.000000e-06	4.389684e-06	1.043866e-08	3.099751e+01	6.825849e+02
2.010000e-06	4.327916e-06	1.031232e-08	3.056134e+01	6.792445e+02
2.020000e-06	4.264467e-06	1.029487e-08	3.011330e+01	6.757732e+02
2.030000e-06	4.199428e-06	1.024469e-08	2.965403e+01	6.721830e+02
2.040000e-06	4.132954e-06	1.015776e-08	2.918463e+01	6.684868e+02
2.050000e-06	4.065048e-06	1.014963e-08	2.870511e+01	6.646956e+02
2.060000e-06	3.995597e-06	1.006393e-08	2.821469e+01	6.608167e+02
2.070000e-06	3.924557e-06	1.004192e-08	2.771305e+01	6.568521e+02
2.080000e-06	3.852103e-06	9.933417e-09	2.720142e+01	6.527979e+02
2.090000e-06	3.778294e-06	9.852961e-09	2.668022e+01	6.486461e+02
2.100000e-06	3.703087e-06	9.829013e-09	2.614914e+01	6.443861e+02
2.110000e-06	3.626402e-06	9.756758e-09	2.560764e+01	6.400073e+02
2.120000e-06	3.548140e-06	9.703887e-09	2.505499e+01	6.355018e+02
2.130000e-06	3.468520e-06	9.604826e-09	2.449276e+01	6.308657e+02
2.140000e-06	3.387751e-06	9.549814e-09	2.392241e+01	6.261000e+02
2.150000e-06	3.305819e-06	9.459731e-09	2.334386e+01	6.212094e+02
2.160000e-06	3.222781e-06	9.370293e-09	2.275749e+01	6.162011e+02
2.170000e-06	3.138765e-06	9.316475e-09	2.216421e+01	6.110821e+02
2.180000e-06	3.053571e-06	9.247148e-09	2.156263e+01	6.058574e+02
2.190000e-06	2.967034e-06	9.169665e-09	2.095155e+01	6.005288e+02
2.200000e-06	2.879395e-06	9.056032e-09	2.033269e+01	5.950942e+02
2.210000e-06	2.790779e-06	8.979792e-09	1.970693e+01	5.895487e+02
2.220000e-06	2.701224e-06	8.900986e-09	1.907455e+01	5.838862e+02
2.230000e-06	2.610728e-06	8.813778e-09	1.843551e+01	5.781012e+02
2.240000e-06	2.519426e-06	8.726620e-09	1.779079e+01	5.721905e+02
2.250000e-06	2.427429e-06	8.635780e-09	1.714116e+01	5.661545e+02
2.260000e-06	2.334539e-06	8.545840e-09	1.648522e+01	5.599962e+02
2.270000e-06	2.240665e-06	8.439393e-09	1.582233e+01	5.537206e+02
2.280000e-06	2.145819e-06	8.344857e-09	1.515258e+01	5.473327e+02
2.290000e-06	2.050116e-06	8.246969e-09	1.447678e+01	5.408349e+02
2.300000e-06	1.953725e-06	8.148597e-09	1.379612e+01	5.342261e+02
2.310000e-06	1.856793e-06	8.052909e-09	1.311164e+01	5.275007e+02
2.320000e-06	1.759300e-06	7.954990e-09	1.242320e+01	5.206493e+02
2.330000e-06	1.661151e-06	7.840728e-09	1.173012e+01	5.136606e+02
2.340000e-06	1.562467e-06	7.714601e-09	1.103327e+01	5.065233e+02
2.350000e-06	1.463352e-06	7.606080e-09	1.033338e+01	4.992289e+02
2.360000e-06	1.363851e-06	7.508931e-09	9.630760e+00	4.917730e+02
2.370000e-06	1.263956e-06	7.400928e-09	8.925358e+00	4.841561e+02
2.380000e-06	1.163591e-06	7.273771e-09	8.216631e+00	4.763825e+02
2.390000e-06	1.062724e-06	7.147836e-09	7.504368e+00	4.684582e+02
2.400000e-06	9.614009e-07	7.027289e-09	6.788879e+00	4.603881e+02
2.410000e-06	8.596576e-07	6.901696e-09	6.070425e+00	4.521730e+02
2.420000e-06	7.575798e-07	6.772911e-09	5.349608e+00	4.438072e+02
2.430000e-06	6.551792e-07	6.645789e-09	4.626512e+00	4.352776e+02
2.440000e-06	5.524672e-07	6.520038e-09	3.901217e+00	4.265635e+02
2.450000e-06	4.495930e-07	6.388430e-09	3.174777e+00	4.176388e+02
2.460000e-06	3.465365e-07	6.244486e-09	2.447049e+00	4.084741e+02
2.470000e-06	2.432483e-07	6.094298e-09	1.717684e+00	3.990395e+02
2.480000e-06	1.398531e-07	5.945079e-09	9.875648e-01	3.893067e+02
2.490000e-06	3.646542e-08	5.796313e-09	2.574985e-01	3.792510e+02
2.500000e-06	-6.694142e-08	5.643832e-09	-4.727031e-01	3.688507e+02
2.510000e-06	-1.703042e-07	5.482146e-09	-1.202594e+00	3.580865e+02
2.520000e-06	-2.735304e-07	5.308660e-09	-1.931520e+00	3.469397e+02
2.530000e-06	-3.766281e-07	5.128333e-09	-2.659539e+00	3.353904e+02
2.540000e-06	-4.795325e-07	4.948137e-09	-3.386193e+00	3.234162e+02
2.550000e-06	-5.822349e-07	4.764422e-09	-4.111419e+00	3.109918e+02
2.560000e-06	-6.847354e-07	4.569085e-09	-4.835221e+00	2.980895e+02
2.570000e-06	-7.869158e-07	4.362351e-09	-5.556763e+00	2.846816e+02
2.580000e-06	-8.886754e-07	4.149121e-09	-6.275332e+00	2.707423e+02
2.590000e-06	-9.899744e-07	3.927288e-09	-6.990649e+00	2.562508e+02
2.600000e-06	-1.090842e-06	3.694036e-09	-7.702923e+00	2.411933e+02
2.610000e-06	-1.191274e-06	3.454850e-09	-8.412113e+00	2.255641e+02
2.620000e-06	-1.291209e-06	3.212330e-09	-9.117800e+00	2.093660e+02
2.630000e-06	-1.390721e-06	2.961395e-09	-9.820503e+00	1.926090e+02
2.640000e-06	-1.489849e-06	2.698301e-09	-1.052049e+01	1.753086e+02
2.650000e-06	-1.588490e-06	2.425239e-09	-1.121703e+01	1.574831e+02
2.660000e-06	-1.686613e-06	2.144259e-09	-1.190993e+01	1.391517e+02
2.670000e-06	-1.784195e-06	1.855515e-09	-1.259900e+01	1.203326e+02
2.680000e-06	-1.881134e-06	1.559727e-09	-1.328352e+01	1.010421e+02
2.690000e-06	-1.977451e-06	1.258065e-09	-1.396366e+01	8.129470e+01
2.700000e-06	-2.073240e-06	9.511073e-10	-1.464007e+01	6.110365e+01
2.710000e-06	-2.168412e-06	6.373868e-10	-1.531212e+01	4.048208e+01
2.720000e-06	-2.262733e-06	3.170144e-10	-1.597817e+01	1.944448e+01
2.730000e-06	-2.356062e-06	-9.064147e-12	-1.663720e+01	-1.992111e+00
2.740000e-06	-2.448409e-06	-3.394586e-10	-1.728931e+01	-2.380711e+01
2.750000e-06	-2.539851e-06	-6.731590e-10	-1.793502e+01	-4.597577e+01
2.760000e-06	-2.630416e-06	-1.013202e-09	-1.857454e+01	-6.846887e+01
2.770000e-06	-2.720006e-06	-1.361105e-09	-1.920717e+01	-9.125263e+01
2.780000e-06	-2.808695e-06	-1.715464e-09	-1.983345e+01	-1.142888e+02
2.790000e-06	-2.896579e-06	-2.072125e-09	-2.045403e+01	-1.375349e+02
2.800000e-06	-2.983543e-06	-2.426750e-09	-2.106813e+01	-1.609439e+02
2.810000e-06	-3.069299e-06	-2.782844e-09	-2.167369e+01	-1.844650e+02
2.820000e-06	-3.153746e-06	-3.141712e-09	-2.227000e+01	-2.080434e+02
2.830000e-06	-3.237067e-06	-3.501786e-09	-2.285837e+01	-2.316206e+02
2.840000e-06	-3.319320e-06	-3.861220e-09	-2.343920e+01	-2.551346e+02
2.850000e-06	-3.400505e-06	-4.219381e-09	-2.401248e+01	-2.785205e+02
2.860000e-06	-3.480589e-06	-4.575840e-09	-2.457799e+01	-3.017108e+02
2.870000e-06	-3.559423e-06	-4.926564e-09	-2.513467e+01	-3.246355e+02
2.880000e-06	-3.636701e-06	-5.269186e-09	-2.568037e+01	-3.472227e+02
2.890000e-06	-3.712432e-06	-5.604325e-09	-2.621513e+01	-3.693992e+02
2.900000e-06	-3.786777e-06	-5.934643e-09	-2.674012e+01	-3.910911e+02
2.910000e-06	-3.859734e-06	-6.260065e-09	-2.725530e+01	-4.122249e+02
2.920000e-06	-3.931438e-06	-6.575703e-09	-2.776163e+01	-4.327288e+02
2.930000e-06	-4.001702e-06	-6.879011e-09	-2.825780e+01	-4.525352e+02
2.940000e-06	-4.070310e-06	-7.169423e-09	-2.874227e+01	-4.715823e+02
2.950000e-06	-4.137447e-06	-7.448251e-09	-2.921635e+01	-4.898170e+02
2.960000e-06	-4.203258e-06	-7.716010e-09	-2.968108e+01	-5.071963e+02
2.970000e-06	-4.267757e-06	-7.970543e-09	-3.013653e+01	-5.236894e+02
2.980000e-06	-4.330797e-06	-8.212028e-09	-3.058168e+01	-5.392777e+02
2.990000e-06	-4.392093e-06	-8.440749e-09	-3.101452e+01	-5.539550e+02
3.000000e-06	-4.451691e-06	-8.653905e-09	-3.143537e+01	-5.677260e+02
3.010000e-06	-4.509829e-06	-8.850574e-09	-3.184591e+01	-5.806047e+02
3.020000e-06	-4.566481e-06	-9.032960e-09	-3.224595e+01	-5.926126e+02
3.030000e-06	-4.621500e-06	-9.204328e-09	-3.263447e+01	-6.037768e+02
3.040000e-06	-4.674608e-06	-9.365356e-09	-3.300949e+01	-6.141287e+02
3.050000e-06	-4.725757e-06	-9.514192e-09	-3.337067e+01	-6.237038e+02
3.060000e-06	-4.775065e-06	-9.649831e-09	-3.371886e+01	-6.325415e+02
3.070000e-06	-4.822386e-06	-9.773363e-09	-3.405301e+01	-6.406853e+02
3.080000e-06	-4.867908e-06	-9.887338e-09	-3.437447e+01	-6.481832e+02
3.090000e-06	-4.911992e-06	-9.993553e-09	-3.468576e+01	-6.550870e+02
3.100000e-06	-4.954600e-06	-1.009065e-08	-3.498663e+01	-6.614514e+02
3.110000e-06	-4.995630e-06	-1.018086e-08	-3.527637e+01	-6.673316e+02
3.120000e-06	-5.034962e-06	-1.026543e-08	-3.555410e+01	-6.727808e+02
3.130000e-06	-5.072356e-06	-1.034279e-08	-3.581816e+01	-6.778468e+02
3.140000e-06	-5.107856e-06	-1.041422e-08	-3.606884e+01	-6.825699e+02
3.150000e-06	-5.141678e-06	-1.048168e-08	-3.630767e+01	-6.869807e+02
3.160000e-06	-5.173780e-06	-1.054765e-08	-3.653436e+01	-6.911001e+02
3.170000e-06	-5.203900e-06	-1.060922e-08	-3.674706e+01	-6.949406e+02
3.180000e-06	-5.232091e-06	-1.066464e-08	-3.694612e+01	-6.985088e+02
3.190000e-06	-5.258563e-06	-1.071241e-08	-3.713305e+01	-7.018083e+02
3.200000e-06	-5.283258e-06	-1.075600e-08	-3.730744e+01	-7.048433e+02
3.210000e-06	-5.306036e-06	-1.079914e-08	-3.746828e+01	-7.076213e+02
3.220000e-06	-5.326810e-06	-1.084082e-08	-3.761498e+01	-7.101542e+02
3.230000e-06	-5.345774e-06	-1.087679e-08	-3.774889e+01	-7.124585e+02
3.240000e-06	-5.362960e-06	-1.091021e-08	-3.787025e+01	-7.145536e+02
3.250000e-06	-5.378140e-06	-1.094217e-08	-3.797744e+01	-7.164596e+02
3.260000e-06	-5.391138e-06	-1.097126e-08	-3.806922e+01	-7.181946e+02
3.270000e-06	-5.402051e-06	-1.099564e-08	-3.814628e+01	-7.197722e+02
3.280000e-06	-5.411069e-06	-1.101488e-08	-3.820997e+01	-7.212011e+02
3.290000e-06	-5.418126e-06	-1.103309e-08	-3.825980e+01	-7.224843e+02
3.300000e-06	-5.423135e-06	-1.105015e-08	-3.829517e+01	-7.236211e+02
3.310000e-06	-5.426306e-06	-1.106325e-08	-3.831756e+01	-7.246089e+02
3.320000e-06	-5.427837e-06	-1.107258e-08	-3.832837e+01	-7.254456e+02
