# Temperatura_=_80.64
# Concentracion g/m^3_=_24000.0
# C_Vs_to_Am_M_A/Vsm_=_65563218390.804596
# pendiente_HvsI_1/m_=_3716.3
# ordenada_HvsI_A/m_=_1297.0
# frecuencia_Hz_=_301422.5363052483

Tiempo_(s)	Campo_(V.s)	Magnetizacion_(V.s)	Campo_(kA/m)	Magnetizacion_(A/m)
0.000000e+00	-8.130299e-06	-2.046281e-08	-5.692589e+01	-1.341243e+03
1.000000e-08	-8.127030e-06	-2.046209e-08	-5.690300e+01	-1.341201e+03
2.000000e-08	-8.121114e-06	-2.045772e-08	-5.686158e+01	-1.341137e+03
3.000000e-08	-8.112536e-06	-2.045971e-08	-5.680152e+01	-1.341039e+03
4.000000e-08	-8.101051e-06	-2.045925e-08	-5.672110e+01	-1.340894e+03
5.000000e-08	-8.086578e-06	-2.045108e-08	-5.661977e+01	-1.340691e+03
6.000000e-08	-8.069245e-06	-2.044236e-08	-5.649841e+01	-1.340428e+03
7.000000e-08	-8.049457e-06	-2.042338e-08	-5.635986e+01	-1.340116e+03
8.000000e-08	-8.027295e-06	-2.045074e-08	-5.620469e+01	-1.339771e+03
9.000000e-08	-8.002221e-06	-2.053422e-08	-5.602912e+01	-1.339414e+03
1.000000e-07	-7.973866e-06	-2.048097e-08	-5.583059e+01	-1.339063e+03
1.100000e-07	-7.942472e-06	-2.041656e-08	-5.561078e+01	-1.338723e+03
1.200000e-07	-7.908304e-06	-2.041360e-08	-5.537155e+01	-1.338385e+03
1.300000e-07	-7.871470e-06	-2.040892e-08	-5.511365e+01	-1.338027e+03
1.400000e-07	-7.832155e-06	-2.037321e-08	-5.483837e+01	-1.337617e+03
1.500000e-07	-7.790461e-06	-2.032488e-08	-5.454645e+01	-1.337122e+03
1.600000e-07	-7.746271e-06	-2.044736e-08	-5.423704e+01	-1.336517e+03
1.700000e-07	-7.699284e-06	-2.038674e-08	-5.390805e+01	-1.335792e+03
1.800000e-07	-7.649385e-06	-2.029069e-08	-5.355868e+01	-1.334958e+03
1.900000e-07	-7.596597e-06	-2.041323e-08	-5.318907e+01	-1.334042e+03
2.000000e-07	-7.540919e-06	-2.032258e-08	-5.279923e+01	-1.333084e+03
2.100000e-07	-7.482463e-06	-2.030094e-08	-5.238994e+01	-1.332123e+03
2.200000e-07	-7.421385e-06	-2.032526e-08	-5.196229e+01	-1.331186e+03
2.300000e-07	-7.357729e-06	-2.032174e-08	-5.151659e+01	-1.330288e+03
2.400000e-07	-7.291373e-06	-2.032918e-08	-5.105198e+01	-1.329417e+03
2.500000e-07	-7.222243e-06	-2.023249e-08	-5.056795e+01	-1.328549e+03
2.600000e-07	-7.150349e-06	-2.025713e-08	-5.006457e+01	-1.327645e+03
2.700000e-07	-7.075707e-06	-2.023882e-08	-4.954196e+01	-1.326671e+03
2.800000e-07	-6.998302e-06	-2.022605e-08	-4.899999e+01	-1.325598e+03
2.900000e-07	-6.918137e-06	-2.019196e-08	-4.843869e+01	-1.324419e+03
3.000000e-07	-6.835488e-06	-2.018701e-08	-4.786001e+01	-1.323142e+03
3.100000e-07	-6.750598e-06	-2.020427e-08	-4.726564e+01	-1.321792e+03
3.200000e-07	-6.663412e-06	-2.010953e-08	-4.665519e+01	-1.320398e+03
3.300000e-07	-6.573844e-06	-2.011283e-08	-4.602806e+01	-1.318988e+03
3.400000e-07	-6.481874e-06	-2.011503e-08	-4.538412e+01	-1.317574e+03
3.500000e-07	-6.387610e-06	-2.010835e-08	-4.472411e+01	-1.316155e+03
3.600000e-07	-6.291087e-06	-2.007151e-08	-4.404829e+01	-1.314712e+03
3.700000e-07	-6.192198e-06	-2.003789e-08	-4.335590e+01	-1.313217e+03
3.800000e-07	-6.091053e-06	-2.001593e-08	-4.264771e+01	-1.311641e+03
3.900000e-07	-5.987731e-06	-1.997068e-08	-4.192428e+01	-1.309962e+03
4.000000e-07	-5.882247e-06	-1.994995e-08	-4.118571e+01	-1.308174e+03
4.100000e-07	-5.774678e-06	-1.992276e-08	-4.043255e+01	-1.306287e+03
4.200000e-07	-5.665073e-06	-1.991918e-08	-3.966512e+01	-1.304324e+03
4.300000e-07	-5.553399e-06	-1.988049e-08	-3.888322e+01	-1.302314e+03
4.400000e-07	-5.439517e-06	-1.984400e-08	-3.808585e+01	-1.300280e+03
4.500000e-07	-5.323492e-06	-1.981137e-08	-3.727348e+01	-1.298232e+03
4.600000e-07	-5.205435e-06	-1.977812e-08	-3.644688e+01	-1.296163e+03
4.700000e-07	-5.085465e-06	-1.973827e-08	-3.560689e+01	-1.294049e+03
4.800000e-07	-4.963651e-06	-1.970883e-08	-3.475398e+01	-1.291856e+03
4.900000e-07	-4.839991e-06	-1.968935e-08	-3.388815e+01	-1.289549e+03
5.000000e-07	-4.714657e-06	-1.964101e-08	-3.301060e+01	-1.287104e+03
5.100000e-07	-4.587699e-06	-1.958308e-08	-3.212168e+01	-1.284513e+03
5.200000e-07	-4.459085e-06	-1.953677e-08	-3.122116e+01	-1.281790e+03
5.300000e-07	-4.328798e-06	-1.951123e-08	-3.030893e+01	-1.278960e+03
5.400000e-07	-4.196874e-06	-1.946716e-08	-2.938524e+01	-1.276058e+03
5.500000e-07	-4.063479e-06	-1.941623e-08	-2.845125e+01	-1.273112e+03
5.600000e-07	-3.928569e-06	-1.937364e-08	-2.750665e+01	-1.270134e+03
5.700000e-07	-3.792192e-06	-1.933279e-08	-2.655178e+01	-1.267117e+03
5.800000e-07	-3.654493e-06	-1.927632e-08	-2.558765e+01	-1.264031e+03
5.900000e-07	-3.515371e-06	-1.922093e-08	-2.461356e+01	-1.260832e+03
6.000000e-07	-3.374798e-06	-1.917862e-08	-2.362931e+01	-1.257476e+03
6.100000e-07	-3.232879e-06	-1.912756e-08	-2.263564e+01	-1.253928e+03
6.200000e-07	-3.089733e-06	-1.906573e-08	-2.163337e+01	-1.250173e+03
6.300000e-07	-2.945438e-06	-1.900180e-08	-2.062307e+01	-1.246222e+03
6.400000e-07	-2.799960e-06	-1.894195e-08	-1.960447e+01	-1.242104e+03
6.500000e-07	-2.653423e-06	-1.887285e-08	-1.857846e+01	-1.237862e+03
6.600000e-07	-2.506033e-06	-1.880509e-08	-1.754649e+01	-1.233532e+03
6.700000e-07	-2.357845e-06	-1.874286e-08	-1.650892e+01	-1.229134e+03
6.800000e-07	-2.208920e-06	-1.867964e-08	-1.546619e+01	-1.224662e+03
6.900000e-07	-2.059279e-06	-1.860710e-08	-1.441845e+01	-1.220083e+03
7.000000e-07	-1.908908e-06	-1.852881e-08	-1.336559e+01	-1.215342e+03
7.100000e-07	-1.757874e-06	-1.845400e-08	-1.230810e+01	-1.210377e+03
7.200000e-07	-1.606206e-06	-1.837366e-08	-1.124616e+01	-1.205134e+03
7.300000e-07	-1.453966e-06	-1.828880e-08	-1.018023e+01	-1.199579e+03
7.400000e-07	-1.301241e-06	-1.820147e-08	-9.110892e+00	-1.193705e+03
7.500000e-07	-1.148044e-06	-1.810974e-08	-8.038258e+00	-1.187529e+03
7.600000e-07	-9.943537e-07	-1.800746e-08	-6.962163e+00	-1.181078e+03
7.700000e-07	-8.402371e-07	-1.789929e-08	-5.883086e+00	-1.174376e+03
7.800000e-07	-6.857780e-07	-1.779294e-08	-4.801610e+00	-1.167422e+03
7.900000e-07	-5.310571e-07	-1.768660e-08	-3.718301e+00	-1.160176e+03
8.000000e-07	-3.761825e-07	-1.757414e-08	-2.633916e+00	-1.152558e+03
8.100000e-07	-2.211488e-07	-1.745085e-08	-1.548417e+00	-1.144452e+03
8.200000e-07	-6.599525e-08	-1.731604e-08	-4.620787e-01	-1.135719e+03
8.300000e-07	8.918476e-08	-1.716544e-08	6.244446e-01	-1.126225e+03
8.400000e-07	2.442790e-07	-1.700194e-08	1.710368e+00	-1.115853e+03
8.500000e-07	3.992804e-07	-1.682886e-08	2.795640e+00	-1.104521e+03
8.600000e-07	5.541831e-07	-1.664546e-08	3.880222e+00	-1.092184e+03
8.700000e-07	7.088829e-07	-1.644482e-08	4.963383e+00	-1.078817e+03
8.800000e-07	8.633169e-07	-1.622402e-08	6.044683e+00	-1.064404e+03
8.900000e-07	1.017395e-06	-1.598648e-08	7.123493e+00	-1.048907e+03
9.000000e-07	1.170970e-06	-1.573233e-08	8.198776e+00	-1.032252e+03
9.100000e-07	1.324061e-06	-1.545859e-08	9.270673e+00	-1.014312e+03
9.200000e-07	1.476773e-06	-1.515914e-08	1.033992e+01	-9.949170e+02
9.300000e-07	1.628945e-06	-1.483465e-08	1.140538e+01	-9.738630e+02
9.400000e-07	1.780416e-06	-1.448180e-08	1.246593e+01	-9.509368e+02
9.500000e-07	1.931247e-06	-1.409734e-08	1.352201e+01	-9.259361e+02
9.600000e-07	2.081445e-06	-1.368003e-08	1.457364e+01	-8.986797e+02
9.700000e-07	2.230883e-06	-1.322981e-08	1.561997e+01	-8.690014e+02
9.800000e-07	2.379522e-06	-1.274145e-08	1.666069e+01	-8.367241e+02
9.900000e-07	2.527371e-06	-1.220758e-08	1.769589e+01	-8.016201e+02
1.000000e-06	2.674311e-06	-1.162375e-08	1.872472e+01	-7.633649e+02
1.010000e-06	2.820276e-06	-1.098339e-08	1.974671e+01	-7.215009e+02
1.020000e-06	2.965260e-06	-1.027394e-08	2.076185e+01	-6.754254e+02
1.030000e-06	3.109200e-06	-9.483892e-09	2.176968e+01	-6.244132e+02
1.040000e-06	3.252015e-06	-8.608839e-09	2.276962e+01	-5.676811e+02
1.050000e-06	3.393583e-06	-7.643003e-09	2.376084e+01	-5.044882e+02
1.060000e-06	3.533849e-06	-6.574375e-09	2.474294e+01	-4.342610e+02
1.070000e-06	3.672707e-06	-5.392768e-09	2.571518e+01	-3.567216e+02
1.080000e-06	3.810100e-06	-4.097812e-09	2.667716e+01	-2.719960e+02
1.090000e-06	3.946116e-06	-2.700774e-09	2.762951e+01	-1.806799e+02
1.100000e-06	4.080724e-06	-1.218904e-09	2.857199e+01	-8.384734e+01
1.110000e-06	4.213873e-06	3.235454e-10	2.950426e+01	1.700534e+01
1.120000e-06	4.345514e-06	1.898336e-09	3.042597e+01	1.200731e+02
1.130000e-06	4.475562e-06	3.476100e-09	3.133653e+01	2.233971e+02
1.140000e-06	4.604016e-06	5.024992e-09	3.223592e+01	3.250378e+02
1.150000e-06	4.730883e-06	6.517391e-09	3.312421e+01	4.232381e+02
1.160000e-06	4.856168e-06	7.930171e-09	3.400142e+01	5.165543e+02
1.170000e-06	4.979789e-06	9.251765e-09	3.486697e+01	6.039358e+02
1.180000e-06	5.101550e-06	1.047494e-08	3.571951e+01	6.847488e+02
1.190000e-06	5.221391e-06	1.159661e-08	3.655859e+01	7.587457e+02
1.200000e-06	5.339329e-06	1.261519e-08	3.738436e+01	8.259944e+02
1.210000e-06	5.455225e-06	1.353697e-08	3.819583e+01	8.867851e+02
1.220000e-06	5.568946e-06	1.437120e-08	3.899207e+01	9.415348e+02
1.230000e-06	5.680591e-06	1.512100e-08	3.977378e+01	9.907050e+02
1.240000e-06	5.790264e-06	1.578823e-08	4.054167e+01	1.034745e+03
1.250000e-06	5.897920e-06	1.638037e-08	4.129545e+01	1.074065e+03
1.260000e-06	6.003442e-06	1.690824e-08	4.203428e+01	1.109027e+03
1.270000e-06	6.106744e-06	1.737670e-08	4.275757e+01	1.139964e+03
1.280000e-06	6.207861e-06	1.778636e-08	4.346556e+01	1.167196e+03
1.290000e-06	6.306739e-06	1.814196e-08	4.415787e+01	1.191044e+03
1.300000e-06	6.403283e-06	1.845302e-08	4.483384e+01	1.211842e+03
1.310000e-06	6.497559e-06	1.872735e-08	4.549394e+01	1.229927e+03
1.320000e-06	6.589608e-06	1.896878e-08	4.613844e+01	1.245633e+03
1.330000e-06	6.679314e-06	1.917891e-08	4.676653e+01	1.259268e+03
1.340000e-06	6.766631e-06	1.936056e-08	4.737790e+01	1.271107e+03
1.350000e-06	6.851661e-06	1.951704e-08	4.797326e+01	1.281377e+03
1.360000e-06	6.934301e-06	1.965254e-08	4.855187e+01	1.290264e+03
1.370000e-06	7.014356e-06	1.976894e-08	4.911239e+01	1.297918e+03
1.380000e-06	7.091894e-06	1.986441e-08	4.965529e+01	1.304467e+03
1.390000e-06	7.166810e-06	1.994238e-08	5.017983e+01	1.310031e+03
1.400000e-06	7.239002e-06	2.001121e-08	5.068530e+01	1.314733e+03
1.410000e-06	7.308651e-06	2.007470e-08	5.117296e+01	1.318701e+03
1.420000e-06	7.375717e-06	2.013027e-08	5.164253e+01	1.322064e+03
1.430000e-06	7.440079e-06	2.017568e-08	5.209318e+01	1.324946e+03
1.440000e-06	7.501866e-06	2.021383e-08	5.252579e+01	1.327452e+03
1.450000e-06	7.561100e-06	2.024904e-08	5.294053e+01	1.329663e+03
1.460000e-06	7.617630e-06	2.028107e-08	5.333634e+01	1.331630e+03
1.470000e-06	7.671389e-06	2.030732e-08	5.371274e+01	1.333378e+03
1.480000e-06	7.722004e-06	2.032725e-08	5.406713e+01	1.334915e+03
1.490000e-06	7.769458e-06	2.034350e-08	5.439939e+01	1.336239e+03
1.500000e-06	7.814247e-06	2.035927e-08	5.471299e+01	1.337354e+03
1.510000e-06	7.856246e-06	2.037471e-08	5.500705e+01	1.338272e+03
1.520000e-06	7.895351e-06	2.039003e-08	5.528085e+01	1.339020e+03
1.530000e-06	7.931805e-06	2.040349e-08	5.553609e+01	1.339636e+03
1.540000e-06	7.965481e-06	2.041530e-08	5.577188e+01	1.340160e+03
1.550000e-06	7.996332e-06	2.042700e-08	5.598790e+01	1.340629e+03
1.560000e-06	8.024483e-06	2.043657e-08	5.618500e+01	1.341068e+03
1.570000e-06	8.049733e-06	2.044369e-08	5.636179e+01	1.341485e+03
1.580000e-06	8.072086e-06	2.044894e-08	5.651830e+01	1.341876e+03
1.590000e-06	8.091726e-06	2.045440e-08	5.665581e+01	1.342226e+03
1.600000e-06	8.108448e-06	2.046101e-08	5.677290e+01	1.342517e+03
1.610000e-06	8.122129e-06	2.046635e-08	5.686868e+01	1.342739e+03
1.620000e-06	8.132690e-06	2.047008e-08	5.694263e+01	1.342888e+03
1.630000e-06	8.140213e-06	2.047395e-08	5.699530e+01	1.342971e+03
1.640000e-06	8.144952e-06	2.047835e-08	5.702849e+01	1.343003e+03
1.650000e-06	8.146811e-06	2.048523e-08	5.704150e+01	1.343000e+03
1.660000e-06	8.145804e-06	2.047944e-08	5.703445e+01	1.342974e+03
1.670000e-06	8.142177e-06	2.047552e-08	5.700905e+01	1.342931e+03
1.680000e-06	8.135862e-06	2.047831e-08	5.696484e+01	1.342864e+03
1.690000e-06	8.126828e-06	2.047629e-08	5.690159e+01	1.342761e+03
1.700000e-06	8.115038e-06	2.047441e-08	5.681904e+01	1.342610e+03
1.710000e-06	8.100351e-06	2.047956e-08	5.671620e+01	1.342400e+03
1.720000e-06	8.083088e-06	2.048866e-08	5.659533e+01	1.342132e+03
1.730000e-06	8.063512e-06	2.048114e-08	5.645827e+01	1.341815e+03
1.740000e-06	8.041251e-06	2.035957e-08	5.630240e+01	1.341468e+03
1.750000e-06	8.015700e-06	2.037748e-08	5.612350e+01	1.341111e+03
1.760000e-06	7.986509e-06	2.044548e-08	5.591911e+01	1.340761e+03
1.770000e-06	7.954017e-06	2.042519e-08	5.569161e+01	1.340421e+03
1.780000e-06	7.918979e-06	2.041303e-08	5.544629e+01	1.340083e+03
1.790000e-06	7.881534e-06	2.049987e-08	5.518411e+01	1.339721e+03
1.800000e-06	7.841727e-06	2.050608e-08	5.490540e+01	1.339304e+03
1.810000e-06	7.799844e-06	2.028996e-08	5.461214e+01	1.338798e+03
1.820000e-06	7.755483e-06	2.046916e-08	5.430154e+01	1.338179e+03
1.830000e-06	7.708257e-06	2.042429e-08	5.397088e+01	1.337442e+03
1.840000e-06	7.658124e-06	2.034305e-08	5.361986e+01	1.336597e+03
1.850000e-06	7.604860e-06	2.043459e-08	5.324692e+01	1.335676e+03
1.860000e-06	7.548810e-06	2.029371e-08	5.285448e+01	1.334715e+03
1.870000e-06	7.490154e-06	2.038713e-08	5.244379e+01	1.333755e+03
1.880000e-06	7.428719e-06	2.025793e-08	5.201364e+01	1.332823e+03
1.890000e-06	7.364567e-06	2.026171e-08	5.156447e+01	1.331928e+03
1.900000e-06	7.297650e-06	2.035695e-08	5.109593e+01	1.331059e+03
1.910000e-06	7.228011e-06	2.025288e-08	5.060834e+01	1.330189e+03
1.920000e-06	7.155586e-06	2.031106e-08	5.010124e+01	1.329279e+03
1.930000e-06	7.080452e-06	2.022581e-08	4.957518e+01	1.328295e+03
1.940000e-06	7.002660e-06	2.027458e-08	4.903050e+01	1.327211e+03
1.950000e-06	6.922205e-06	2.018311e-08	4.846718e+01	1.326021e+03
1.960000e-06	6.839307e-06	2.014682e-08	4.788676e+01	1.324735e+03
1.970000e-06	6.753979e-06	2.023916e-08	4.728931e+01	1.323379e+03
1.980000e-06	6.666166e-06	2.015275e-08	4.667447e+01	1.321982e+03
1.990000e-06	6.575912e-06	2.016118e-08	4.604254e+01	1.320570e+03
2.000000e-06	6.483452e-06	2.006924e-08	4.539517e+01	1.319156e+03
2.010000e-06	6.388743e-06	2.009219e-08	4.473204e+01	1.317736e+03
2.020000e-06	6.291688e-06	2.005500e-08	4.405249e+01	1.316289e+03
2.030000e-06	6.192382e-06	2.004160e-08	4.335718e+01	1.314787e+03
2.040000e-06	6.090850e-06	2.005032e-08	4.264628e+01	1.313200e+03
2.050000e-06	5.987090e-06	2.000615e-08	4.191979e+01	1.311510e+03
2.060000e-06	5.881111e-06	1.997034e-08	4.117776e+01	1.309710e+03
2.070000e-06	5.773113e-06	1.989429e-08	4.042159e+01	1.307814e+03
2.080000e-06	5.663088e-06	1.990832e-08	3.965123e+01	1.305845e+03
2.090000e-06	5.550890e-06	1.987676e-08	3.886565e+01	1.303831e+03
2.100000e-06	5.436495e-06	1.985758e-08	3.806469e+01	1.301795e+03
2.110000e-06	5.320087e-06	1.982172e-08	3.724963e+01	1.299745e+03
2.120000e-06	5.201687e-06	1.980501e-08	3.642063e+01	1.297673e+03
2.130000e-06	5.081256e-06	1.975784e-08	3.557741e+01	1.295552e+03
2.140000e-06	4.958981e-06	1.969442e-08	3.472128e+01	1.293348e+03
2.150000e-06	4.834948e-06	1.966560e-08	3.385284e+01	1.291027e+03
2.160000e-06	4.709171e-06	1.965077e-08	3.297219e+01	1.288567e+03
2.170000e-06	4.581623e-06	1.962605e-08	3.207914e+01	1.285961e+03
2.180000e-06	4.452445e-06	1.957069e-08	3.117467e+01	1.283225e+03
2.190000e-06	4.321728e-06	1.952937e-08	3.025943e+01	1.280385e+03
2.200000e-06	4.189482e-06	1.948188e-08	2.933348e+01	1.277477e+03
2.210000e-06	4.055783e-06	1.943699e-08	2.839736e+01	1.274528e+03
2.220000e-06	3.920604e-06	1.939608e-08	2.745088e+01	1.271547e+03
2.230000e-06	3.783906e-06	1.936826e-08	2.649376e+01	1.268524e+03
2.240000e-06	3.645785e-06	1.931493e-08	2.552668e+01	1.265428e+03
2.250000e-06	3.506363e-06	1.924542e-08	2.455049e+01	1.262214e+03
2.260000e-06	3.365685e-06	1.918522e-08	2.356550e+01	1.258839e+03
2.270000e-06	3.223720e-06	1.913836e-08	2.257151e+01	1.255269e+03
2.280000e-06	3.080429e-06	1.908425e-08	2.156823e+01	1.251492e+03
2.290000e-06	2.935981e-06	1.902749e-08	2.055685e+01	1.247521e+03
2.300000e-06	2.790541e-06	1.897873e-08	1.953852e+01	1.243388e+03
2.310000e-06	2.644111e-06	1.892036e-08	1.851326e+01	1.239135e+03
2.320000e-06	2.496726e-06	1.884587e-08	1.748132e+01	1.234797e+03
2.330000e-06	2.348509e-06	1.876730e-08	1.644355e+01	1.230392e+03
2.340000e-06	2.199544e-06	1.870083e-08	1.540054e+01	1.225910e+03
2.350000e-06	2.049835e-06	1.863450e-08	1.435233e+01	1.221317e+03
2.360000e-06	1.899376e-06	1.856097e-08	1.329886e+01	1.216555e+03
2.370000e-06	1.748216e-06	1.848334e-08	1.224048e+01	1.211562e+03
2.380000e-06	1.596405e-06	1.839892e-08	1.117754e+01	1.206287e+03
2.390000e-06	1.443999e-06	1.830836e-08	1.011044e+01	1.200698e+03
2.400000e-06	1.291015e-06	1.822038e-08	9.039299e+00	1.194790e+03
2.410000e-06	1.137498e-06	1.814008e-08	7.964413e+00	1.188583e+03
2.420000e-06	9.835798e-07	1.805446e-08	6.886728e+00	1.182104e+03
2.430000e-06	8.293936e-07	1.794968e-08	5.807163e+00	1.175376e+03
2.440000e-06	6.749685e-07	1.783243e-08	4.725925e+00	1.168393e+03
2.450000e-06	5.203154e-07	1.771405e-08	3.643091e+00	1.161112e+03
2.460000e-06	3.654851e-07	1.759586e-08	2.559016e+00	1.153448e+03
2.470000e-06	2.105432e-07	1.747051e-08	1.474160e+00	1.145281e+03
2.480000e-06	5.555168e-08	1.733825e-08	3.889560e-01	1.136473e+03
2.490000e-06	-9.948235e-08	1.719820e-08	-6.965453e-01	1.126890e+03
2.500000e-06	-2.544600e-07	1.704346e-08	-1.781652e+00	1.116418e+03
2.510000e-06	-4.093139e-07	1.686801e-08	-2.865892e+00	1.104981e+03
2.520000e-06	-5.639761e-07	1.667562e-08	-3.948790e+00	1.092533e+03
2.530000e-06	-7.183896e-07	1.647038e-08	-5.029946e+00	1.079056e+03
2.540000e-06	-8.726029e-07	1.625121e-08	-6.109701e+00	1.064529e+03
2.550000e-06	-1.026589e-06	1.601686e-08	-7.187866e+00	1.048912e+03
2.560000e-06	-1.180203e-06	1.576349e-08	-8.263424e+00	1.032126e+03
2.570000e-06	-1.333314e-06	1.548621e-08	-9.335462e+00	1.014039e+03
2.580000e-06	-1.485886e-06	1.518037e-08	-1.040372e+01	9.944765e+02
2.590000e-06	-1.637909e-06	1.485207e-08	-1.146814e+01	9.732321e+02
2.600000e-06	-1.789366e-06	1.450237e-08	-1.252860e+01	9.500929e+02
2.610000e-06	-1.940184e-06	1.412524e-08	-1.358458e+01	9.248588e+02
2.620000e-06	-2.090242e-06	1.371135e-08	-1.463524e+01	8.973507e+02
2.630000e-06	-2.239448e-06	1.325676e-08	-1.567994e+01	8.674029e+02
2.640000e-06	-2.387849e-06	1.276382e-08	-1.671899e+01	8.348350e+02
2.650000e-06	-2.535511e-06	1.222545e-08	-1.775288e+01	7.994109e+02
2.660000e-06	-2.682290e-06	1.163548e-08	-1.878058e+01	7.607934e+02
2.670000e-06	-2.828122e-06	1.098899e-08	-1.980165e+01	7.185095e+02
2.680000e-06	-2.972977e-06	1.027895e-08	-2.081588e+01	6.719414e+02
2.690000e-06	-3.116729e-06	9.493038e-09	-2.182240e+01	6.203541e+02
2.700000e-06	-3.259258e-06	8.618013e-09	-2.282034e+01	5.629632e+02
2.710000e-06	-3.400509e-06	7.647581e-09	-2.380933e+01	4.990399e+02
2.720000e-06	-3.540455e-06	6.574024e-09	-2.478919e+01	4.280362e+02
2.730000e-06	-3.679047e-06	5.390838e-09	-2.575957e+01	3.497128e+02
2.740000e-06	-3.816253e-06	4.098293e-09	-2.672025e+01	2.642439e+02
2.750000e-06	-3.952051e-06	2.703371e-09	-2.767106e+01	1.722773e+02
2.760000e-06	-4.086411e-06	1.218481e-09	-2.861181e+01	7.493580e+01
2.770000e-06	-4.219295e-06	-3.337605e-10	-2.954222e+01	-2.624470e+01
2.780000e-06	-4.350757e-06	-1.916853e-09	-3.046268e+01	-1.294347e+02
2.790000e-06	-4.480756e-06	-3.494648e-09	-3.137290e+01	-2.326693e+02
2.800000e-06	-4.609208e-06	-5.041931e-09	-3.227228e+01	-3.340208e+02
2.810000e-06	-4.735950e-06	-6.536042e-09	-3.315968e+01	-4.317605e+02
2.820000e-06	-4.860925e-06	-7.955374e-09	-3.403472e+01	-5.244837e+02
2.830000e-06	-4.984234e-06	-9.281815e-09	-3.489809e+01	-6.111846e+02
2.840000e-06	-5.105858e-06	-1.050597e-08	-3.574967e+01	-6.912729e+02
2.850000e-06	-5.225565e-06	-1.162728e-08	-3.658782e+01	-7.645388e+02
2.860000e-06	-5.343139e-06	-1.264914e-08	-3.741104e+01	-8.310787e+02
2.870000e-06	-5.458600e-06	-1.357642e-08	-3.821946e+01	-8.912009e+02
2.880000e-06	-5.571895e-06	-1.441261e-08	-3.901272e+01	-9.453305e+02
2.890000e-06	-5.682961e-06	-1.516322e-08	-3.979037e+01	-9.939303e+02
2.900000e-06	-5.791918e-06	-1.583347e-08	-4.055325e+01	-1.037446e+03
2.910000e-06	-5.898959e-06	-1.642963e-08	-4.130272e+01	-1.076282e+03
2.920000e-06	-6.004065e-06	-1.695733e-08	-4.203864e+01	-1.110797e+03
2.930000e-06	-6.106971e-06	-1.742144e-08	-4.275916e+01	-1.141323e+03
2.940000e-06	-6.207597e-06	-1.782845e-08	-4.346371e+01	-1.168176e+03
2.950000e-06	-6.306047e-06	-1.818845e-08	-4.415303e+01	-1.191682e+03
2.960000e-06	-6.402376e-06	-1.850771e-08	-4.482750e+01	-1.212172e+03
2.970000e-06	-6.496411e-06	-1.878732e-08	-4.548590e+01	-1.229987e+03
2.980000e-06	-6.588069e-06	-1.902927e-08	-4.612767e+01	-1.245457e+03
2.990000e-06	-6.677506e-06	-1.923645e-08	-4.675387e+01	-1.258887e+03
3.000000e-06	-6.764638e-06	-1.941431e-08	-4.736394e+01	-1.270548e+03
3.010000e-06	-6.849267e-06	-1.956852e-08	-4.795649e+01	-1.280662e+03
3.020000e-06	-6.931464e-06	-1.970251e-08	-4.853201e+01	-1.289410e+03
3.030000e-06	-7.011272e-06	-1.981651e-08	-4.909080e+01	-1.296940e+03
3.040000e-06	-7.088401e-06	-1.991060e-08	-4.963083e+01	-1.303377e+03
3.050000e-06	-7.162787e-06	-1.999077e-08	-5.015167e+01	-1.308843e+03
3.060000e-06	-7.234538e-06	-2.006148e-08	-5.065404e+01	-1.313461e+03
3.070000e-06	-7.303643e-06	-2.012510e-08	-5.113789e+01	-1.317358e+03
3.080000e-06	-7.370166e-06	-2.017894e-08	-5.160366e+01	-1.320664e+03
3.090000e-06	-7.434103e-06	-2.022350e-08	-5.205134e+01	-1.323500e+03
3.100000e-06	-7.495342e-06	-2.026191e-08	-5.248012e+01	-1.325971e+03
3.110000e-06	-7.553873e-06	-2.029640e-08	-5.288993e+01	-1.328154e+03
3.120000e-06	-7.609626e-06	-2.032573e-08	-5.328030e+01	-1.330097e+03
3.130000e-06	-7.662472e-06	-2.034981e-08	-5.365031e+01	-1.331823e+03
3.140000e-06	-7.712248e-06	-2.037001e-08	-5.399882e+01	-1.333337e+03
3.150000e-06	-7.758982e-06	-2.038762e-08	-5.432604e+01	-1.334638e+03
3.160000e-06	-7.803118e-06	-2.040303e-08	-5.463507e+01	-1.335731e+03
3.170000e-06	-7.844801e-06	-2.041625e-08	-5.492692e+01	-1.336629e+03
3.180000e-06	-7.883783e-06	-2.042806e-08	-5.519986e+01	-1.337361e+03
3.190000e-06	-7.919983e-06	-2.043623e-08	-5.545332e+01	-1.337965e+03
3.200000e-06	-7.953471e-06	-2.044439e-08	-5.568779e+01	-1.338482e+03
3.210000e-06	-7.984108e-06	-2.045180e-08	-5.590231e+01	-1.338947e+03
3.220000e-06	-8.011790e-06	-2.045488e-08	-5.609613e+01	-1.339384e+03
3.230000e-06	-8.036692e-06	-2.045525e-08	-5.627048e+01	-1.339799e+03
3.240000e-06	-8.058776e-06	-2.045613e-08	-5.642510e+01	-1.340186e+03
3.250000e-06	-8.077997e-06	-2.045944e-08	-5.655969e+01	-1.340530e+03
3.260000e-06	-8.094368e-06	-2.046369e-08	-5.667431e+01	-1.340815e+03
3.270000e-06	-8.107619e-06	-2.046593e-08	-5.676709e+01	-1.341028e+03
3.280000e-06	-8.117746e-06	-2.046710e-08	-5.683800e+01	-1.341170e+03
3.290000e-06	-8.124975e-06	-2.046600e-08	-5.688861e+01	-1.341247e+03
3.300000e-06	-8.129384e-06	-2.046370e-08	-5.691948e+01	-1.341274e+03
3.310000e-06	-8.131065e-06	-2.045851e-08	-5.693125e+01	-1.341268e+03
