# Temperatura_=_56.33
# Concentracion g/m^3_=_32800.0
# C_Vs_to_Am_M_A/Vsm_=_65563218390.804596
# pendiente_HvsI_1/m_=_3716.3
# ordenada_HvsI_A/m_=_1297.0
# frecuencia_Hz_=_300806.60225822043

Tiempo_(s)	Campo_(V.s)	Magnetizacion_(V.s)	Campo_(kA/m)	Magnetizacion_(A/m)
0.000000e+00	-5.425313e-06	-1.138229e-08	-3.832476e+01	-7.443224e+02
1.000000e-08	-5.422357e-06	-1.139252e-08	-3.830388e+01	-7.448336e+02
2.000000e-08	-5.417595e-06	-1.140059e-08	-3.827024e+01	-7.452135e+02
3.000000e-08	-5.411219e-06	-1.140582e-08	-3.822520e+01	-7.454677e+02
4.000000e-08	-5.403247e-06	-1.140161e-08	-3.816889e+01	-7.455997e+02
5.000000e-08	-5.393386e-06	-1.139377e-08	-3.809922e+01	-7.456104e+02
6.000000e-08	-5.381471e-06	-1.138785e-08	-3.801506e+01	-7.454985e+02
7.000000e-08	-5.367579e-06	-1.138433e-08	-3.791693e+01	-7.452612e+02
8.000000e-08	-5.351352e-06	-1.142604e-08	-3.780230e+01	-7.448956e+02
9.000000e-08	-5.332822e-06	-1.145796e-08	-3.767140e+01	-7.444001e+02
1.000000e-07	-5.312345e-06	-1.140767e-08	-3.752675e+01	-7.437751e+02
1.100000e-07	-5.290057e-06	-1.136802e-08	-3.736930e+01	-7.430237e+02
1.200000e-07	-5.266298e-06	-1.131873e-08	-3.720147e+01	-7.421513e+02
1.300000e-07	-5.241107e-06	-1.124830e-08	-3.702352e+01	-7.411645e+02
1.400000e-07	-5.214143e-06	-1.135134e-08	-3.683304e+01	-7.400703e+02
1.500000e-07	-5.185398e-06	-1.135323e-08	-3.662999e+01	-7.388749e+02
1.600000e-07	-5.155153e-06	-1.123394e-08	-3.641634e+01	-7.375830e+02
1.700000e-07	-5.123299e-06	-1.131152e-08	-3.619131e+01	-7.361976e+02
1.800000e-07	-5.089357e-06	-1.124802e-08	-3.595155e+01	-7.347204e+02
1.900000e-07	-5.053600e-06	-1.115177e-08	-3.569895e+01	-7.331522e+02
2.000000e-07	-5.016280e-06	-1.123851e-08	-3.543533e+01	-7.314938e+02
2.100000e-07	-4.977168e-06	-1.117713e-08	-3.515904e+01	-7.297456e+02
2.200000e-07	-4.936230e-06	-1.111998e-08	-3.486985e+01	-7.279082e+02
2.300000e-07	-4.893347e-06	-1.113983e-08	-3.456692e+01	-7.259813e+02
2.400000e-07	-4.848652e-06	-1.107532e-08	-3.425119e+01	-7.239626e+02
2.500000e-07	-4.802243e-06	-1.103056e-08	-3.392335e+01	-7.218476e+02
2.600000e-07	-4.753896e-06	-1.096708e-08	-3.358183e+01	-7.196283e+02
2.700000e-07	-4.703427e-06	-1.094150e-08	-3.322531e+01	-7.172941e+02
2.800000e-07	-4.650935e-06	-1.093035e-08	-3.285450e+01	-7.148326e+02
2.900000e-07	-4.596751e-06	-1.087400e-08	-3.247175e+01	-7.122315e+02
3.000000e-07	-4.541029e-06	-1.083829e-08	-3.207812e+01	-7.094806e+02
3.100000e-07	-4.483515e-06	-1.078327e-08	-3.167184e+01	-7.065737e+02
3.200000e-07	-4.424223e-06	-1.073246e-08	-3.125300e+01	-7.035106e+02
3.300000e-07	-4.363490e-06	-1.067761e-08	-3.082398e+01	-7.002967e+02
3.400000e-07	-4.301316e-06	-1.063224e-08	-3.038477e+01	-6.969429e+02
3.500000e-07	-4.237662e-06	-1.060658e-08	-2.993512e+01	-6.934631e+02
3.600000e-07	-4.172439e-06	-1.052948e-08	-2.947438e+01	-6.898723e+02
3.700000e-07	-4.105544e-06	-1.045717e-08	-2.900183e+01	-6.861831e+02
3.800000e-07	-4.037095e-06	-1.039675e-08	-2.851830e+01	-6.824042e+02
3.900000e-07	-3.967276e-06	-1.034518e-08	-2.802510e+01	-6.785382e+02
4.000000e-07	-3.896224e-06	-1.030775e-08	-2.752318e+01	-6.745822e+02
4.100000e-07	-3.823923e-06	-1.024094e-08	-2.701244e+01	-6.705285e+02
4.200000e-07	-3.750047e-06	-1.018024e-08	-2.649057e+01	-6.663666e+02
4.300000e-07	-3.674440e-06	-1.010598e-08	-2.595648e+01	-6.620858e+02
4.400000e-07	-3.597397e-06	-1.003358e-08	-2.541225e+01	-6.576772e+02
4.500000e-07	-3.518924e-06	-9.965631e-09	-2.485791e+01	-6.531354e+02
4.600000e-07	-3.438914e-06	-9.889873e-09	-2.429271e+01	-6.484594e+02
4.700000e-07	-3.357601e-06	-9.823903e-09	-2.371831e+01	-6.436515e+02
4.800000e-07	-3.275098e-06	-9.755477e-09	-2.313551e+01	-6.387170e+02
4.900000e-07	-3.191559e-06	-9.689407e-09	-2.254538e+01	-6.336618e+02
5.000000e-07	-3.107127e-06	-9.603838e-09	-2.194894e+01	-6.284911e+02
5.100000e-07	-3.021739e-06	-9.505109e-09	-2.134576e+01	-6.232081e+02
5.200000e-07	-2.935385e-06	-9.414310e-09	-2.073575e+01	-6.178137e+02
5.300000e-07	-2.848108e-06	-9.344178e-09	-2.011922e+01	-6.123065e+02
5.400000e-07	-2.760023e-06	-9.274590e-09	-1.949698e+01	-6.066837e+02
5.500000e-07	-2.670914e-06	-9.177635e-09	-1.886751e+01	-6.009424e+02
5.600000e-07	-2.580511e-06	-9.075108e-09	-1.822890e+01	-5.950803e+02
5.700000e-07	-2.489030e-06	-8.982379e-09	-1.758267e+01	-5.890967e+02
5.800000e-07	-2.396770e-06	-8.895849e-09	-1.693094e+01	-5.829925e+02
5.900000e-07	-2.303780e-06	-8.803836e-09	-1.627405e+01	-5.767695e+02
6.000000e-07	-2.210033e-06	-8.706234e-09	-1.561182e+01	-5.704301e+02
6.100000e-07	-2.115512e-06	-8.609163e-09	-1.494412e+01	-5.639757e+02
6.200000e-07	-2.020247e-06	-8.510749e-09	-1.427115e+01	-5.574066e+02
6.300000e-07	-1.924355e-06	-8.404899e-09	-1.359377e+01	-5.507208e+02
6.400000e-07	-1.827785e-06	-8.291925e-09	-1.291159e+01	-5.439144e+02
6.500000e-07	-1.730318e-06	-8.179339e-09	-1.222308e+01	-5.369823e+02
6.600000e-07	-1.632004e-06	-8.072018e-09	-1.152858e+01	-5.299184e+02
6.700000e-07	-1.533027e-06	-7.972192e-09	-1.082940e+01	-5.227168e+02
6.800000e-07	-1.433521e-06	-7.865320e-09	-1.012649e+01	-5.153725e+02
6.900000e-07	-1.333602e-06	-7.743157e-09	-9.420650e+00	-5.078813e+02
7.000000e-07	-1.233317e-06	-7.617333e-09	-8.712230e+00	-5.002399e+02
7.100000e-07	-1.132660e-06	-7.501789e-09	-8.001183e+00	-4.924456e+02
7.200000e-07	-1.031613e-06	-7.389949e-09	-7.287381e+00	-4.844951e+02
7.300000e-07	-9.301746e-07	-7.265656e-09	-6.570814e+00	-4.763842e+02
7.400000e-07	-8.283761e-07	-7.130280e-09	-5.851702e+00	-4.681069e+02
7.500000e-07	-7.262482e-07	-6.994267e-09	-5.130265e+00	-4.596547e+02
7.600000e-07	-6.238236e-07	-6.859923e-09	-4.406730e+00	-4.510165e+02
7.700000e-07	-5.211857e-07	-6.723026e-09	-3.681690e+00	-4.421785e+02
7.800000e-07	-4.184242e-07	-6.584476e-09	-2.955776e+00	-4.331240e+02
7.900000e-07	-3.155509e-07	-6.447181e-09	-2.229072e+00	-4.238335e+02
8.000000e-07	-2.125563e-07	-6.309851e-09	-1.501512e+00	-4.142846e+02
8.100000e-07	-1.095123e-07	-6.162772e-09	-7.736018e-01	-4.044521e+02
8.200000e-07	-6.437636e-09	-6.001159e-09	-4.547587e-02	-3.943083e+02
8.300000e-07	9.665021e-08	-5.830510e-09	6.827433e-01	-3.838234e+02
8.400000e-07	1.997231e-07	-5.659808e-09	1.410857e+00	-3.729659e+02
8.500000e-07	3.027211e-07	-5.487999e-09	2.138442e+00	-3.617039e+02
8.600000e-07	4.056153e-07	-5.309514e-09	2.865293e+00	-3.500060e+02
8.700000e-07	5.083718e-07	-5.124930e-09	3.591172e+00	-3.378428e+02
8.800000e-07	6.109490e-07	-4.933609e-09	4.315783e+00	-3.251879e+02
8.900000e-07	7.133269e-07	-4.734643e-09	5.038987e+00	-3.120190e+02
9.000000e-07	8.154630e-07	-4.526777e-09	5.760483e+00	-2.983177e+02
9.100000e-07	9.172750e-07	-4.310399e-09	6.479690e+00	-2.840702e+02
9.200000e-07	1.018703e-06	-4.085183e-09	7.196185e+00	-2.692664e+02
9.300000e-07	1.119775e-06	-3.850477e-09	7.910162e+00	-2.538998e+02
9.400000e-07	1.220476e-06	-3.603200e-09	8.621519e+00	-2.379661e+02
9.500000e-07	1.320774e-06	-3.344155e-09	9.330030e+00	-2.214637e+02
9.600000e-07	1.420682e-06	-3.078987e-09	1.003579e+01	-2.043926e+02
9.700000e-07	1.520221e-06	-2.812726e-09	1.073894e+01	-1.867552e+02
9.800000e-07	1.619278e-06	-2.543045e-09	1.143868e+01	-1.685563e+02
9.900000e-07	1.717633e-06	-2.261174e-09	1.213347e+01	-1.498033e+02
1.000000e-06	1.815136e-06	-1.964788e-09	1.282223e+01	-1.305066e+02
1.010000e-06	1.911775e-06	-1.658573e-09	1.350490e+01	-1.106795e+02
1.020000e-06	2.007695e-06	-1.346957e-09	1.418249e+01	-9.033770e+01
1.030000e-06	2.102955e-06	-1.027208e-09	1.485541e+01	-6.949876e+01
1.040000e-06	2.197513e-06	-6.999317e-10	1.552337e+01	-4.818148e+01
1.050000e-06	2.291361e-06	-3.689396e-10	1.618632e+01	-2.640539e+01
1.060000e-06	2.384435e-06	-3.249438e-11	1.684380e+01	-4.190644e+00
1.070000e-06	2.476791e-06	3.123919e-10	1.749621e+01	1.844158e+01
1.080000e-06	2.568444e-06	6.676296e-10	1.814366e+01	4.146829e+01
1.090000e-06	2.659166e-06	1.028578e-09	1.878452e+01	6.486347e+01
1.100000e-06	2.748667e-06	1.391155e-09	1.941676e+01	8.859686e+01
1.110000e-06	2.836917e-06	1.755477e-09	2.004017e+01	1.126328e+02
1.120000e-06	2.924207e-06	2.124054e-09	2.065678e+01	1.369296e+02
1.130000e-06	3.010621e-06	2.497779e-09	2.126722e+01	1.614393e+02
1.140000e-06	3.096035e-06	2.875871e-09	2.187059e+01	1.861076e+02
1.150000e-06	3.180429e-06	3.254064e-09	2.246676e+01	2.108748e+02
1.160000e-06	3.263875e-06	3.630519e-09	2.305622e+01	2.356762e+02
1.170000e-06	3.346291e-06	4.008547e-09	2.363841e+01	2.604426e+02
1.180000e-06	3.427386e-06	4.385322e-09	2.421128e+01	2.851003e+02
1.190000e-06	3.507156e-06	4.756491e-09	2.477478e+01	3.095717e+02
1.200000e-06	3.585666e-06	5.121442e-09	2.532938e+01	3.337745e+02
1.210000e-06	3.662868e-06	5.482061e-09	2.587474e+01	3.576225e+02
1.220000e-06	3.738792e-06	5.838012e-09	2.641107e+01	3.810262e+02
1.230000e-06	3.813278e-06	6.185873e-09	2.693724e+01	4.038943e+02
1.240000e-06	3.886114e-06	6.524455e-09	2.745176e+01	4.261362e+02
1.250000e-06	3.957454e-06	6.853252e-09	2.795571e+01	4.476654e+02
1.260000e-06	4.027435e-06	7.170146e-09	2.845006e+01	4.684027e+02
1.270000e-06	4.096065e-06	7.474237e-09	2.893486e+01	4.882801e+02
1.280000e-06	4.163409e-06	7.762067e-09	2.941059e+01	5.072431e+02
1.290000e-06	4.229177e-06	8.032381e-09	2.987518e+01	5.252526e+02
1.300000e-06	4.293268e-06	8.287359e-09	3.032792e+01	5.422847e+02
1.310000e-06	4.355926e-06	8.528020e-09	3.077054e+01	5.583303e+02
1.320000e-06	4.417204e-06	8.755941e-09	3.120342e+01	5.733922e+02
1.330000e-06	4.477110e-06	8.969552e-09	3.162659e+01	5.874831e+02
1.340000e-06	4.535387e-06	9.168496e-09	3.203826e+01	6.006232e+02
1.350000e-06	4.591826e-06	9.353774e-09	3.243696e+01	6.128380e+02
1.360000e-06	4.646635e-06	9.524726e-09	3.282413e+01	6.241579e+02
1.370000e-06	4.699794e-06	9.682718e-09	3.319965e+01	6.346184e+02
1.380000e-06	4.750992e-06	9.827767e-09	3.356132e+01	6.442601e+02
1.390000e-06	4.800091e-06	9.962267e-09	3.390815e+01	6.531300e+02
1.400000e-06	4.847323e-06	1.008725e-08	3.424180e+01	6.612815e+02
1.410000e-06	4.892926e-06	1.020134e-08	3.456395e+01	6.687737e+02
1.420000e-06	4.937007e-06	1.030563e-08	3.487534e+01	6.756694e+02
1.430000e-06	4.979343e-06	1.040100e-08	3.517440e+01	6.820317e+02
1.440000e-06	5.019739e-06	1.048912e-08	3.545976e+01	6.879212e+02
1.450000e-06	5.058412e-06	1.057271e-08	3.573295e+01	6.933917e+02
1.460000e-06	5.095456e-06	1.065241e-08	3.599463e+01	6.984874e+02
1.470000e-06	5.130799e-06	1.072717e-08	3.624430e+01	7.032420e+02
1.480000e-06	5.164179e-06	1.079520e-08	3.648010e+01	7.076783e+02
1.490000e-06	5.195661e-06	1.085477e-08	3.670249e+01	7.118104e+02
1.500000e-06	5.225437e-06	1.091003e-08	3.691283e+01	7.156465e+02
1.510000e-06	5.253557e-06	1.096364e-08	3.711146e+01	7.191927e+02
1.520000e-06	5.279746e-06	1.101334e-08	3.729647e+01	7.224562e+02
1.530000e-06	5.303840e-06	1.105799e-08	3.746667e+01	7.254476e+02
1.540000e-06	5.326073e-06	1.109800e-08	3.762373e+01	7.281817e+02
1.550000e-06	5.346587e-06	1.113518e-08	3.776864e+01	7.306774e+02
1.560000e-06	5.365348e-06	1.116856e-08	3.790117e+01	7.329556e+02
1.570000e-06	5.382151e-06	1.119916e-08	3.801986e+01	7.350371e+02
1.580000e-06	5.396954e-06	1.122619e-08	3.812443e+01	7.369398e+02
1.590000e-06	5.409752e-06	1.125010e-08	3.821484e+01	7.386777e+02
1.600000e-06	5.420442e-06	1.127259e-08	3.829036e+01	7.402593e+02
1.610000e-06	5.428986e-06	1.129447e-08	3.835071e+01	7.416890e+02
1.620000e-06	5.435574e-06	1.131501e-08	3.839725e+01	7.429676e+02
1.630000e-06	5.440417e-06	1.133194e-08	3.843146e+01	7.440949e+02
1.640000e-06	5.443453e-06	1.134703e-08	3.845290e+01	7.450710e+02
1.650000e-06	5.444458e-06	1.136255e-08	3.846000e+01	7.458977e+02
1.660000e-06	5.443551e-06	1.137269e-08	3.845360e+01	7.465793e+02
1.670000e-06	5.440985e-06	1.137936e-08	3.843547e+01	7.471216e+02
1.680000e-06	5.436787e-06	1.138597e-08	3.840581e+01	7.475312e+02
1.690000e-06	5.430722e-06	1.138809e-08	3.836297e+01	7.478140e+02
1.700000e-06	5.422789e-06	1.138995e-08	3.830693e+01	7.479741e+02
1.710000e-06	5.413217e-06	1.139434e-08	3.823932e+01	7.480130e+02
1.720000e-06	5.401960e-06	1.140389e-08	3.815979e+01	7.479297e+02
1.730000e-06	5.388820e-06	1.139513e-08	3.806697e+01	7.477216e+02
1.740000e-06	5.373596e-06	1.131324e-08	3.795943e+01	7.473858e+02
1.750000e-06	5.356103e-06	1.130598e-08	3.783586e+01	7.469202e+02
1.760000e-06	5.336144e-06	1.134776e-08	3.769487e+01	7.463248e+02
1.770000e-06	5.313781e-06	1.136358e-08	3.753689e+01	7.456023e+02
1.780000e-06	5.289767e-06	1.144177e-08	3.736725e+01	7.447573e+02
1.790000e-06	5.264817e-06	1.132916e-08	3.719100e+01	7.437966e+02
1.800000e-06	5.238536e-06	1.121422e-08	3.700535e+01	7.427269e+02
1.810000e-06	5.210283e-06	1.132053e-08	3.680578e+01	7.415549e+02
1.820000e-06	5.180035e-06	1.121000e-08	3.659211e+01	7.402854e+02
1.830000e-06	5.147941e-06	1.119081e-08	3.636539e+01	7.389220e+02
1.840000e-06	5.114028e-06	1.131982e-08	3.612583e+01	7.374664e+02
1.850000e-06	5.078536e-06	1.114162e-08	3.587511e+01	7.359198e+02
1.860000e-06	5.041265e-06	1.112347e-08	3.561182e+01	7.342827e+02
1.870000e-06	5.002049e-06	1.117462e-08	3.533480e+01	7.325558e+02
1.880000e-06	4.961152e-06	1.104167e-08	3.504590e+01	7.307396e+02
1.890000e-06	4.918436e-06	1.107916e-08	3.474415e+01	7.288341e+02
1.900000e-06	4.874095e-06	1.103970e-08	3.443092e+01	7.268375e+02
1.910000e-06	4.828054e-06	1.102911e-08	3.410569e+01	7.247457e+02
1.920000e-06	4.780041e-06	1.106553e-08	3.376652e+01	7.225516e+02
1.930000e-06	4.730336e-06	1.091811e-08	3.341540e+01	7.202451e+02
1.940000e-06	4.678903e-06	1.095226e-08	3.305207e+01	7.178141e+02
1.950000e-06	4.625601e-06	1.091418e-08	3.267555e+01	7.152460e+02
1.960000e-06	4.570386e-06	1.084656e-08	3.228550e+01	7.125299e+02
1.970000e-06	4.513376e-06	1.085368e-08	3.188278e+01	7.096588e+02
1.980000e-06	4.454906e-06	1.076304e-08	3.146975e+01	7.066310e+02
1.990000e-06	4.395001e-06	1.076257e-08	3.104657e+01	7.034508e+02
2.000000e-06	4.333403e-06	1.064401e-08	3.061144e+01	7.001279e+02
2.010000e-06	4.270045e-06	1.059153e-08	3.016388e+01	6.966760e+02
2.020000e-06	4.205183e-06	1.060129e-08	2.970568e+01	6.931098e+02
2.030000e-06	4.138916e-06	1.050686e-08	2.923757e+01	6.894429e+02
2.040000e-06	4.071238e-06	1.048324e-08	2.875949e+01	6.856849e+02
2.050000e-06	4.002079e-06	1.038203e-08	2.827094e+01	6.818397e+02
2.060000e-06	3.931245e-06	1.034379e-08	2.777057e+01	6.779056e+02
2.070000e-06	3.858910e-06	1.027727e-08	2.725959e+01	6.738757e+02
2.080000e-06	3.785268e-06	1.018469e-08	2.673938e+01	6.697400e+02
2.090000e-06	3.710254e-06	1.016279e-08	2.620947e+01	6.654876e+02
2.100000e-06	3.633780e-06	1.007568e-08	2.566925e+01	6.611091e+02
2.110000e-06	3.555646e-06	1.002630e-08	2.511731e+01	6.565982e+02
2.120000e-06	3.476082e-06	9.934509e-09	2.455527e+01	6.519529e+02
2.130000e-06	3.395369e-06	9.857867e-09	2.398511e+01	6.471751e+02
2.140000e-06	3.313522e-06	9.778239e-09	2.340693e+01	6.422693e+02
2.150000e-06	3.230610e-06	9.687316e-09	2.282124e+01	6.372415e+02
2.160000e-06	3.146743e-06	9.649156e-09	2.222879e+01	6.320973e+02
2.170000e-06	3.061742e-06	9.576250e-09	2.162834e+01	6.268403e+02
2.180000e-06	2.975265e-06	9.485548e-09	2.101746e+01	6.214719e+02
2.190000e-06	2.887621e-06	9.363686e-09	2.039834e+01	6.159912e+02
2.200000e-06	2.799116e-06	9.288611e-09	1.977313e+01	6.103955e+02
2.210000e-06	2.709696e-06	9.227747e-09	1.914146e+01	6.046819e+02
2.220000e-06	2.619368e-06	9.134300e-09	1.850338e+01	5.988479e+02
2.230000e-06	2.528205e-06	9.038891e-09	1.785940e+01	5.928924e+02
2.240000e-06	2.436328e-06	8.938831e-09	1.721038e+01	5.868160e+02
2.250000e-06	2.343662e-06	8.854759e-09	1.655578e+01	5.806204e+02
2.260000e-06	2.249950e-06	8.752354e-09	1.589379e+01	5.743078e+02
2.270000e-06	2.155088e-06	8.652910e-09	1.522368e+01	5.678801e+02
2.280000e-06	2.059399e-06	8.556758e-09	1.454773e+01	5.613378e+02
2.290000e-06	1.963132e-06	8.461479e-09	1.386769e+01	5.546793e+02
2.300000e-06	1.866289e-06	8.365288e-09	1.318359e+01	5.479013e+02
2.310000e-06	1.768869e-06	8.257400e-09	1.249540e+01	5.409986e+02
2.320000e-06	1.670808e-06	8.138903e-09	1.180269e+01	5.339656e+02
2.330000e-06	1.572121e-06	8.015292e-09	1.110556e+01	5.267961e+02
2.340000e-06	1.472945e-06	7.913835e-09	1.040498e+01	5.194848e+02
2.350000e-06	1.373455e-06	7.819171e-09	9.702176e+00	5.120275e+02
2.360000e-06	1.273662e-06	7.706902e-09	8.997231e+00	5.044206e+02
2.370000e-06	1.173492e-06	7.574458e-09	8.289621e+00	4.966614e+02
2.380000e-06	1.072909e-06	7.446428e-09	7.579098e+00	4.887468e+02
2.390000e-06	9.718465e-07	7.331346e-09	6.865186e+00	4.806728e+02
2.400000e-06	8.702303e-07	7.211419e-09	6.147363e+00	4.724339e+02
2.410000e-06	7.681411e-07	7.083449e-09	5.426199e+00	4.640220e+02
2.420000e-06	6.656734e-07	6.952812e-09	4.702360e+00	4.554269e+02
2.430000e-06	5.629232e-07	6.822250e-09	3.976526e+00	4.466351e+02
2.440000e-06	4.599472e-07	6.685056e-09	3.249097e+00	4.376307e+02
2.450000e-06	3.567545e-07	6.538282e-09	2.520137e+00	4.283946e+02
2.460000e-06	2.534580e-07	6.390486e-09	1.790443e+00	4.189051e+02
2.470000e-06	1.501293e-07	6.246787e-09	1.060523e+00	4.091377e+02
2.480000e-06	4.674615e-08	6.101284e-09	3.302178e-01	3.990652e+02
2.490000e-06	-5.664266e-08	5.946613e-09	-4.001274e-01	3.886581e+02
2.500000e-06	-1.599528e-07	5.781700e-09	-1.129917e+00	3.778852e+02
2.510000e-06	-2.631646e-07	5.607157e-09	-1.859012e+00	3.667146e+02
2.520000e-06	-3.663044e-07	5.425300e-09	-2.587598e+00	3.551148e+02
2.530000e-06	-4.692902e-07	5.242992e-09	-3.315097e+00	3.430557e+02
2.540000e-06	-5.720855e-07	5.058750e-09	-4.041249e+00	3.305104e+02
2.550000e-06	-6.746633e-07	4.863242e-09	-4.765865e+00	3.174554e+02
2.560000e-06	-7.768762e-07	4.653226e-09	-5.487904e+00	3.038715e+02
2.570000e-06	-8.786731e-07	4.435188e-09	-6.207004e+00	2.897441e+02
2.580000e-06	-9.799995e-07	4.212044e-09	-6.922780e+00	2.750624e+02
2.590000e-06	-1.080825e-06	3.979819e-09	-7.635015e+00	2.598188e+02
2.600000e-06	-1.181180e-06	3.739762e-09	-8.343935e+00	2.440090e+02
2.610000e-06	-1.281126e-06	3.493247e-09	-9.049958e+00	2.276306e+02
2.620000e-06	-1.380708e-06	3.236583e-09	-9.753411e+00	2.106833e+02
2.630000e-06	-1.479918e-06	2.967174e-09	-1.045424e+01	1.931691e+02
2.640000e-06	-1.578653e-06	2.689862e-09	-1.115170e+01	1.750920e+02
2.650000e-06	-1.676790e-06	2.407780e-09	-1.184495e+01	1.564591e+02
2.660000e-06	-1.774335e-06	2.117491e-09	-1.253402e+01	1.372799e+02
2.670000e-06	-1.871359e-06	1.817137e-09	-1.321940e+01	1.175674e+02
2.680000e-06	-1.967834e-06	1.508678e-09	-1.390090e+01	9.733651e+01
2.690000e-06	-2.063727e-06	1.193814e-09	-1.457830e+01	7.660464e+01
2.700000e-06	-2.158971e-06	8.701218e-10	-1.525111e+01	5.539032e+01
2.710000e-06	-2.253379e-06	5.383767e-10	-1.591801e+01	3.371297e+01
2.720000e-06	-2.346797e-06	2.035152e-10	-1.657793e+01	1.159257e+01
2.730000e-06	-2.439212e-06	-1.358179e-10	-1.723075e+01	-1.094996e+01
2.740000e-06	-2.530731e-06	-4.833192e-10	-1.787725e+01	-3.389211e+01
2.750000e-06	-2.621385e-06	-8.384481e-10	-1.851763e+01	-5.720863e+01
2.760000e-06	-2.711047e-06	-1.199225e-09	-1.915101e+01	-8.087026e+01
2.770000e-06	-2.799732e-06	-1.565655e-09	-1.977749e+01	-1.048426e+02
2.780000e-06	-2.887613e-06	-1.936350e-09	-2.039828e+01	-1.290852e+02
2.790000e-06	-2.974614e-06	-2.306677e-09	-2.101287e+01	-1.535515e+02
2.800000e-06	-3.060394e-06	-2.679677e-09	-2.161882e+01	-1.781886e+02
2.810000e-06	-3.144868e-06	-3.057956e-09	-2.221555e+01	-2.029378e+02
2.820000e-06	-3.228256e-06	-3.439474e-09	-2.280461e+01	-2.277355e+02
2.830000e-06	-3.310596e-06	-3.821303e-09	-2.338626e+01	-2.525133e+02
2.840000e-06	-3.391847e-06	-4.200290e-09	-2.396022e+01	-2.771987e+02
2.850000e-06	-3.472013e-06	-4.576613e-09	-2.452652e+01	-3.017147e+02
2.860000e-06	-3.550942e-06	-4.947086e-09	-2.508409e+01	-3.259800e+02
2.870000e-06	-3.628325e-06	-5.309006e-09	-2.563072e+01	-3.499094e+02
2.880000e-06	-3.704138e-06	-5.665518e-09	-2.616627e+01	-3.734139e+02
2.890000e-06	-3.778538e-06	-6.018541e-09	-2.669184e+01	-3.964024e+02
2.900000e-06	-3.851609e-06	-6.365074e-09	-2.720802e+01	-4.187839e+02
2.910000e-06	-3.923443e-06	-6.699292e-09	-2.771545e+01	-4.404706e+02
2.920000e-06	-3.993820e-06	-7.020167e-09	-2.821261e+01	-4.613817e+02
2.930000e-06	-4.062550e-06	-7.328221e-09	-2.869812e+01	-4.814464e+02
2.940000e-06	-4.129826e-06	-7.622964e-09	-2.917336e+01	-5.006071e+02
2.950000e-06	-4.195764e-06	-7.903179e-09	-2.963915e+01	-5.188213e+02
2.960000e-06	-4.260354e-06	-8.165689e-09	-3.009542e+01	-5.360620e+02
2.970000e-06	-4.323581e-06	-8.413555e-09	-3.054206e+01	-5.523170e+02
2.980000e-06	-4.385134e-06	-8.648892e-09	-3.097687e+01	-5.675868e+02
2.990000e-06	-4.444931e-06	-8.869841e-09	-3.139928e+01	-5.818823e+02
3.000000e-06	-4.503198e-06	-9.074881e-09	-3.181089e+01	-5.952220e+02
3.010000e-06	-4.560015e-06	-9.266992e-09	-3.221224e+01	-6.076306e+02
3.020000e-06	-4.615260e-06	-9.449152e-09	-3.260249e+01	-6.191374e+02
3.030000e-06	-4.668563e-06	-9.617598e-09	-3.297903e+01	-6.297767e+02
3.040000e-06	-4.719888e-06	-9.768680e-09	-3.334159e+01	-6.395880e+02
3.050000e-06	-4.769309e-06	-9.902114e-09	-3.369071e+01	-6.486169e+02
3.060000e-06	-4.816717e-06	-1.002365e-08	-3.402560e+01	-6.569155e+02
3.070000e-06	-4.862403e-06	-1.013871e-08	-3.434833e+01	-6.645418e+02
3.080000e-06	-4.906622e-06	-1.024693e-08	-3.466070e+01	-6.715578e+02
3.090000e-06	-4.949323e-06	-1.034687e-08	-3.496234e+01	-6.780271e+02
3.100000e-06	-4.990499e-06	-1.044094e-08	-3.525321e+01	-6.840110e+02
3.110000e-06	-5.030064e-06	-1.052880e-08	-3.553269e+01	-6.895651e+02
3.120000e-06	-5.067716e-06	-1.060966e-08	-3.579867e+01	-6.947358e+02
3.130000e-06	-5.103434e-06	-1.068414e-08	-3.605098e+01	-6.995592e+02
3.140000e-06	-5.137400e-06	-1.075293e-08	-3.629092e+01	-7.040601e+02
3.150000e-06	-5.169684e-06	-1.081830e-08	-3.651898e+01	-7.082545e+02
3.160000e-06	-5.200073e-06	-1.087867e-08	-3.673365e+01	-7.121514e+02
3.170000e-06	-5.228447e-06	-1.093359e-08	-3.693409e+01	-7.157571e+02
3.180000e-06	-5.254975e-06	-1.098167e-08	-3.712148e+01	-7.190784e+02
3.190000e-06	-5.279750e-06	-1.102492e-08	-3.729650e+01	-7.221248e+02
3.200000e-06	-5.302736e-06	-1.107041e-08	-3.745887e+01	-7.249105e+02
3.210000e-06	-5.323694e-06	-1.111768e-08	-3.760692e+01	-7.274535e+02
3.220000e-06	-5.342753e-06	-1.115712e-08	-3.774155e+01	-7.297744e+02
3.230000e-06	-5.360097e-06	-1.119021e-08	-3.786407e+01	-7.318943e+02
3.240000e-06	-5.375587e-06	-1.122117e-08	-3.797350e+01	-7.338319e+02
3.250000e-06	-5.388915e-06	-1.124946e-08	-3.806764e+01	-7.356021e+02
3.260000e-06	-5.400054e-06	-1.127297e-08	-3.814633e+01	-7.372146e+02
3.270000e-06	-5.409305e-06	-1.129163e-08	-3.821168e+01	-7.386746e+02
3.280000e-06	-5.416624e-06	-1.130897e-08	-3.826338e+01	-7.399835e+02
3.290000e-06	-5.421865e-06	-1.132719e-08	-3.830041e+01	-7.411412e+02
3.300000e-06	-5.425253e-06	-1.134351e-08	-3.832434e+01	-7.421475e+02
3.310000e-06	-5.426921e-06	-1.135441e-08	-3.833612e+01	-7.430039e+02
3.320000e-06	-5.426792e-06	-1.136677e-08	-3.833521e+01	-7.437141e+02
