# Temperatura_=_29.77
# Concentracion g/m^3_=_32800.0
# C_Vs_to_Am_M_A/Vsm_=_65563218390.804596
# pendiente_HvsI_1/m_=_3716.3
# ordenada_HvsI_A/m_=_1297.0
# frecuencia_Hz_=_300807.7769761308

Tiempo_(s)	Campo_(V.s)	Magnetizacion_(V.s)	Campo_(kA/m)	Magnetizacion_(A/m)
0.000000e+00	-5.411094e-06	-9.972471e-09	-3.832499e+01	-6.516505e+02
1.000000e-08	-5.408140e-06	-9.980834e-09	-3.830407e+01	-6.519638e+02
2.000000e-08	-5.403377e-06	-9.985853e-09	-3.827034e+01	-6.521451e+02
3.000000e-08	-5.397011e-06	-9.987814e-09	-3.822525e+01	-6.522012e+02
4.000000e-08	-5.389020e-06	-9.983125e-09	-3.816865e+01	-6.521349e+02
5.000000e-08	-5.379092e-06	-9.974091e-09	-3.809833e+01	-6.519440e+02
6.000000e-08	-5.367132e-06	-9.966288e-09	-3.801363e+01	-6.516227e+02
7.000000e-08	-5.353267e-06	-9.958910e-09	-3.791543e+01	-6.511629e+02
8.000000e-08	-5.337162e-06	-9.974619e-09	-3.780136e+01	-6.505579e+02
9.000000e-08	-5.318718e-06	-9.998489e-09	-3.767073e+01	-6.498049e+02
1.000000e-07	-5.298289e-06	-9.959416e-09	-3.752604e+01	-6.489075e+02
1.100000e-07	-5.276116e-06	-9.911208e-09	-3.736899e+01	-6.478760e+02
1.200000e-07	-5.252424e-06	-9.875317e-09	-3.720119e+01	-6.467265e+02
1.300000e-07	-5.227251e-06	-9.818346e-09	-3.702289e+01	-6.454782e+02
1.400000e-07	-5.200326e-06	-9.865660e-09	-3.683220e+01	-6.441497e+02
1.500000e-07	-5.171686e-06	-9.892844e-09	-3.662935e+01	-6.427548e+02
1.600000e-07	-5.141542e-06	-9.779187e-09	-3.641584e+01	-6.412999e+02
1.700000e-07	-5.109671e-06	-9.792636e-09	-3.619011e+01	-6.397822e+02
1.800000e-07	-5.075649e-06	-9.766295e-09	-3.594915e+01	-6.381903e+02
1.900000e-07	-5.039907e-06	-9.673633e-09	-3.569600e+01	-6.365063e+02
2.000000e-07	-5.002625e-06	-9.749247e-09	-3.543194e+01	-6.347098e+02
2.100000e-07	-4.963513e-06	-9.720032e-09	-3.515493e+01	-6.327815e+02
2.200000e-07	-4.922560e-06	-9.630847e-09	-3.486487e+01	-6.307075e+02
2.300000e-07	-4.879680e-06	-9.618432e-09	-3.456116e+01	-6.284808e+02
2.400000e-07	-4.835095e-06	-9.564285e-09	-3.424539e+01	-6.261026e+02
2.500000e-07	-4.788814e-06	-9.536317e-09	-3.391759e+01	-6.235802e+02
2.600000e-07	-4.740548e-06	-9.499186e-09	-3.357574e+01	-6.209252e+02
2.700000e-07	-4.690149e-06	-9.432349e-09	-3.321878e+01	-6.181499e+02
2.800000e-07	-4.637763e-06	-9.389021e-09	-3.284774e+01	-6.152639e+02
2.900000e-07	-4.583685e-06	-9.340443e-09	-3.246473e+01	-6.122728e+02
3.000000e-07	-4.528057e-06	-9.315414e-09	-3.207073e+01	-6.091767e+02
3.100000e-07	-4.470702e-06	-9.266872e-09	-3.166450e+01	-6.059717e+02
3.200000e-07	-4.411581e-06	-9.197897e-09	-3.124578e+01	-6.026511e+02
3.300000e-07	-4.350918e-06	-9.142859e-09	-3.081611e+01	-5.992086e+02
3.400000e-07	-4.288766e-06	-9.095914e-09	-3.037592e+01	-5.956397e+02
3.500000e-07	-4.225246e-06	-9.066390e-09	-2.992602e+01	-5.919439e+02
3.600000e-07	-4.160239e-06	-8.977500e-09	-2.946560e+01	-5.881246e+02
3.700000e-07	-4.093492e-06	-8.888093e-09	-2.899285e+01	-5.841884e+02
3.800000e-07	-4.025176e-06	-8.837987e-09	-2.850900e+01	-5.801432e+02
3.900000e-07	-3.955561e-06	-8.789276e-09	-2.801593e+01	-5.759967e+02
4.000000e-07	-3.884663e-06	-8.744746e-09	-2.751379e+01	-5.717539e+02
4.100000e-07	-3.812513e-06	-8.664819e-09	-2.700277e+01	-5.674165e+02
4.200000e-07	-3.738830e-06	-8.586853e-09	-2.648090e+01	-5.629825e+02
4.300000e-07	-3.663424e-06	-8.517176e-09	-2.594682e+01	-5.584473e+02
4.400000e-07	-3.586565e-06	-8.454614e-09	-2.540245e+01	-5.538047e+02
4.500000e-07	-3.508256e-06	-8.386690e-09	-2.484782e+01	-5.490493e+02
4.600000e-07	-3.428419e-06	-8.300205e-09	-2.428236e+01	-5.441773e+02
4.700000e-07	-3.347323e-06	-8.222888e-09	-2.370798e+01	-5.391874e+02
4.800000e-07	-3.265095e-06	-8.150690e-09	-2.312559e+01	-5.340809e+02
4.900000e-07	-3.181809e-06	-8.078797e-09	-2.253570e+01	-5.288609e+02
5.000000e-07	-3.097620e-06	-7.991461e-09	-2.193942e+01	-5.235307e+02
5.100000e-07	-3.012503e-06	-7.896742e-09	-2.133657e+01	-5.180931e+02
5.200000e-07	-2.926359e-06	-7.814803e-09	-2.072643e+01	-5.125491e+02
5.300000e-07	-2.839230e-06	-7.742413e-09	-2.010933e+01	-5.068978e+02
5.400000e-07	-2.751344e-06	-7.659690e-09	-1.948686e+01	-5.011367e+02
5.500000e-07	-2.662455e-06	-7.557262e-09	-1.885729e+01	-4.952626e+02
5.600000e-07	-2.572219e-06	-7.454613e-09	-1.821818e+01	-4.892728e+02
5.700000e-07	-2.480868e-06	-7.364485e-09	-1.757117e+01	-4.831664e+02
5.800000e-07	-2.388782e-06	-7.276744e-09	-1.691895e+01	-4.769441e+02
5.900000e-07	-2.296015e-06	-7.180457e-09	-1.626192e+01	-4.706085e+02
6.000000e-07	-2.202494e-06	-7.078127e-09	-1.559954e+01	-4.641636e+02
6.100000e-07	-2.108203e-06	-6.979050e-09	-1.493171e+01	-4.576128e+02
6.200000e-07	-2.013172e-06	-6.880382e-09	-1.425863e+01	-4.509585e+02
6.300000e-07	-1.917495e-06	-6.775259e-09	-1.358099e+01	-4.442006e+02
6.400000e-07	-1.821175e-06	-6.668079e-09	-1.289878e+01	-4.373361e+02
6.500000e-07	-1.724071e-06	-6.560196e-09	-1.221102e+01	-4.303599e+02
6.600000e-07	-1.626146e-06	-6.449724e-09	-1.151745e+01	-4.232652e+02
6.700000e-07	-1.527445e-06	-6.337726e-09	-1.081839e+01	-4.160449e+02
6.800000e-07	-1.428137e-06	-6.224990e-09	-1.011502e+01	-4.086933e+02
6.900000e-07	-1.328425e-06	-6.110546e-09	-9.408797e+00	-4.012067e+02
7.000000e-07	-1.228353e-06	-5.993990e-09	-8.700019e+00	-3.935839e+02
7.100000e-07	-1.127898e-06	-5.878417e-09	-7.988532e+00	-3.858255e+02
7.200000e-07	-1.027037e-06	-5.763231e-09	-7.274166e+00	-3.779332e+02
7.300000e-07	-9.258317e-07	-5.641914e-09	-6.557361e+00	-3.699082e+02
7.400000e-07	-8.242777e-07	-5.511570e-09	-5.838088e+00	-3.617494e+02
7.500000e-07	-7.223998e-07	-5.377955e-09	-5.116520e+00	-3.534523e+02
7.600000e-07	-6.202891e-07	-5.243334e-09	-4.393304e+00	-3.450082e+02
7.700000e-07	-5.179873e-07	-5.108170e-09	-3.668733e+00	-3.364039e+02
7.800000e-07	-4.154846e-07	-4.974664e-09	-2.942740e+00	-3.276227e+02
7.900000e-07	-3.128093e-07	-4.842409e-09	-2.215525e+00	-3.186450e+02
8.000000e-07	-2.100839e-07	-4.706754e-09	-1.487955e+00	-3.094497e+02
8.100000e-07	-1.073119e-07	-4.562898e-09	-7.600550e-01	-3.000150e+02
8.200000e-07	-4.481990e-09	-4.413799e-09	-3.174446e-02	-2.903198e+02
8.300000e-07	9.834066e-08	-4.259639e-09	6.965145e-01	-2.803434e+02
8.400000e-07	2.010865e-07	-4.100035e-09	1.424229e+00	-2.700660e+02
8.500000e-07	3.037784e-07	-3.933436e-09	2.151562e+00	-2.594681e+02
8.600000e-07	4.063981e-07	-3.763341e-09	2.878384e+00	-2.485304e+02
8.700000e-07	5.088775e-07	-3.591566e-09	3.604212e+00	-2.372333e+02
8.800000e-07	6.111868e-07	-3.414369e-09	4.328834e+00	-2.255574e+02
8.900000e-07	7.132759e-07	-3.229549e-09	5.051898e+00	-2.134837e+02
9.000000e-07	8.151349e-07	-3.039374e-09	5.773332e+00	-2.009943e+02
9.100000e-07	9.167006e-07	-2.847035e-09	6.492688e+00	-1.880733e+02
9.200000e-07	1.017892e-06	-2.646054e-09	7.209396e+00	-1.747085e+02
9.300000e-07	1.118680e-06	-2.432758e-09	7.923241e+00	-1.608915e+02
9.400000e-07	1.219115e-06	-2.207952e-09	8.634588e+00	-1.466193e+02
9.500000e-07	1.319252e-06	-1.977628e-09	9.343828e+00	-1.318944e+02
9.600000e-07	1.418968e-06	-1.743743e-09	1.005008e+01	-1.167246e+02
9.700000e-07	1.518153e-06	-1.507881e-09	1.075257e+01	-1.011235e+02
9.800000e-07	1.616766e-06	-1.267232e-09	1.145102e+01	-8.510911e+01
9.900000e-07	1.714690e-06	-1.016369e-09	1.214458e+01	-6.870349e+01
1.000000e-06	1.811881e-06	-7.584405e-10	1.283296e+01	-5.193143e+01
1.010000e-06	1.908298e-06	-4.980659e-10	1.351585e+01	-3.481950e+01
1.020000e-06	2.003904e-06	-2.354170e-10	1.419299e+01	-1.739497e+01
1.030000e-06	2.098792e-06	3.304730e-11	1.486506e+01	3.150089e-01
1.040000e-06	2.192994e-06	3.061395e-10	1.553226e+01	1.828379e+01
1.050000e-06	2.286499e-06	5.823006e-10	1.619452e+01	3.648533e+01
1.060000e-06	2.379278e-06	8.616088e-10	1.685164e+01	5.489381e+01
1.070000e-06	2.471323e-06	1.144955e-09	1.750356e+01	7.348286e+01
1.080000e-06	2.562593e-06	1.433315e-09	1.815000e+01	9.222467e+01
1.090000e-06	2.652951e-06	1.722124e-09	1.878998e+01	1.110890e+02
1.100000e-06	2.742262e-06	2.009371e-09	1.942254e+01	1.300428e+02
1.110000e-06	2.830446e-06	2.295921e-09	2.004712e+01	1.490497e+02
1.120000e-06	2.917627e-06	2.584444e-09	2.066459e+01	1.680706e+02
1.130000e-06	3.003893e-06	2.873659e-09	2.127558e+01	1.870652e+02
1.140000e-06	3.089159e-06	3.162332e-09	2.187950e+01	2.059927e+02
1.150000e-06	3.173463e-06	3.447935e-09	2.247659e+01	2.248139e+02
1.160000e-06	3.256718e-06	3.731380e-09	2.306626e+01	2.434925e+02
1.170000e-06	3.338765e-06	4.014284e-09	2.364737e+01	2.619956e+02
1.180000e-06	3.419578e-06	4.294092e-09	2.421974e+01	2.802941e+02
1.190000e-06	3.499110e-06	4.567244e-09	2.478304e+01	2.983614e+02
1.200000e-06	3.577380e-06	4.832698e-09	2.533741e+01	3.161723e+02
1.210000e-06	3.654417e-06	5.094262e-09	2.588303e+01	3.337008e+02
1.220000e-06	3.730136e-06	5.353876e-09	2.641932e+01	3.509186e+02
1.230000e-06	3.804340e-06	5.611422e-09	2.694489e+01	3.677939e+02
1.240000e-06	3.876967e-06	5.864466e-09	2.745928e+01	3.842912e+02
1.250000e-06	3.948162e-06	6.112242e-09	2.796353e+01	4.003722e+02
1.260000e-06	4.018001e-06	6.350628e-09	2.845817e+01	4.159973e+02
1.270000e-06	4.086489e-06	6.579529e-09	2.894325e+01	4.311277e+02
1.280000e-06	4.153589e-06	6.798664e-09	2.941850e+01	4.457283e+02
1.290000e-06	4.219110e-06	7.008128e-09	2.988257e+01	4.597687e+02
1.300000e-06	4.283035e-06	7.209761e-09	3.033533e+01	4.732250e+02
1.310000e-06	4.345527e-06	7.402049e-09	3.077793e+01	4.860798e+02
1.320000e-06	4.406619e-06	7.586033e-09	3.121063e+01	4.983214e+02
1.330000e-06	4.466327e-06	7.762221e-09	3.163352e+01	5.099430e+02
1.340000e-06	4.524458e-06	7.928971e-09	3.204524e+01	5.209416e+02
1.350000e-06	4.580792e-06	8.086988e-09	3.244424e+01	5.313175e+02
1.360000e-06	4.635432e-06	8.235154e-09	3.283124e+01	5.410739e+02
1.370000e-06	4.688401e-06	8.373719e-09	3.320640e+01	5.502183e+02
1.380000e-06	4.739499e-06	8.502084e-09	3.356831e+01	5.587631e+02
1.390000e-06	4.788590e-06	8.620223e-09	3.391600e+01	5.667276e+02
1.400000e-06	4.835763e-06	8.730430e-09	3.425011e+01	5.741380e+02
1.410000e-06	4.881234e-06	8.833668e-09	3.457217e+01	5.810278e+02
1.420000e-06	4.925165e-06	8.930468e-09	3.488332e+01	5.874359e+02
1.430000e-06	4.967394e-06	9.020037e-09	3.518242e+01	5.934039e+02
1.440000e-06	5.007705e-06	9.104238e-09	3.546792e+01	5.989730e+02
1.450000e-06	5.046275e-06	9.184861e-09	3.574110e+01	6.041799e+02
1.460000e-06	5.083194e-06	9.259937e-09	3.600259e+01	6.090544e+02
1.470000e-06	5.118331e-06	9.329923e-09	3.625145e+01	6.136173e+02
1.480000e-06	5.151519e-06	9.394834e-09	3.648651e+01	6.178808e+02
1.490000e-06	5.182827e-06	9.454825e-09	3.670826e+01	6.218502e+02
1.500000e-06	5.212448e-06	9.510032e-09	3.691805e+01	6.255268e+02
1.510000e-06	5.240393e-06	9.559389e-09	3.711598e+01	6.289118e+02
1.520000e-06	5.266494e-06	9.603015e-09	3.730084e+01	6.320095e+02
1.530000e-06	5.290519e-06	9.641821e-09	3.747100e+01	6.348297e+02
1.540000e-06	5.312586e-06	9.678947e-09	3.762729e+01	6.373883e+02
1.550000e-06	5.332992e-06	9.716210e-09	3.777182e+01	6.397061e+02
1.560000e-06	5.351683e-06	9.750839e-09	3.790421e+01	6.418069e+02
1.570000e-06	5.368381e-06	9.780305e-09	3.802247e+01	6.437136e+02
1.580000e-06	5.383080e-06	9.805935e-09	3.812658e+01	6.454459e+02
1.590000e-06	5.395849e-06	9.829968e-09	3.821702e+01	6.470173e+02
1.600000e-06	5.406510e-06	9.850510e-09	3.829253e+01	6.484352e+02
1.610000e-06	5.415023e-06	9.865677e-09	3.835282e+01	6.497009e+02
1.620000e-06	5.421589e-06	9.878510e-09	3.839933e+01	6.508125e+02
1.630000e-06	5.426344e-06	9.892859e-09	3.843301e+01	6.517666e+02
1.640000e-06	5.429261e-06	9.907780e-09	3.845367e+01	6.525619e+02
1.650000e-06	5.430155e-06	9.920373e-09	3.846000e+01	6.532003e+02
1.660000e-06	5.429131e-06	9.926674e-09	3.845275e+01	6.536874e+02
1.670000e-06	5.426443e-06	9.929322e-09	3.843370e+01	6.540315e+02
1.680000e-06	5.422146e-06	9.934776e-09	3.840327e+01	6.542418e+02
1.690000e-06	5.416024e-06	9.937681e-09	3.835991e+01	6.543258e+02
1.700000e-06	5.408002e-06	9.937512e-09	3.830310e+01	6.542871e+02
1.710000e-06	5.398351e-06	9.935173e-09	3.823474e+01	6.541248e+02
1.720000e-06	5.387082e-06	9.932611e-09	3.815492e+01	6.538334e+02
1.730000e-06	5.374013e-06	9.925066e-09	3.806237e+01	6.534054e+02
1.740000e-06	5.358886e-06	9.863356e-09	3.795523e+01	6.528333e+02
1.750000e-06	5.341415e-06	9.840687e-09	3.783148e+01	6.521134e+02
1.760000e-06	5.321464e-06	9.871350e-09	3.769017e+01	6.512478e+02
1.770000e-06	5.299093e-06	9.880535e-09	3.753173e+01	6.502452e+02
1.780000e-06	5.275069e-06	9.921593e-09	3.736157e+01	6.491209e+02
1.790000e-06	5.250100e-06	9.852798e-09	3.718473e+01	6.478935e+02
1.800000e-06	5.223767e-06	9.727579e-09	3.699822e+01	6.465822e+02
1.810000e-06	5.195530e-06	9.802431e-09	3.679823e+01	6.452021e+02
1.820000e-06	5.165403e-06	9.770325e-09	3.658485e+01	6.437614e+02
1.830000e-06	5.133433e-06	9.724268e-09	3.635841e+01	6.422593e+02
1.840000e-06	5.099607e-06	9.818936e-09	3.611883e+01	6.406860e+02
1.850000e-06	5.064130e-06	9.678425e-09	3.586756e+01	6.390248e+02
1.860000e-06	5.026887e-06	9.615153e-09	3.560378e+01	6.372556e+02
1.870000e-06	4.987722e-06	9.695708e-09	3.532639e+01	6.353584e+02
1.880000e-06	4.946821e-06	9.605482e-09	3.503670e+01	6.333178e+02
1.890000e-06	4.904118e-06	9.620825e-09	3.473425e+01	6.311255e+02
1.900000e-06	4.859847e-06	9.581883e-09	3.442069e+01	6.287807e+02
1.910000e-06	4.813967e-06	9.496710e-09	3.409574e+01	6.262897e+02
1.920000e-06	4.766108e-06	9.554361e-09	3.375677e+01	6.236635e+02
1.930000e-06	4.716515e-06	9.456484e-09	3.340552e+01	6.209144e+02
1.940000e-06	4.665260e-06	9.435636e-09	3.304250e+01	6.180529e+02
1.950000e-06	4.612170e-06	9.408328e-09	3.266648e+01	6.150856e+02
1.960000e-06	4.557089e-06	9.317672e-09	3.227636e+01	6.120136e+02
1.970000e-06	4.500185e-06	9.324682e-09	3.187333e+01	6.088338e+02
1.980000e-06	4.441815e-06	9.243965e-09	3.145991e+01	6.055401e+02
1.990000e-06	4.381994e-06	9.204965e-09	3.103622e+01	6.021255e+02
2.000000e-06	4.320594e-06	9.114416e-09	3.060134e+01	5.985853e+02
2.010000e-06	4.257477e-06	9.058660e-09	3.015431e+01	5.949180e+02
2.020000e-06	4.192766e-06	9.084444e-09	2.969598e+01	5.911261e+02
2.030000e-06	4.126635e-06	8.968225e-09	2.922759e+01	5.872157e+02
2.040000e-06	4.059055e-06	8.903819e-09	2.874895e+01	5.831946e+02
2.050000e-06	3.990044e-06	8.816542e-09	2.826017e+01	5.790707e+02
2.060000e-06	3.919443e-06	8.774274e-09	2.776012e+01	5.748497e+02
2.070000e-06	3.847287e-06	8.746804e-09	2.724906e+01	5.705340e+02
2.080000e-06	3.773784e-06	8.637261e-09	2.672846e+01	5.661225e+02
2.090000e-06	3.698911e-06	8.586861e-09	2.619816e+01	5.616108e+02
2.100000e-06	3.622617e-06	8.498844e-09	2.565780e+01	5.569932e+02
2.110000e-06	3.544647e-06	8.446616e-09	2.510556e+01	5.522638e+02
2.120000e-06	3.465168e-06	8.372663e-09	2.454264e+01	5.474183e+02
2.130000e-06	3.384602e-06	8.277042e-09	2.397202e+01	5.424551e+02
2.140000e-06	3.302901e-06	8.199590e-09	2.339336e+01	5.373748e+02
2.150000e-06	3.220058e-06	8.106985e-09	2.280661e+01	5.321802e+02
2.160000e-06	3.136232e-06	8.061637e-09	2.221290e+01	5.268748e+02
2.170000e-06	3.051465e-06	7.977564e-09	2.161252e+01	5.214615e+02
2.180000e-06	2.965356e-06	7.880839e-09	2.100264e+01	5.159417e+02
2.190000e-06	2.877890e-06	7.779541e-09	2.038315e+01	5.103150e+02
2.200000e-06	2.789500e-06	7.705783e-09	1.975711e+01	5.045791e+02
2.210000e-06	2.700272e-06	7.642868e-09	1.912514e+01	4.987308e+02
2.220000e-06	2.610164e-06	7.535670e-09	1.848693e+01	4.927674e+02
2.230000e-06	2.519151e-06	7.429826e-09	1.784231e+01	4.866874e+02
2.240000e-06	2.427370e-06	7.327250e-09	1.719226e+01	4.804912e+02
2.250000e-06	2.334897e-06	7.247737e-09	1.653730e+01	4.741810e+02
2.260000e-06	2.241653e-06	7.154339e-09	1.587689e+01	4.677606e+02
2.270000e-06	2.147322e-06	7.054052e-09	1.520878e+01	4.612337e+02
2.280000e-06	2.051928e-06	6.954557e-09	1.453313e+01	4.546029e+02
2.290000e-06	1.955811e-06	6.851866e-09	1.385237e+01	4.478687e+02
2.300000e-06	1.859124e-06	6.753747e-09	1.316756e+01	4.410289e+02
2.310000e-06	1.761942e-06	6.648670e-09	1.247925e+01	4.340786e+02
2.320000e-06	1.664156e-06	6.538005e-09	1.178667e+01	4.270112e+02
2.330000e-06	1.565730e-06	6.417505e-09	1.108955e+01	4.198198e+02
2.340000e-06	1.466785e-06	6.309186e-09	1.038876e+01	4.124982e+02
2.350000e-06	1.367425e-06	6.207116e-09	9.685024e+00	4.050422e+02
2.360000e-06	1.267719e-06	6.094022e-09	8.978836e+00	3.974499e+02
2.370000e-06	1.167695e-06	5.966810e-09	8.270396e+00	3.897218e+02
2.380000e-06	1.067307e-06	5.841832e-09	7.559383e+00	3.818595e+02
2.390000e-06	9.665221e-07	5.727459e-09	6.845557e+00	3.738643e+02
2.400000e-06	8.652921e-07	5.609177e-09	6.128579e+00	3.657359e+02
2.410000e-06	7.636510e-07	5.484498e-09	5.408688e+00	3.574704e+02
2.420000e-06	6.616744e-07	5.355331e-09	4.686422e+00	3.490602e+02
2.430000e-06	5.593994e-07	5.225192e-09	3.962041e+00	3.404929e+02
2.440000e-06	4.568984e-07	5.092689e-09	3.236061e+00	3.317527e+02
2.450000e-06	3.541878e-07	4.957713e-09	2.508595e+00	3.228202e+02
2.460000e-06	2.512663e-07	4.819399e-09	1.779637e+00	3.136748e+02
2.470000e-06	1.482281e-07	4.674719e-09	1.049851e+00	3.042946e+02
2.480000e-06	4.519202e-08	4.526953e-09	3.200802e-01	2.946584e+02
2.490000e-06	-5.780221e-08	4.379143e-09	-4.093940e-01	2.847454e+02
2.500000e-06	-1.607668e-07	4.227685e-09	-1.138658e+00	2.745355e+02
2.510000e-06	-2.636772e-07	4.066298e-09	-1.867538e+00	2.640093e+02
2.520000e-06	-3.664609e-07	3.895202e-09	-2.595522e+00	2.531475e+02
2.530000e-06	-4.690937e-07	3.724023e-09	-3.322436e+00	2.419305e+02
2.540000e-06	-5.715492e-07	3.555152e-09	-4.048094e+00	2.303388e+02
2.550000e-06	-6.736957e-07	3.378721e-09	-4.771565e+00	2.183533e+02
2.560000e-06	-7.754326e-07	3.187282e-09	-5.492133e+00	2.059558e+02
2.570000e-06	-8.767836e-07	2.985610e-09	-6.209969e+00	1.931299e+02
2.580000e-06	-9.777863e-07	2.782103e-09	-6.925338e+00	1.798624e+02
2.590000e-06	-1.078436e-06	2.576547e-09	-7.638209e+00	1.661442e+02
2.600000e-06	-1.178657e-06	2.364313e-09	-8.348039e+00	1.519710e+02
2.610000e-06	-1.278437e-06	2.141178e-09	-9.054745e+00	1.373440e+02
2.620000e-06	-1.377777e-06	1.908755e-09	-9.758342e+00	1.222700e+02
2.630000e-06	-1.476690e-06	1.672775e-09	-1.045891e+01	1.067613e+02
2.640000e-06	-1.575195e-06	1.435655e-09	-1.115659e+01	9.083520e+01
2.650000e-06	-1.673172e-06	1.191110e-09	-1.185052e+01	7.451282e+01
2.660000e-06	-1.770544e-06	9.330831e-10	-1.254018e+01	5.781851e+01
2.670000e-06	-1.867356e-06	6.676687e-10	-1.322587e+01	4.077854e+01
2.680000e-06	-1.963666e-06	4.022781e-10	-1.390800e+01	2.342010e+01
2.690000e-06	-2.059396e-06	1.353169e-10	-1.458602e+01	5.770445e+00
2.700000e-06	-2.154339e-06	-1.385034e-10	-1.525847e+01	-1.214367e+01
2.710000e-06	-2.248383e-06	-4.175797e-10	-1.592456e+01	-3.029609e+01
2.720000e-06	-2.341455e-06	-6.971812e-10	-1.658375e+01	-4.866100e+01
2.730000e-06	-2.433543e-06	-9.787764e-10	-1.723598e+01	-6.721222e+01
2.740000e-06	-2.524747e-06	-1.263759e-09	-1.788195e+01	-8.592233e+01
2.750000e-06	-2.615106e-06	-1.551968e-09	-1.852193e+01	-1.047617e+02
2.760000e-06	-2.704557e-06	-1.842294e-09	-1.915549e+01	-1.236979e+02
2.770000e-06	-2.793142e-06	-2.134169e-09	-1.978291e+01	-1.426951e+02
2.780000e-06	-2.880860e-06	-2.425485e-09	-2.040418e+01	-1.617150e+02
2.790000e-06	-2.967533e-06	-2.713045e-09	-2.101806e+01	-1.807173e+02
2.800000e-06	-3.053001e-06	-3.000792e-09	-2.162340e+01	-1.996611e+02
2.810000e-06	-3.137292e-06	-3.290427e-09	-2.222040e+01	-2.185069e+02
2.820000e-06	-3.220512e-06	-3.579052e-09	-2.280982e+01	-2.372175e+02
2.830000e-06	-3.302647e-06	-3.864316e-09	-2.339156e+01	-2.557593e+02
2.840000e-06	-3.383684e-06	-4.148521e-09	-2.396552e+01	-2.741026e+02
2.850000e-06	-3.463626e-06	-4.430998e-09	-2.453172e+01	-2.922202e+02
2.860000e-06	-3.542348e-06	-4.705235e-09	-2.508928e+01	-3.100867e+02
2.870000e-06	-3.619569e-06	-4.970483e-09	-2.563622e+01	-3.276766e+02
2.880000e-06	-3.695221e-06	-5.230715e-09	-2.617204e+01	-3.449621e+02
2.890000e-06	-3.769410e-06	-5.489994e-09	-2.669749e+01	-3.619122e+02
2.900000e-06	-3.842277e-06	-5.747062e-09	-2.721358e+01	-3.784923e+02
2.910000e-06	-3.913920e-06	-5.999078e-09	-2.772100e+01	-3.946644e+02
2.920000e-06	-3.984124e-06	-6.243786e-09	-2.821824e+01	-4.103891e+02
2.930000e-06	-4.052732e-06	-6.477970e-09	-2.870416e+01	-4.256272e+02
2.940000e-06	-4.119871e-06	-6.703867e-09	-2.917969e+01	-4.403427e+02
2.950000e-06	-4.185660e-06	-6.923290e-09	-2.964565e+01	-4.545039e+02
2.960000e-06	-4.250089e-06	-7.133727e-09	-3.010198e+01	-4.680857e+02
2.970000e-06	-4.313059e-06	-7.332500e-09	-3.054797e+01	-4.810691e+02
2.980000e-06	-4.374347e-06	-7.521516e-09	-3.098206e+01	-4.934414e+02
2.990000e-06	-4.433982e-06	-7.702511e-09	-3.140443e+01	-5.051948e+02
3.000000e-06	-4.492171e-06	-7.873938e-09	-3.181657e+01	-5.163256e+02
3.010000e-06	-4.548872e-06	-8.037222e-09	-3.221816e+01	-5.268334e+02
3.020000e-06	-4.603854e-06	-8.192187e-09	-3.260758e+01	-5.367206e+02
3.030000e-06	-4.656826e-06	-8.336915e-09	-3.298276e+01	-5.459939e+02
3.040000e-06	-4.707918e-06	-8.471727e-09	-3.334463e+01	-5.546644e+02
3.050000e-06	-4.757251e-06	-8.594649e-09	-3.369404e+01	-5.627498e+02
3.060000e-06	-4.804643e-06	-8.706947e-09	-3.402970e+01	-5.702750e+02
3.070000e-06	-4.850295e-06	-8.812428e-09	-3.435304e+01	-5.772718e+02
3.080000e-06	-4.894433e-06	-8.912996e-09	-3.466565e+01	-5.837783e+02
3.090000e-06	-4.937042e-06	-9.007071e-09	-3.496744e+01	-5.898357e+02
3.100000e-06	-4.978097e-06	-9.094745e-09	-3.525822e+01	-5.954855e+02
3.110000e-06	-5.017455e-06	-9.178068e-09	-3.553698e+01	-6.007658e+02
3.120000e-06	-5.054871e-06	-9.255582e-09	-3.580198e+01	-6.057081e+02
3.130000e-06	-5.090463e-06	-9.326142e-09	-3.605407e+01	-6.103350e+02
3.140000e-06	-5.124374e-06	-9.392878e-09	-3.629425e+01	-6.146606e+02
3.150000e-06	-5.156518e-06	-9.456830e-09	-3.652192e+01	-6.186914e+02
3.160000e-06	-5.186726e-06	-9.516260e-09	-3.673587e+01	-6.224293e+02
3.170000e-06	-5.215002e-06	-9.569151e-09	-3.693614e+01	-6.258752e+02
3.180000e-06	-5.241506e-06	-9.614330e-09	-3.712386e+01	-6.290324e+02
3.190000e-06	-5.266266e-06	-9.655592e-09	-3.729923e+01	-6.319095e+02
3.200000e-06	-5.289154e-06	-9.698315e-09	-3.746133e+01	-6.345211e+02
3.210000e-06	-5.310018e-06	-9.741246e-09	-3.760911e+01	-6.368872e+02
3.220000e-06	-5.329030e-06	-9.776553e-09	-3.774376e+01	-6.390311e+02
3.230000e-06	-5.346322e-06	-9.805652e-09	-3.786623e+01	-6.409762e+02
3.240000e-06	-5.361710e-06	-9.832268e-09	-3.797522e+01	-6.427430e+02
3.250000e-06	-5.374871e-06	-9.859498e-09	-3.806844e+01	-6.443466e+02
3.260000e-06	-5.385883e-06	-9.884892e-09	-3.814644e+01	-6.457957e+02
3.270000e-06	-5.395062e-06	-9.903685e-09	-3.821145e+01	-6.470927e+02
3.280000e-06	-5.402376e-06	-9.917041e-09	-3.826325e+01	-6.482362e+02
3.290000e-06	-5.407631e-06	-9.929528e-09	-3.830047e+01	-6.492228e+02
3.300000e-06	-5.411001e-06	-9.942175e-09	-3.832434e+01	-6.500508e+02
3.310000e-06	-5.412655e-06	-9.951573e-09	-3.833605e+01	-6.507210e+02
3.320000e-06	-5.412552e-06	-9.960812e-09	-3.833532e+01	-6.512384e+02
