# Temperatura_=_61.24
# Concentracion g/m^3_=_32800.0
# C_Vs_to_Am_M_A/Vsm_=_65563218390.804596
# pendiente_HvsI_1/m_=_3716.3
# ordenada_HvsI_A/m_=_1297.0
# frecuencia_Hz_=_300809.46362827235

Tiempo_(s)	Campo_(V.s)	Magnetizacion_(V.s)	Campo_(kA/m)	Magnetizacion_(A/m)
0.000000e+00	-5.430919e-06	-1.170262e-08	-3.832918e+01	-7.658828e+02
1.000000e-08	-5.428323e-06	-1.171411e-08	-3.831086e+01	-7.664649e+02
2.000000e-08	-5.423911e-06	-1.172052e-08	-3.827972e+01	-7.669165e+02
3.000000e-08	-5.417844e-06	-1.172729e-08	-3.823690e+01	-7.672442e+02
4.000000e-08	-5.410160e-06	-1.172964e-08	-3.818267e+01	-7.674510e+02
5.000000e-08	-5.400650e-06	-1.172627e-08	-3.811555e+01	-7.675360e+02
6.000000e-08	-5.389079e-06	-1.172026e-08	-3.803389e+01	-7.674946e+02
7.000000e-08	-5.375549e-06	-1.170789e-08	-3.793840e+01	-7.673205e+02
8.000000e-08	-5.359776e-06	-1.173042e-08	-3.782708e+01	-7.670076e+02
9.000000e-08	-5.341669e-06	-1.179166e-08	-3.769929e+01	-7.665530e+02
1.000000e-07	-5.321541e-06	-1.176018e-08	-3.755724e+01	-7.659588e+02
1.100000e-07	-5.299588e-06	-1.170397e-08	-3.740230e+01	-7.652323e+02
1.200000e-07	-5.276099e-06	-1.167823e-08	-3.723653e+01	-7.643856e+02
1.300000e-07	-5.251225e-06	-1.157479e-08	-3.706097e+01	-7.634327e+02
1.400000e-07	-5.224662e-06	-1.162700e-08	-3.687350e+01	-7.623866e+02
1.500000e-07	-5.196326e-06	-1.172724e-08	-3.667352e+01	-7.612562e+02
1.600000e-07	-5.166454e-06	-1.154947e-08	-3.646270e+01	-7.600440e+02
1.700000e-07	-5.134935e-06	-1.159719e-08	-3.624024e+01	-7.587456e+02
1.800000e-07	-5.101332e-06	-1.166269e-08	-3.600309e+01	-7.573502e+02
1.900000e-07	-5.065845e-06	-1.151040e-08	-3.575264e+01	-7.558442e+02
2.000000e-07	-5.028817e-06	-1.159748e-08	-3.549131e+01	-7.542139e+02
2.100000e-07	-4.990030e-06	-1.155082e-08	-3.521757e+01	-7.524497e+02
2.200000e-07	-4.949375e-06	-1.140544e-08	-3.493064e+01	-7.505483e+02
2.300000e-07	-4.906745e-06	-1.146623e-08	-3.462978e+01	-7.485137e+02
2.400000e-07	-4.862304e-06	-1.145270e-08	-3.431613e+01	-7.463563e+02
2.500000e-07	-4.816164e-06	-1.141157e-08	-3.399049e+01	-7.440898e+02
2.600000e-07	-4.768127e-06	-1.134694e-08	-3.365146e+01	-7.417277e+02
2.700000e-07	-4.718042e-06	-1.122705e-08	-3.329799e+01	-7.392793e+02
2.800000e-07	-4.665882e-06	-1.123778e-08	-3.292986e+01	-7.367472e+02
2.900000e-07	-4.611935e-06	-1.125138e-08	-3.254913e+01	-7.341261e+02
3.000000e-07	-4.556443e-06	-1.120363e-08	-3.215749e+01	-7.314039e+02
3.100000e-07	-4.499252e-06	-1.112368e-08	-3.175386e+01	-7.285649e+02
3.200000e-07	-4.440273e-06	-1.107775e-08	-3.133761e+01	-7.255931e+02
3.300000e-07	-4.379777e-06	-1.105189e-08	-3.091066e+01	-7.224766e+02
3.400000e-07	-4.317868e-06	-1.098138e-08	-3.047372e+01	-7.192107e+02
3.500000e-07	-4.254508e-06	-1.094147e-08	-3.002655e+01	-7.157987e+02
3.600000e-07	-4.189585e-06	-1.085884e-08	-2.956836e+01	-7.122509e+02
3.700000e-07	-4.122939e-06	-1.080577e-08	-2.909800e+01	-7.085824e+02
3.800000e-07	-4.054745e-06	-1.079608e-08	-2.861671e+01	-7.048088e+02
3.900000e-07	-3.985205e-06	-1.071701e-08	-2.812593e+01	-7.009425e+02
4.000000e-07	-3.914332e-06	-1.063532e-08	-2.762574e+01	-6.969895e+02
4.100000e-07	-3.842117e-06	-1.055829e-08	-2.711607e+01	-6.929483e+02
4.200000e-07	-3.768401e-06	-1.052060e-08	-2.659582e+01	-6.888104e+02
4.300000e-07	-3.693010e-06	-1.048284e-08	-2.606374e+01	-6.845630e+02
4.400000e-07	-3.616087e-06	-1.040127e-08	-2.552085e+01	-6.801921e+02
4.500000e-07	-3.537751e-06	-1.031017e-08	-2.496798e+01	-6.756867e+02
4.600000e-07	-3.457950e-06	-1.023437e-08	-2.440478e+01	-6.710409e+02
4.700000e-07	-3.376807e-06	-1.018241e-08	-2.383211e+01	-6.662553e+02
4.800000e-07	-3.294495e-06	-1.010590e-08	-2.325118e+01	-6.613364e+02
4.900000e-07	-3.211130e-06	-1.001891e-08	-2.266283e+01	-6.562943e+02
5.000000e-07	-3.126832e-06	-9.948332e-09	-2.206789e+01	-6.511392e+02
5.100000e-07	-3.041634e-06	-9.876030e-09	-2.146660e+01	-6.458789e+02
5.200000e-07	-2.955468e-06	-9.789040e-09	-2.085847e+01	-6.405159e+02
5.300000e-07	-2.868347e-06	-9.693148e-09	-2.024361e+01	-6.350473e+02
5.400000e-07	-2.780337e-06	-9.608598e-09	-1.962247e+01	-6.294654e+02
5.500000e-07	-2.691289e-06	-9.529853e-09	-1.899400e+01	-6.237600e+02
5.600000e-07	-2.601023e-06	-9.443647e-09	-1.835694e+01	-6.179220e+02
5.700000e-07	-2.509652e-06	-9.351150e-09	-1.771209e+01	-6.119453e+02
5.800000e-07	-2.417456e-06	-9.252259e-09	-1.706141e+01	-6.058296e+02
5.900000e-07	-2.324540e-06	-9.155088e-09	-1.640564e+01	-5.995799e+02
6.000000e-07	-2.230838e-06	-9.059758e-09	-1.574433e+01	-5.932051e+02
6.100000e-07	-2.136403e-06	-8.964540e-09	-1.507785e+01	-5.867157e+02
6.200000e-07	-2.041229e-06	-8.863366e-09	-1.440615e+01	-5.801202e+02
6.300000e-07	-1.945352e-06	-8.757845e-09	-1.372949e+01	-5.734224e+02
6.400000e-07	-1.848801e-06	-8.655772e-09	-1.304807e+01	-5.666194e+02
6.500000e-07	-1.751463e-06	-8.545970e-09	-1.236110e+01	-5.597019e+02
6.600000e-07	-1.653219e-06	-8.425117e-09	-1.166773e+01	-5.526557e+02
6.700000e-07	-1.554186e-06	-8.308642e-09	-1.096880e+01	-5.454644e+02
6.800000e-07	-1.454652e-06	-8.207169e-09	-1.026634e+01	-5.381129e+02
6.900000e-07	-1.354717e-06	-8.101939e-09	-9.561031e+00	-5.305908e+02
7.000000e-07	-1.254409e-06	-7.979857e-09	-8.853101e+00	-5.228932e+02
7.100000e-07	-1.153726e-06	-7.853247e-09	-8.142521e+00	-5.150219e+02
7.200000e-07	-1.052627e-06	-7.732567e-09	-7.429007e+00	-5.069827e+02
7.300000e-07	-9.511522e-07	-7.610662e-09	-6.712839e+00	-4.987829e+02
7.400000e-07	-8.493666e-07	-7.475752e-09	-5.994478e+00	-4.904274e+02
7.500000e-07	-7.472598e-07	-7.336419e-09	-5.273850e+00	-4.819154e+02
7.600000e-07	-6.448869e-07	-7.199534e-09	-4.551345e+00	-4.732380e+02
7.700000e-07	-5.423304e-07	-7.065823e-09	-3.827544e+00	-4.643774e+02
7.800000e-07	-4.395973e-07	-6.929361e-09	-3.102496e+00	-4.553076e+02
7.900000e-07	-3.366927e-07	-6.784935e-09	-2.376238e+00	-4.459970e+02
8.000000e-07	-2.336672e-07	-6.639976e-09	-1.649127e+00	-4.364112e+02
8.100000e-07	-1.305442e-07	-6.496410e-09	-9.213271e-01	-4.265159e+02
8.200000e-07	-2.738157e-08	-6.345522e-09	-1.932478e-01	-4.162792e+02
8.300000e-07	7.576905e-08	-6.177431e-09	5.347466e-01	-4.056727e+02
8.400000e-07	1.788856e-07	-5.997606e-09	1.262500e+00	-3.946713e+02
8.500000e-07	2.819324e-07	-5.816090e-09	1.989762e+00	-3.832522e+02
8.600000e-07	3.849466e-07	-5.636056e-09	2.716794e+00	-3.713929e+02
8.700000e-07	4.878395e-07	-5.451267e-09	3.442969e+00	-3.590703e+02
8.800000e-07	5.905092e-07	-5.256309e-09	4.167569e+00	-3.462594e+02
8.900000e-07	6.929558e-07	-5.053420e-09	4.890595e+00	-3.329339e+02
9.000000e-07	7.951425e-07	-4.846119e-09	5.611787e+00	-3.190673e+02
9.100000e-07	8.970726e-07	-4.630333e-09	6.331167e+00	-3.046351e+02
9.200000e-07	9.987148e-07	-4.399194e-09	7.048516e+00	-2.896169e+02
9.300000e-07	1.099998e-06	-4.155357e-09	7.763330e+00	-2.739980e+02
9.400000e-07	1.200866e-06	-3.902573e-09	8.475215e+00	-2.577712e+02
9.500000e-07	1.301304e-06	-3.645342e-09	9.184069e+00	-2.409362e+02
9.600000e-07	1.401370e-06	-3.380192e-09	9.890291e+00	-2.234986e+02
9.700000e-07	1.501051e-06	-3.104396e-09	1.059380e+01	-2.054682e+02
9.800000e-07	1.600280e-06	-2.820961e-09	1.129412e+01	-1.868565e+02
9.900000e-07	1.698908e-06	-2.530623e-09	1.199019e+01	-1.676745e+02
1.000000e-06	1.796799e-06	-2.230642e-09	1.268107e+01	-1.479320e+02
1.010000e-06	1.893814e-06	-1.919729e-09	1.336576e+01	-1.276362e+02
1.020000e-06	1.989946e-06	-1.600047e-09	1.404422e+01	-1.067931e+02
1.030000e-06	2.085376e-06	-1.271553e-09	1.471772e+01	-8.540856e+01
1.040000e-06	2.180116e-06	-9.371158e-10	1.538636e+01	-6.349017e+01
1.050000e-06	2.274112e-06	-5.945012e-10	1.604974e+01	-4.104928e+01
1.060000e-06	2.367363e-06	-2.438387e-10	1.670787e+01	-1.810244e+01
1.070000e-06	2.459855e-06	1.133750e-10	1.736064e+01	5.327821e+00
1.080000e-06	2.551637e-06	4.782441e-10	1.800840e+01	2.921286e+01
1.090000e-06	2.642622e-06	8.485541e-10	1.865053e+01	5.351856e+01
1.100000e-06	2.732515e-06	1.226459e-09	1.928496e+01	7.820632e+01
1.110000e-06	2.821197e-06	1.610989e-09	1.991084e+01	1.032341e+02
1.120000e-06	2.908828e-06	1.998491e-09	2.052930e+01	1.285572e+02
1.130000e-06	2.995494e-06	2.386443e-09	2.114096e+01	1.541284e+02
1.140000e-06	3.081181e-06	2.778961e-09	2.174570e+01	1.798977e+02
1.150000e-06	3.165873e-06	3.174731e-09	2.234342e+01	2.058109e+02
1.160000e-06	3.249604e-06	3.572112e-09	2.293436e+01	2.318083e+02
1.170000e-06	3.332290e-06	3.970472e-09	2.351793e+01	2.578229e+02
1.180000e-06	3.413655e-06	4.367402e-09	2.409216e+01	2.837789e+02
1.190000e-06	3.493710e-06	4.760888e-09	2.465716e+01	3.095912e+02
1.200000e-06	3.572486e-06	5.146817e-09	2.521313e+01	3.351651e+02
1.210000e-06	3.649990e-06	5.528096e-09	2.576012e+01	3.603977e+02
1.220000e-06	3.726302e-06	5.907665e-09	2.629870e+01	3.851805e+02
1.230000e-06	3.801247e-06	6.279627e-09	2.682763e+01	4.094029e+02
1.240000e-06	3.874539e-06	6.637505e-09	2.734489e+01	4.329563e+02
1.250000e-06	3.946250e-06	6.981780e-09	2.785100e+01	4.557387e+02
1.260000e-06	4.016569e-06	7.313779e-09	2.834728e+01	4.776597e+02
1.270000e-06	4.085533e-06	7.634405e-09	2.883400e+01	4.986432e+02
1.280000e-06	4.153227e-06	7.939546e-09	2.931175e+01	5.186309e+02
1.290000e-06	4.219405e-06	8.225526e-09	2.977881e+01	5.375825e+02
1.300000e-06	4.283898e-06	8.493876e-09	3.023398e+01	5.554759e+02
1.310000e-06	4.346908e-06	8.747294e-09	3.067868e+01	5.723051e+02
1.320000e-06	4.408529e-06	8.986313e-09	3.111358e+01	5.880775e+02
1.330000e-06	4.468794e-06	9.208966e-09	3.153890e+01	6.028110e+02
1.340000e-06	4.527546e-06	9.413924e-09	3.195355e+01	6.165310e+02
1.350000e-06	4.584501e-06	9.603852e-09	3.235551e+01	6.292684e+02
1.360000e-06	4.639747e-06	9.781275e-09	3.274542e+01	6.410586e+02
1.370000e-06	4.693372e-06	9.946974e-09	3.312388e+01	6.519413e+02
1.380000e-06	4.745184e-06	1.009815e-08	3.348954e+01	6.619610e+02
1.390000e-06	4.794895e-06	1.023501e-08	3.384039e+01	6.711678e+02
1.400000e-06	4.842622e-06	1.036202e-08	3.417723e+01	6.796183e+02
1.410000e-06	4.888665e-06	1.048108e-08	3.450217e+01	6.873746e+02
1.420000e-06	4.933099e-06	1.059037e-08	3.481577e+01	6.945029e+02
1.430000e-06	4.975861e-06	1.068927e-08	3.511757e+01	7.010709e+02
1.440000e-06	5.016662e-06	1.078019e-08	3.540552e+01	7.071439e+02
1.450000e-06	5.055635e-06	1.086609e-08	3.568058e+01	7.127810e+02
1.460000e-06	5.093021e-06	1.094637e-08	3.594444e+01	7.180318e+02
1.470000e-06	5.128746e-06	1.102068e-08	3.619657e+01	7.229344e+02
1.480000e-06	5.162582e-06	1.108973e-08	3.643537e+01	7.275151e+02
1.490000e-06	5.194451e-06	1.115458e-08	3.666028e+01	7.317894e+02
1.500000e-06	5.224549e-06	1.121616e-08	3.687271e+01	7.357657e+02
1.510000e-06	5.253019e-06	1.127134e-08	3.707363e+01	7.394484e+02
1.520000e-06	5.279671e-06	1.132081e-08	3.726174e+01	7.428426e+02
1.530000e-06	5.304228e-06	1.136602e-08	3.743505e+01	7.459563e+02
1.540000e-06	5.326810e-06	1.140775e-08	3.759442e+01	7.488031e+02
1.550000e-06	5.347661e-06	1.144716e-08	3.774158e+01	7.514014e+02
1.560000e-06	5.366799e-06	1.148305e-08	3.787665e+01	7.537729e+02
1.570000e-06	5.383973e-06	1.151589e-08	3.799785e+01	7.559405e+02
1.580000e-06	5.399122e-06	1.154466e-08	3.810477e+01	7.579247e+02
1.590000e-06	5.412362e-06	1.157045e-08	3.819821e+01	7.597417e+02
1.600000e-06	5.423544e-06	1.159480e-08	3.827713e+01	7.614020e+02
1.610000e-06	5.432542e-06	1.161683e-08	3.834064e+01	7.629105e+02
1.620000e-06	5.439547e-06	1.163541e-08	3.839007e+01	7.642678e+02
1.630000e-06	5.444738e-06	1.165291e-08	3.842671e+01	7.654727e+02
1.640000e-06	5.448096e-06	1.167022e-08	3.845041e+01	7.665246e+02
1.650000e-06	5.449455e-06	1.168623e-08	3.846000e+01	7.674250e+02
1.660000e-06	5.448899e-06	1.169566e-08	3.845608e+01	7.681783e+02
1.670000e-06	5.446657e-06	1.170126e-08	3.844025e+01	7.687917e+02
1.680000e-06	5.442781e-06	1.171282e-08	3.841290e+01	7.692730e+02
1.690000e-06	5.437118e-06	1.171981e-08	3.837293e+01	7.696292e+02
1.700000e-06	5.429539e-06	1.172195e-08	3.831944e+01	7.698641e+02
1.710000e-06	5.420282e-06	1.172368e-08	3.825411e+01	7.699778e+02
1.720000e-06	5.409413e-06	1.173019e-08	3.817740e+01	7.699664e+02
1.730000e-06	5.396698e-06	1.174149e-08	3.808766e+01	7.698236e+02
1.740000e-06	5.381923e-06	1.166690e-08	3.798339e+01	7.695431e+02
1.750000e-06	5.364914e-06	1.161865e-08	3.786334e+01	7.691213e+02
1.760000e-06	5.345506e-06	1.166893e-08	3.772637e+01	7.685589e+02
1.770000e-06	5.323595e-06	1.167557e-08	3.757173e+01	7.678622e+02
1.780000e-06	5.299774e-06	1.176082e-08	3.740362e+01	7.670424e+02
1.790000e-06	5.274932e-06	1.173718e-08	3.722829e+01	7.661134e+02
1.800000e-06	5.248885e-06	1.153621e-08	3.704446e+01	7.650887e+02
1.810000e-06	5.220964e-06	1.166909e-08	3.684740e+01	7.639782e+02
1.820000e-06	5.191121e-06	1.164457e-08	3.663678e+01	7.627861e+02
1.830000e-06	5.159463e-06	1.147407e-08	3.641336e+01	7.615092e+02
1.840000e-06	5.125934e-06	1.164047e-08	3.617672e+01	7.601380e+02
1.850000e-06	5.090736e-06	1.150501e-08	3.592831e+01	7.586592e+02
1.860000e-06	5.053778e-06	1.139302e-08	3.566748e+01	7.570589e+02
1.870000e-06	5.014842e-06	1.157265e-08	3.539268e+01	7.553262e+02
1.880000e-06	4.974176e-06	1.143510e-08	3.510567e+01	7.534565e+02
1.890000e-06	4.931728e-06	1.138521e-08	3.480609e+01	7.514521e+02
1.900000e-06	4.887594e-06	1.135631e-08	3.449462e+01	7.493222e+02
1.910000e-06	4.841871e-06	1.128221e-08	3.417193e+01	7.470803e+02
1.920000e-06	4.794280e-06	1.145816e-08	3.383605e+01	7.447400e+02
1.930000e-06	4.744893e-06	1.131569e-08	3.348749e+01	7.423119e+02
1.940000e-06	4.693754e-06	1.120749e-08	3.312658e+01	7.398003e+02
1.950000e-06	4.640780e-06	1.124331e-08	3.275270e+01	7.372014e+02
1.960000e-06	4.585902e-06	1.117459e-08	3.236540e+01	7.345045e+02
1.970000e-06	4.529166e-06	1.118815e-08	3.196498e+01	7.316942e+02
1.980000e-06	4.470882e-06	1.106643e-08	3.155364e+01	7.287544e+02
1.990000e-06	4.411179e-06	1.105530e-08	3.113228e+01	7.256719e+02
2.000000e-06	4.349911e-06	1.103313e-08	3.069987e+01	7.224404e+02
2.010000e-06	4.286935e-06	1.094817e-08	3.025541e+01	7.190613e+02
2.020000e-06	4.222348e-06	1.096302e-08	2.979959e+01	7.155438e+02
2.030000e-06	4.156305e-06	1.079567e-08	2.933348e+01	7.119022e+02
2.040000e-06	4.088809e-06	1.075778e-08	2.885713e+01	7.081522e+02
2.050000e-06	4.019890e-06	1.074183e-08	2.837072e+01	7.043074e+02
2.060000e-06	3.949430e-06	1.070821e-08	2.787344e+01	7.003752e+02
2.070000e-06	3.877391e-06	1.066506e-08	2.736502e+01	6.963557e+02
2.080000e-06	3.803929e-06	1.048528e-08	2.684656e+01	6.922418e+02
2.090000e-06	3.729119e-06	1.046432e-08	2.631858e+01	6.880213e+02
2.100000e-06	3.652882e-06	1.043291e-08	2.578053e+01	6.836804e+02
2.110000e-06	3.574961e-06	1.037970e-08	2.523060e+01	6.792068e+02
2.120000e-06	3.495481e-06	1.028281e-08	2.466966e+01	6.745936e+02
2.130000e-06	3.414851e-06	1.017909e-08	2.410060e+01	6.698399e+02
2.140000e-06	3.333114e-06	1.014427e-08	2.352374e+01	6.649512e+02
2.150000e-06	3.250341e-06	1.003985e-08	2.293956e+01	6.599369e+02
2.160000e-06	3.166582e-06	9.973255e-09	2.234842e+01	6.548075e+02
2.170000e-06	3.081734e-06	9.891417e-09	2.174960e+01	6.495717e+02
2.180000e-06	2.995627e-06	9.823104e-09	2.114189e+01	6.442331e+02
2.190000e-06	2.908160e-06	9.741476e-09	2.052459e+01	6.387900e+02
2.200000e-06	2.819656e-06	9.646729e-09	1.989997e+01	6.332355e+02
2.210000e-06	2.730350e-06	9.574761e-09	1.926968e+01	6.275598e+02
2.220000e-06	2.640167e-06	9.461521e-09	1.863321e+01	6.217531e+02
2.230000e-06	2.549133e-06	9.370303e-09	1.799072e+01	6.158088e+02
2.240000e-06	2.457323e-06	9.284025e-09	1.734277e+01	6.097250e+02
2.250000e-06	2.364712e-06	9.206498e-09	1.668916e+01	6.035056e+02
2.260000e-06	2.271166e-06	9.101967e-09	1.602895e+01	5.971591e+02
2.270000e-06	2.176582e-06	8.991471e-09	1.536142e+01	5.906958e+02
2.280000e-06	2.081072e-06	8.900081e-09	1.468734e+01	5.841248e+02
2.290000e-06	1.984821e-06	8.801582e-09	1.400805e+01	5.774513e+02
2.300000e-06	1.887967e-06	8.705673e-09	1.332449e+01	5.706737e+02
2.310000e-06	1.790536e-06	8.606808e-09	1.263686e+01	5.637842e+02
2.320000e-06	1.692493e-06	8.502152e-09	1.194492e+01	5.567692e+02
2.330000e-06	1.593885e-06	8.373781e-09	1.124898e+01	5.496127e+02
2.340000e-06	1.494774e-06	8.253253e-09	1.054950e+01	5.422990e+02
2.350000e-06	1.395298e-06	8.151771e-09	9.847439e+00	5.348163e+02
2.360000e-06	1.295491e-06	8.047272e-09	9.143042e+00	5.271588e+02
2.370000e-06	1.195297e-06	7.924696e-09	8.435911e+00	5.193266e+02
2.380000e-06	1.094666e-06	7.796883e-09	7.725700e+00	5.113251e+02
2.390000e-06	9.935059e-07	7.680535e-09	7.011754e+00	5.031615e+02
2.400000e-06	8.918190e-07	7.560465e-09	6.294090e+00	4.948415e+02
2.410000e-06	7.896387e-07	7.429847e-09	5.572943e+00	4.863659e+02
2.420000e-06	6.871618e-07	7.291365e-09	4.849704e+00	4.777275e+02
2.430000e-06	5.844603e-07	7.156569e-09	4.124879e+00	4.689103e+02
2.440000e-06	4.814694e-07	7.029378e-09	3.398012e+00	4.598902e+02
2.450000e-06	3.783130e-07	6.895205e-09	2.669977e+00	4.506364e+02
2.460000e-06	2.750203e-07	6.743280e-09	1.940979e+00	4.411148e+02
2.470000e-06	1.715572e-07	6.583422e-09	1.210780e+00	4.312910e+02
2.480000e-06	6.806977e-08	6.430552e-09	4.804083e-01	4.211323e+02
2.490000e-06	-3.535385e-08	6.285095e-09	-2.495129e-01	4.106096e+02
2.500000e-06	-1.387448e-07	6.128006e-09	-9.792037e-01	3.996971e+02
2.510000e-06	-2.420847e-07	5.949805e-09	-1.708534e+00	3.883717e+02
2.520000e-06	-3.453823e-07	5.761144e-09	-2.437565e+00	3.766110e+02
2.530000e-06	-4.486122e-07	5.573316e-09	-3.166119e+00	3.643920e+02
2.540000e-06	-5.516311e-07	5.386800e-09	-3.893184e+00	3.516903e+02
2.550000e-06	-6.543388e-07	5.187797e-09	-4.618052e+00	3.384796e+02
2.560000e-06	-7.567063e-07	4.973769e-09	-5.340520e+00	3.247335e+02
2.570000e-06	-8.586922e-07	4.755150e-09	-6.060295e+00	3.104268e+02
2.580000e-06	-9.602380e-07	4.534184e-09	-6.776963e+00	2.955379e+02
2.590000e-06	-1.061237e-06	4.301599e-09	-7.489770e+00	2.800509e+02
2.600000e-06	-1.161711e-06	4.050711e-09	-8.198876e+00	2.639570e+02
2.610000e-06	-1.261814e-06	3.790242e-09	-8.905363e+00	2.472543e+02
2.620000e-06	-1.361596e-06	3.528210e-09	-9.609582e+00	2.299475e+02
2.630000e-06	-1.461018e-06	3.260688e-09	-1.031126e+01	2.120455e+02
2.640000e-06	-1.559975e-06	2.980488e-09	-1.100966e+01	1.935597e+02
2.650000e-06	-1.658337e-06	2.688156e-09	-1.170386e+01	1.745014e+02
2.660000e-06	-1.756170e-06	2.387906e-09	-1.239432e+01	1.548806e+02
2.670000e-06	-1.853410e-06	2.080962e-09	-1.308060e+01	1.347052e+02
2.680000e-06	-1.949985e-06	1.766286e-09	-1.376219e+01	1.139813e+02
2.690000e-06	-2.045988e-06	1.442655e-09	-1.443974e+01	9.271452e+01
2.700000e-06	-2.141409e-06	1.109406e-09	-1.511318e+01	7.091205e+01
2.710000e-06	-2.236139e-06	7.685243e-10	-1.578174e+01	4.858427e+01
2.720000e-06	-2.329865e-06	4.230625e-10	-1.644322e+01	2.574649e+01
2.730000e-06	-2.422523e-06	6.902095e-11	-1.709717e+01	2.419942e+00
2.740000e-06	-2.514338e-06	-2.940798e-10	-1.774516e+01	-2.136801e+01
2.750000e-06	-2.605288e-06	-6.619415e-10	-1.838705e+01	-4.558435e+01
2.760000e-06	-2.695273e-06	-1.033324e-09	-1.902212e+01	-7.019134e+01
2.770000e-06	-2.784285e-06	-1.411183e-09	-1.965033e+01	-9.514761e+01
2.780000e-06	-2.872410e-06	-1.797997e-09	-2.027228e+01	-1.204090e+02
2.790000e-06	-2.959739e-06	-2.189378e-09	-2.088861e+01	-1.459288e+02
2.800000e-06	-3.045931e-06	-2.581941e-09	-2.149692e+01	-1.716577e+02
2.810000e-06	-3.130739e-06	-2.976088e-09	-2.209546e+01	-1.975425e+02
2.820000e-06	-3.214410e-06	-3.371876e-09	-2.268597e+01	-2.235249e+02
2.830000e-06	-3.297037e-06	-3.768631e-09	-2.326912e+01	-2.495395e+02
2.840000e-06	-3.378566e-06	-4.164843e-09	-2.384452e+01	-2.755126e+02
2.850000e-06	-3.459002e-06	-4.559048e-09	-2.441220e+01	-3.013611e+02
2.860000e-06	-3.538237e-06	-4.949465e-09	-2.497141e+01	-3.269921e+02
2.870000e-06	-3.615952e-06	-5.333442e-09	-2.551989e+01	-3.523045e+02
2.880000e-06	-3.692140e-06	-5.710115e-09	-2.605759e+01	-3.771907e+02
2.890000e-06	-3.766944e-06	-6.081599e-09	-2.658553e+01	-4.015401e+02
2.900000e-06	-3.840385e-06	-6.448397e-09	-2.710385e+01	-4.252434e+02
2.910000e-06	-3.912585e-06	-6.804548e-09	-2.761341e+01	-4.481968e+02
2.920000e-06	-3.983445e-06	-7.143836e-09	-2.811351e+01	-4.703069e+02
2.930000e-06	-4.052670e-06	-7.465601e-09	-2.860207e+01	-4.914946e+02
2.940000e-06	-4.120363e-06	-7.773350e-09	-2.907982e+01	-5.116973e+02
2.950000e-06	-4.186681e-06	-8.068152e-09	-2.954786e+01	-5.308711e+02
2.960000e-06	-4.251571e-06	-8.346913e-09	-3.000583e+01	-5.489899e+02
2.970000e-06	-4.315091e-06	-8.608185e-09	-3.045413e+01	-5.660446e+02
2.980000e-06	-4.377019e-06	-8.854082e-09	-3.089119e+01	-5.820399e+02
2.990000e-06	-4.437221e-06	-9.086585e-09	-3.131607e+01	-5.969918e+02
3.000000e-06	-4.495911e-06	-9.304355e-09	-3.173028e+01	-6.109242e+02
3.010000e-06	-4.553130e-06	-9.505939e-09	-3.213411e+01	-6.238670e+02
3.020000e-06	-4.608751e-06	-9.692302e-09	-3.252666e+01	-6.358547e+02
3.030000e-06	-4.662474e-06	-9.862799e-09	-3.290582e+01	-6.469259e+02
3.040000e-06	-4.714204e-06	-1.001927e-08	-3.327090e+01	-6.571242e+02
3.050000e-06	-4.764129e-06	-1.016297e-08	-3.362325e+01	-6.664983e+02
3.060000e-06	-4.812069e-06	-1.029454e-08	-3.396159e+01	-6.751035e+02
3.070000e-06	-4.858096e-06	-1.041377e-08	-3.428643e+01	-6.830007e+02
3.080000e-06	-4.902593e-06	-1.052367e-08	-3.460048e+01	-6.902556e+02
3.090000e-06	-4.945644e-06	-1.062667e-08	-3.490431e+01	-6.969357e+02
3.100000e-06	-4.987162e-06	-1.072322e-08	-3.519733e+01	-7.031071e+02
3.110000e-06	-5.027064e-06	-1.081422e-08	-3.547894e+01	-7.088307e+02
3.120000e-06	-5.065134e-06	-1.089745e-08	-3.574762e+01	-7.141584e+02
3.130000e-06	-5.101280e-06	-1.097321e-08	-3.600273e+01	-7.191307e+02
3.140000e-06	-5.135619e-06	-1.104341e-08	-3.624507e+01	-7.237764e+02
3.150000e-06	-5.168216e-06	-1.111158e-08	-3.647513e+01	-7.281131e+02
3.160000e-06	-5.198981e-06	-1.117666e-08	-3.669225e+01	-7.321505e+02
3.170000e-06	-5.227793e-06	-1.123448e-08	-3.689560e+01	-7.358935e+02
3.180000e-06	-5.254788e-06	-1.128309e-08	-3.708612e+01	-7.393466e+02
3.190000e-06	-5.280007e-06	-1.132712e-08	-3.726411e+01	-7.425171e+02
3.200000e-06	-5.303348e-06	-1.137358e-08	-3.742884e+01	-7.454174e+02
3.210000e-06	-5.324692e-06	-1.142053e-08	-3.757948e+01	-7.480648e+02
3.220000e-06	-5.344135e-06	-1.146096e-08	-3.771670e+01	-7.504807e+02
3.230000e-06	-5.361824e-06	-1.149596e-08	-3.784154e+01	-7.526878e+02
3.240000e-06	-5.377671e-06	-1.152915e-08	-3.795338e+01	-7.547074e+02
3.250000e-06	-5.391344e-06	-1.155903e-08	-3.804987e+01	-7.565568e+02
3.260000e-06	-5.402797e-06	-1.158349e-08	-3.813070e+01	-7.582478e+02
3.270000e-06	-5.412368e-06	-1.160439e-08	-3.819825e+01	-7.597863e+02
3.280000e-06	-5.420151e-06	-1.162424e-08	-3.825318e+01	-7.611737e+02
3.290000e-06	-5.425922e-06	-1.164262e-08	-3.829392e+01	-7.624091e+02
3.300000e-06	-5.429706e-06	-1.165901e-08	-3.832062e+01	-7.634914e+02
3.310000e-06	-5.431731e-06	-1.167200e-08	-3.833491e+01	-7.644216e+02
3.320000e-06	-5.432002e-06	-1.168558e-08	-3.833682e+01	-7.652036e+02
