# Temperatura_=_75.5
# Concentracion g/m^3_=_32800.0
# C_Vs_to_Am_M_A/Vsm_=_65563218390.804596
# pendiente_HvsI_1/m_=_3716.3
# ordenada_HvsI_A/m_=_1297.0
# frecuencia_Hz_=_300801.87325176544

Tiempo_(s)	Campo_(V.s)	Magnetizacion_(V.s)	Campo_(kA/m)	Magnetizacion_(A/m)
0.000000e+00	-5.425518e-06	-1.233686e-08	-3.832430e+01	-8.071412e+02
1.000000e-08	-5.422642e-06	-1.234995e-08	-3.830397e+01	-8.077338e+02
2.000000e-08	-5.417956e-06	-1.235716e-08	-3.827088e+01	-8.081914e+02
3.000000e-08	-5.411625e-06	-1.236241e-08	-3.822616e+01	-8.085242e+02
4.000000e-08	-5.403718e-06	-1.236027e-08	-3.817030e+01	-8.087386e+02
5.000000e-08	-5.393894e-06	-1.235442e-08	-3.810091e+01	-8.088355e+02
6.000000e-08	-5.381971e-06	-1.234915e-08	-3.801669e+01	-8.088104e+02
7.000000e-08	-5.368054e-06	-1.233952e-08	-3.791838e+01	-8.086545e+02
8.000000e-08	-5.351817e-06	-1.237454e-08	-3.780369e+01	-8.083577e+02
9.000000e-08	-5.333302e-06	-1.242240e-08	-3.767291e+01	-8.079118e+02
1.000000e-07	-5.312853e-06	-1.237061e-08	-3.752846e+01	-8.073139e+02
1.100000e-07	-5.290635e-06	-1.232396e-08	-3.737152e+01	-8.065677e+02
1.200000e-07	-5.266889e-06	-1.229565e-08	-3.720378e+01	-8.056840e+02
1.300000e-07	-5.241663e-06	-1.220055e-08	-3.702559e+01	-8.046781e+02
1.400000e-07	-5.214713e-06	-1.230422e-08	-3.683523e+01	-8.035672e+02
1.500000e-07	-5.186061e-06	-1.234693e-08	-3.663284e+01	-8.023656e+02
1.600000e-07	-5.155957e-06	-1.215245e-08	-3.642019e+01	-8.010819e+02
1.700000e-07	-5.124186e-06	-1.223585e-08	-3.619577e+01	-7.997166e+02
1.800000e-07	-5.090288e-06	-1.222772e-08	-3.595633e+01	-7.982622e+02
1.900000e-07	-5.054605e-06	-1.210616e-08	-3.570427e+01	-7.967051e+02
2.000000e-07	-5.017347e-06	-1.225326e-08	-3.544109e+01	-7.950298e+02
2.100000e-07	-4.978273e-06	-1.218712e-08	-3.516508e+01	-7.932226e+02
2.200000e-07	-4.937385e-06	-1.206347e-08	-3.487626e+01	-7.912760e+02
2.300000e-07	-4.894501e-06	-1.210089e-08	-3.457334e+01	-7.891904e+02
2.400000e-07	-4.849790e-06	-1.204796e-08	-3.425751e+01	-7.869747e+02
2.500000e-07	-4.803391e-06	-1.202758e-08	-3.392977e+01	-7.846440e+02
2.600000e-07	-4.755044e-06	-1.196746e-08	-3.358826e+01	-7.822160e+02
2.700000e-07	-4.704603e-06	-1.188292e-08	-3.323195e+01	-7.797063e+02
2.800000e-07	-4.652113e-06	-1.186867e-08	-3.286118e+01	-7.771243e+02
2.900000e-07	-4.597876e-06	-1.184546e-08	-3.247807e+01	-7.744711e+02
3.000000e-07	-4.542139e-06	-1.182780e-08	-3.208436e+01	-7.717382e+02
3.100000e-07	-4.484713e-06	-1.176035e-08	-3.167872e+01	-7.689103e+02
3.200000e-07	-4.425548e-06	-1.170213e-08	-3.126079e+01	-7.659680e+02
3.300000e-07	-4.364875e-06	-1.166561e-08	-3.083222e+01	-7.628931e+02
3.400000e-07	-4.302728e-06	-1.161895e-08	-3.039323e+01	-7.596722e+02
3.500000e-07	-4.239153e-06	-1.159007e-08	-2.994415e+01	-7.562999e+02
3.600000e-07	-4.173964e-06	-1.148513e-08	-2.948368e+01	-7.527797e+02
3.700000e-07	-4.107074e-06	-1.141116e-08	-2.901118e+01	-7.491226e+02
3.800000e-07	-4.038704e-06	-1.139028e-08	-2.852824e+01	-7.453442e+02
3.900000e-07	-3.968965e-06	-1.134388e-08	-2.803562e+01	-7.414605e+02
4.000000e-07	-3.897962e-06	-1.129170e-08	-2.753408e+01	-7.374844e+02
4.100000e-07	-3.825664e-06	-1.119906e-08	-2.702339e+01	-7.334223e+02
4.200000e-07	-3.751794e-06	-1.113934e-08	-2.650159e+01	-7.292737e+02
4.300000e-07	-3.676229e-06	-1.108869e-08	-2.596782e+01	-7.250313e+02
4.400000e-07	-3.599170e-06	-1.102631e-08	-2.542350e+01	-7.206837e+02
4.500000e-07	-3.520660e-06	-1.094862e-08	-2.486893e+01	-7.162187e+02
4.600000e-07	-3.440698e-06	-1.086068e-08	-2.430410e+01	-7.116260e+02
4.700000e-07	-3.359455e-06	-1.080164e-08	-2.373022e+01	-7.068997e+02
4.800000e-07	-3.277020e-06	-1.073668e-08	-2.314792e+01	-7.020394e+02
4.900000e-07	-3.193548e-06	-1.066459e-08	-2.255830e+01	-6.970489e+02
5.000000e-07	-3.109145e-06	-1.057771e-08	-2.196211e+01	-6.919350e+02
5.100000e-07	-3.023799e-06	-1.049039e-08	-2.135924e+01	-6.867044e+02
5.200000e-07	-2.937513e-06	-1.041144e-08	-2.074975e+01	-6.813614e+02
5.300000e-07	-2.850317e-06	-1.033698e-08	-2.013381e+01	-6.759064e+02
5.400000e-07	-2.762272e-06	-1.025391e-08	-1.951189e+01	-6.703359e+02
5.500000e-07	-2.673180e-06	-1.015249e-08	-1.888257e+01	-6.646426e+02
5.600000e-07	-2.582831e-06	-1.005636e-08	-1.824437e+01	-6.588182e+02
5.700000e-07	-2.491381e-06	-9.973204e-09	-1.759839e+01	-6.528553e+02
5.800000e-07	-2.399119e-06	-9.890958e-09	-1.694668e+01	-6.467493e+02
5.900000e-07	-2.306093e-06	-9.795482e-09	-1.628957e+01	-6.404999e+02
6.000000e-07	-2.212284e-06	-9.693025e-09	-1.562694e+01	-6.341104e+02
6.100000e-07	-2.117756e-06	-9.593757e-09	-1.495922e+01	-6.275873e+02
6.200000e-07	-2.022532e-06	-9.494756e-09	-1.428658e+01	-6.209374e+02
6.300000e-07	-1.926689e-06	-9.388669e-09	-1.360957e+01	-6.141663e+02
6.400000e-07	-1.830135e-06	-9.278729e-09	-1.292754e+01	-6.072757e+02
6.500000e-07	-1.732705e-06	-9.165722e-09	-1.223933e+01	-6.002631e+02
6.600000e-07	-1.634400e-06	-9.051888e-09	-1.154493e+01	-5.931212e+02
6.700000e-07	-1.535383e-06	-8.942788e-09	-1.084550e+01	-5.858396e+02
6.800000e-07	-1.435887e-06	-8.834499e-09	-1.014269e+01	-5.784064e+02
6.900000e-07	-1.335998e-06	-8.718914e-09	-9.437106e+00	-5.708102e+02
7.000000e-07	-1.235690e-06	-8.596819e-09	-8.728561e+00	-5.630421e+02
7.100000e-07	-1.134956e-06	-8.478158e-09	-8.016999e+00	-5.550961e+02
7.200000e-07	-1.033856e-06	-8.359616e-09	-7.302862e+00	-5.469694e+02
7.300000e-07	-9.324114e-07	-8.230970e-09	-6.586285e+00	-5.386609e+02
7.400000e-07	-8.305649e-07	-8.089219e-09	-5.866871e+00	-5.301692e+02
7.500000e-07	-7.283662e-07	-7.945319e-09	-5.144969e+00	-5.214907e+02
7.600000e-07	-6.259432e-07	-7.805650e-09	-4.421482e+00	-5.126170e+02
7.700000e-07	-5.234042e-07	-7.670132e-09	-3.697176e+00	-5.035342e+02
7.800000e-07	-4.207017e-07	-7.534313e-09	-2.971715e+00	-4.942221e+02
7.900000e-07	-3.177883e-07	-7.390734e-09	-2.244765e+00	-4.846546e+02
8.000000e-07	-2.148102e-07	-7.242847e-09	-1.517357e+00	-4.748010e+02
8.100000e-07	-1.118338e-07	-7.089402e-09	-7.899613e-01	-4.646274e+02
8.200000e-07	-8.805206e-09	-6.927326e-09	-6.219743e-02	-4.540989e+02
8.300000e-07	9.424001e-08	-6.754356e-09	6.656842e-01	-4.431805e+02
8.400000e-07	1.972517e-07	-6.573589e-09	1.393329e+00	-4.318387e+02
8.500000e-07	3.001758e-07	-6.387972e-09	2.120355e+00	-4.200420e+02
8.600000e-07	4.030135e-07	-6.198529e-09	2.846771e+00	-4.077609e+02
8.700000e-07	5.057661e-07	-6.005737e-09	3.572585e+00	-3.949683e+02
8.800000e-07	6.083836e-07	-5.803369e-09	4.297446e+00	-3.816394e+02
8.900000e-07	7.107604e-07	-5.590280e-09	5.020607e+00	-3.677513e+02
9.000000e-07	8.128696e-07	-5.370481e-09	5.741876e+00	-3.532832e+02
9.100000e-07	9.146837e-07	-5.146684e-09	6.461061e+00	-3.382168e+02
9.200000e-07	1.016123e-06	-4.910174e-09	7.177601e+00	-3.225360e+02
9.300000e-07	1.117173e-06	-4.656136e-09	7.891387e+00	-3.062271e+02
9.400000e-07	1.217836e-06	-4.388563e-09	8.602443e+00	-2.892793e+02
9.500000e-07	1.318102e-06	-4.115868e-09	9.310691e+00	-2.716841e+02
9.600000e-07	1.417960e-06	-3.839480e-09	1.001606e+01	-2.534355e+02
9.700000e-07	1.517467e-06	-3.552466e-09	1.071895e+01	-2.345295e+02
9.800000e-07	1.616573e-06	-3.254423e-09	1.141901e+01	-2.149643e+02
9.900000e-07	1.715028e-06	-2.944712e-09	1.211446e+01	-1.947400e+02
1.000000e-06	1.812618e-06	-2.624300e-09	1.280381e+01	-1.738582e+02
1.010000e-06	1.909318e-06	-2.293327e-09	1.348687e+01	-1.523223e+02
1.020000e-06	2.005255e-06	-1.953557e-09	1.416454e+01	-1.301374e+02
1.030000e-06	2.100534e-06	-1.604276e-09	1.483756e+01	-1.073103e+02
1.040000e-06	2.195088e-06	-1.245533e-09	1.550547e+01	-8.384993e+01
1.050000e-06	2.288870e-06	-8.794461e-10	1.616791e+01	-5.976716e+01
1.060000e-06	2.381901e-06	-5.043520e-10	1.682506e+01	-3.507581e+01
1.070000e-06	2.474197e-06	-1.173409e-10	1.747701e+01	-9.793155e+00
1.080000e-06	2.565808e-06	2.821874e-10	1.812413e+01	1.605899e+01
1.090000e-06	2.656596e-06	6.878955e-10	1.876543e+01	4.245319e+01
1.100000e-06	2.746150e-06	1.097980e-09	1.939801e+01	6.935516e+01
1.110000e-06	2.834400e-06	1.513733e-09	2.002138e+01	9.672272e+01
1.120000e-06	2.921688e-06	1.938658e-09	2.063796e+01	1.245050e+02
1.130000e-06	3.008114e-06	2.368714e-09	2.124845e+01	1.526419e+02
1.140000e-06	3.093523e-06	2.802793e-09	2.185175e+01	1.810641e+02
1.150000e-06	3.177918e-06	3.238525e-09	2.244790e+01	2.096932e+02
1.160000e-06	3.261393e-06	3.674769e-09	2.303754e+01	2.384423e+02
1.170000e-06	3.343807e-06	4.113592e-09	2.361969e+01	2.672158e+02
1.180000e-06	3.424939e-06	4.550823e-09	2.419278e+01	2.959108e+02
1.190000e-06	3.504782e-06	4.983100e-09	2.475676e+01	3.244165e+02
1.200000e-06	3.583333e-06	5.408038e-09	2.531163e+01	3.526153e+02
1.210000e-06	3.660624e-06	5.826478e-09	2.585759e+01	3.803837e+02
1.220000e-06	3.736619e-06	6.239367e-09	2.639440e+01	4.075942e+02
1.230000e-06	3.811186e-06	6.645771e-09	2.692112e+01	4.341175e+02
1.240000e-06	3.884117e-06	7.041523e-09	2.743628e+01	4.598272e+02
1.250000e-06	3.955465e-06	7.420734e-09	2.794026e+01	4.846039e+02
1.260000e-06	4.025479e-06	7.780747e-09	2.843482e+01	5.083412e+02
1.270000e-06	4.094173e-06	8.124266e-09	2.892006e+01	5.309504e+02
1.280000e-06	4.161556e-06	8.449014e-09	2.939603e+01	5.523650e+02
1.290000e-06	4.227339e-06	8.750632e-09	2.986071e+01	5.725434e+02
1.300000e-06	4.291441e-06	9.032055e-09	3.031350e+01	5.914695e+02
1.310000e-06	4.354127e-06	9.297619e-09	3.075629e+01	6.091505e+02
1.320000e-06	4.415432e-06	9.547130e-09	3.118934e+01	6.256137e+02
1.330000e-06	4.475411e-06	9.780046e-09	3.161301e+01	6.409010e+02
1.340000e-06	4.533870e-06	9.995067e-09	3.202595e+01	6.550637e+02
1.350000e-06	4.590439e-06	1.019155e-08	3.242553e+01	6.681575e+02
1.360000e-06	4.645249e-06	1.037069e-08	3.281270e+01	6.802390e+02
1.370000e-06	4.698458e-06	1.053727e-08	3.318855e+01	6.913642e+02
1.380000e-06	4.749798e-06	1.069218e-08	3.355120e+01	7.015884e+02
1.390000e-06	4.799010e-06	1.083515e-08	3.389882e+01	7.109679e+02
1.400000e-06	4.846327e-06	1.096680e-08	3.423306e+01	7.195616e+02
1.410000e-06	4.892014e-06	1.108641e-08	3.455578e+01	7.274329e+02
1.420000e-06	4.936113e-06	1.119626e-08	3.486728e+01	7.346491e+02
1.430000e-06	4.978473e-06	1.129625e-08	3.516650e+01	7.412806e+02
1.440000e-06	5.018918e-06	1.138800e-08	3.545219e+01	7.473977e+02
1.450000e-06	5.057589e-06	1.147499e-08	3.572535e+01	7.530663e+02
1.460000e-06	5.094615e-06	1.155689e-08	3.598689e+01	7.583439e+02
1.470000e-06	5.130025e-06	1.163303e-08	3.623701e+01	7.632761e+02
1.480000e-06	5.163511e-06	1.170352e-08	3.647355e+01	7.678949e+02
1.490000e-06	5.195016e-06	1.176839e-08	3.669609e+01	7.722194e+02
1.500000e-06	5.224854e-06	1.182887e-08	3.690686e+01	7.762581e+02
1.510000e-06	5.253082e-06	1.188636e-08	3.710625e+01	7.800133e+02
1.520000e-06	5.279396e-06	1.193959e-08	3.729213e+01	7.834859e+02
1.530000e-06	5.303542e-06	1.198748e-08	3.746269e+01	7.866795e+02
1.540000e-06	5.325772e-06	1.203044e-08	3.761971e+01	7.896033e+02
1.550000e-06	5.346331e-06	1.207101e-08	3.776494e+01	7.922732e+02
1.560000e-06	5.365168e-06	1.210890e-08	3.789799e+01	7.947101e+02
1.570000e-06	5.382054e-06	1.214267e-08	3.801727e+01	7.969374e+02
1.580000e-06	5.396905e-06	1.217215e-08	3.812218e+01	7.989775e+02
1.590000e-06	5.409798e-06	1.219935e-08	3.821325e+01	8.008484e+02
1.600000e-06	5.420551e-06	1.222488e-08	3.828921e+01	8.025616e+02
1.610000e-06	5.429117e-06	1.224647e-08	3.834971e+01	8.041219e+02
1.620000e-06	5.435758e-06	1.226559e-08	3.839663e+01	8.055287e+02
1.630000e-06	5.440660e-06	1.228352e-08	3.843125e+01	8.067786e+02
1.640000e-06	5.443739e-06	1.230066e-08	3.845300e+01	8.078684e+02
1.650000e-06	5.444730e-06	1.231847e-08	3.846000e+01	8.087978e+02
1.660000e-06	5.443822e-06	1.232862e-08	3.845359e+01	8.095710e+02
1.670000e-06	5.441295e-06	1.233441e-08	3.843574e+01	8.101963e+02
1.680000e-06	5.437167e-06	1.234345e-08	3.840658e+01	8.106844e+02
1.690000e-06	5.431193e-06	1.234877e-08	3.836438e+01	8.110456e+02
1.700000e-06	5.423285e-06	1.235254e-08	3.830852e+01	8.112874e+02
1.710000e-06	5.413740e-06	1.235783e-08	3.824110e+01	8.114121e+02
1.720000e-06	5.402561e-06	1.236594e-08	3.816213e+01	8.114161e+02
1.730000e-06	5.389535e-06	1.237019e-08	3.807012e+01	8.112915e+02
1.740000e-06	5.374416e-06	1.227885e-08	3.796332e+01	8.110281e+02
1.750000e-06	5.357007e-06	1.225971e-08	3.784035e+01	8.106170e+02
1.760000e-06	5.337138e-06	1.231646e-08	3.770000e+01	8.100540e+02
1.770000e-06	5.314827e-06	1.231700e-08	3.754240e+01	8.093413e+02
1.780000e-06	5.290809e-06	1.241035e-08	3.737275e+01	8.084882e+02
1.790000e-06	5.265848e-06	1.231076e-08	3.719643e+01	8.075095e+02
1.800000e-06	5.239569e-06	1.213474e-08	3.701080e+01	8.064221e+02
1.810000e-06	5.211291e-06	1.230798e-08	3.681105e+01	8.052414e+02
1.820000e-06	5.181069e-06	1.222338e-08	3.659758e+01	8.039774e+02
1.830000e-06	5.149068e-06	1.213837e-08	3.637153e+01	8.026323e+02
1.840000e-06	5.115195e-06	1.231137e-08	3.613226e+01	8.012003e+02
1.850000e-06	5.079697e-06	1.208491e-08	3.588151e+01	7.996689e+02
1.860000e-06	5.042437e-06	1.203335e-08	3.561832e+01	7.980226e+02
1.870000e-06	5.003213e-06	1.217559e-08	3.534125e+01	7.962470e+02
1.880000e-06	4.962288e-06	1.202389e-08	3.505217e+01	7.943329e+02
1.890000e-06	4.919552e-06	1.206193e-08	3.475030e+01	7.922789e+02
1.900000e-06	4.875191e-06	1.199651e-08	3.443694e+01	7.900924e+02
1.910000e-06	4.829209e-06	1.192444e-08	3.411214e+01	7.877873e+02
1.920000e-06	4.781317e-06	1.206295e-08	3.377385e+01	7.853811e+02
1.930000e-06	4.731725e-06	1.190451e-08	3.342354e+01	7.828902e+02
1.940000e-06	4.680352e-06	1.189511e-08	3.306066e+01	7.803257e+02
1.950000e-06	4.627044e-06	1.187082e-08	3.268410e+01	7.776905e+02
1.960000e-06	4.571817e-06	1.178551e-08	3.229400e+01	7.749782e+02
1.970000e-06	4.514785e-06	1.182666e-08	3.189114e+01	7.721746e+02
1.980000e-06	4.456281e-06	1.170387e-08	3.147788e+01	7.692608e+02
1.990000e-06	4.396355e-06	1.169207e-08	3.105458e+01	7.662181e+02
2.000000e-06	4.334806e-06	1.159767e-08	3.061982e+01	7.630316e+02
2.010000e-06	4.271520e-06	1.156738e-08	3.017278e+01	7.596941e+02
2.020000e-06	4.206730e-06	1.162276e-08	2.971513e+01	7.562073e+02
2.030000e-06	4.140548e-06	1.145700e-08	2.924763e+01	7.525807e+02
2.040000e-06	4.072860e-06	1.140212e-08	2.876951e+01	7.488293e+02
2.050000e-06	4.003709e-06	1.131471e-08	2.828104e+01	7.449693e+02
2.060000e-06	3.933015e-06	1.131264e-08	2.778168e+01	7.410146e+02
2.070000e-06	3.860792e-06	1.129178e-08	2.727152e+01	7.369731e+02
2.080000e-06	3.787129e-06	1.114499e-08	2.675119e+01	7.328458e+02
2.090000e-06	3.712096e-06	1.110739e-08	2.622117e+01	7.286268e+02
2.100000e-06	3.635668e-06	1.103029e-08	2.568131e+01	7.243052e+02
2.110000e-06	3.557598e-06	1.100652e-08	2.512985e+01	7.198687e+02
2.120000e-06	3.478057e-06	1.091645e-08	2.456799e+01	7.153064e+02
2.130000e-06	3.397399e-06	1.081164e-08	2.399825e+01	7.106114e+02
2.140000e-06	3.315582e-06	1.074656e-08	2.342032e+01	7.057819e+02
2.150000e-06	3.232646e-06	1.065953e-08	2.283448e+01	7.008213e+02
2.160000e-06	3.148787e-06	1.063027e-08	2.224212e+01	6.957356e+02
2.170000e-06	3.063846e-06	1.053964e-08	2.164213e+01	6.905319e+02
2.180000e-06	2.977534e-06	1.044478e-08	2.103244e+01	6.852152e+02
2.190000e-06	2.889984e-06	1.034406e-08	2.041401e+01	6.797868e+02
2.200000e-06	2.801466e-06	1.028567e-08	1.978875e+01	6.742439e+02
2.210000e-06	2.712068e-06	1.023564e-08	1.915726e+01	6.685799e+02
2.220000e-06	2.621762e-06	1.011787e-08	1.851937e+01	6.627867e+02
2.230000e-06	2.530616e-06	1.000309e-08	1.787554e+01	6.568564e+02
2.240000e-06	2.438717e-06	9.898803e-09	1.722639e+01	6.507837e+02
2.250000e-06	2.346045e-06	9.829817e-09	1.657178e+01	6.445672e+02
2.260000e-06	2.252419e-06	9.734539e-09	1.591044e+01	6.382096e+02
2.270000e-06	2.157704e-06	9.631761e-09	1.524140e+01	6.317169e+02
2.280000e-06	2.062055e-06	9.535208e-09	1.456576e+01	6.250961e+02
2.290000e-06	1.965735e-06	9.438778e-09	1.388539e+01	6.183530e+02
2.300000e-06	1.868906e-06	9.346451e-09	1.320141e+01	6.114905e+02
2.310000e-06	1.771526e-06	9.240455e-09	1.251355e+01	6.045069e+02
2.320000e-06	1.673503e-06	9.123387e-09	1.182114e+01	5.973959e+02
2.330000e-06	1.574853e-06	8.992160e-09	1.112431e+01	5.901476e+02
2.340000e-06	1.475690e-06	8.881370e-09	1.042384e+01	5.827503e+02
2.350000e-06	1.376170e-06	8.782215e-09	9.720870e+00	5.751923e+02
2.360000e-06	1.276335e-06	8.669213e-09	9.015661e+00	5.674639e+02
2.370000e-06	1.176149e-06	8.537606e-09	8.307977e+00	5.595588e+02
2.380000e-06	1.075561e-06	8.410722e-09	7.597450e+00	5.514733e+02
2.390000e-06	9.745257e-07	8.301479e-09	6.883768e+00	5.432062e+02
2.400000e-06	8.729914e-07	8.185754e-09	6.166559e+00	5.347564e+02
2.410000e-06	7.709697e-07	8.053411e-09	5.445908e+00	5.261208e+02
2.420000e-06	6.685636e-07	7.908149e-09	4.722540e+00	5.172923e+02
2.430000e-06	5.658465e-07	7.762741e-09	3.996976e+00	5.082582e+02
2.440000e-06	4.628636e-07	7.623479e-09	3.269535e+00	4.989996e+02
2.450000e-06	3.596783e-07	7.483175e-09	2.540664e+00	4.894917e+02
2.460000e-06	2.563758e-07	7.334583e-09	1.810965e+00	4.797045e+02
2.470000e-06	1.529803e-07	7.179156e-09	1.080609e+00	4.696048e+02
2.480000e-06	4.953811e-08	7.022141e-09	3.499229e-01	4.591577e+02
2.490000e-06	-5.387956e-08	6.864160e-09	-3.805897e-01	4.483281e+02
2.500000e-06	-1.572481e-07	6.700039e-09	-1.110755e+00	4.370822e+02
2.510000e-06	-2.605433e-07	6.521172e-09	-1.840403e+00	4.253879e+02
2.520000e-06	-3.637307e-07	6.326758e-09	-2.569288e+00	4.132153e+02
2.530000e-06	-4.667882e-07	6.129991e-09	-3.297257e+00	4.005369e+02
2.540000e-06	-5.696286e-07	5.936537e-09	-4.023692e+00	3.873273e+02
2.550000e-06	-6.721838e-07	5.731988e-09	-4.748112e+00	3.735632e+02
2.560000e-06	-7.743054e-07	5.507162e-09	-5.469470e+00	3.592235e+02
2.570000e-06	-8.759809e-07	5.272240e-09	-6.187676e+00	3.442891e+02
2.580000e-06	-9.772532e-07	5.038279e-09	-6.903035e+00	3.287435e+02
2.590000e-06	-1.078052e-06	4.800971e-09	-7.615048e+00	3.125727e+02
2.600000e-06	-1.178408e-06	4.549807e-09	-8.323936e+00	2.957650e+02
2.610000e-06	-1.278394e-06	4.281132e-09	-9.030209e+00	2.783115e+02
2.620000e-06	-1.378014e-06	3.999659e-09	-9.733891e+00	2.602056e+02
2.630000e-06	-1.477245e-06	3.711189e-09	-1.043483e+01	2.414431e+02
2.640000e-06	-1.576012e-06	3.418450e-09	-1.113250e+01	2.220216e+02
2.650000e-06	-1.674214e-06	3.116698e-09	-1.182616e+01	2.019408e+02
2.660000e-06	-1.771832e-06	2.799770e-09	-1.251571e+01	1.812021e+02
2.670000e-06	-1.868881e-06	2.471365e-09	-1.320124e+01	1.598083e+02
2.680000e-06	-1.965362e-06	2.138878e-09	-1.388275e+01	1.377644e+02
2.690000e-06	-2.061283e-06	1.800636e-09	-1.456031e+01	1.150767e+02
2.700000e-06	-2.156658e-06	1.445874e-09	-1.523401e+01	9.175352e+01
2.710000e-06	-2.251257e-06	1.076366e-09	-1.590223e+01	6.780545e+01
2.720000e-06	-2.344742e-06	7.014592e-10	-1.656258e+01	4.324557e+01
2.730000e-06	-2.437164e-06	3.193102e-10	-1.721543e+01	1.809035e+01
2.740000e-06	-2.528752e-06	-7.378257e-11	-1.786237e+01	-7.639482e+00
2.750000e-06	-2.619418e-06	-4.767982e-10	-1.850281e+01	-3.391778e+01
2.760000e-06	-2.709062e-06	-8.842923e-10	-1.913603e+01	-6.071182e+01
2.770000e-06	-2.797786e-06	-1.294736e-09	-1.976275e+01	-8.798120e+01
2.780000e-06	-2.885711e-06	-1.712199e-09	-2.038383e+01	-1.156770e+02
2.790000e-06	-2.972746e-06	-2.135515e-09	-2.099862e+01	-1.437410e+02
2.800000e-06	-3.058525e-06	-2.568738e-09	-2.160454e+01	-1.721060e+02
2.810000e-06	-3.142996e-06	-3.009257e-09	-2.220122e+01	-2.006954e+02
2.820000e-06	-3.226426e-06	-3.451918e-09	-2.279054e+01	-2.294241e+02
2.830000e-06	-3.308804e-06	-3.895276e-09	-2.337244e+01	-2.581985e+02
2.840000e-06	-3.390052e-06	-4.337782e-09	-2.394635e+01	-2.869170e+02
2.850000e-06	-3.470250e-06	-4.777908e-09	-2.451284e+01	-3.154705e+02
2.860000e-06	-3.549244e-06	-5.208269e-09	-2.507084e+01	-3.437429e+02
2.870000e-06	-3.626639e-06	-5.627783e-09	-2.561753e+01	-3.716118e+02
2.880000e-06	-3.702489e-06	-6.039001e-09	-2.615331e+01	-3.989503e+02
2.890000e-06	-3.776980e-06	-6.444215e-09	-2.667950e+01	-4.256293e+02
2.900000e-06	-3.850110e-06	-6.843249e-09	-2.719606e+01	-4.515213e+02
2.910000e-06	-3.921986e-06	-7.231348e-09	-2.770378e+01	-4.765051e+02
2.920000e-06	-3.992439e-06	-7.601085e-09	-2.820144e+01	-5.004709e+02
2.930000e-06	-4.061268e-06	-7.950627e-09	-2.868763e+01	-5.233258e+02
2.940000e-06	-4.128631e-06	-8.283364e-09	-2.916346e+01	-5.449984e+02
2.950000e-06	-4.194611e-06	-8.600302e-09	-2.962952e+01	-5.654415e+02
2.960000e-06	-4.259229e-06	-8.896204e-09	-3.008596e+01	-5.846337e+02
2.970000e-06	-4.322428e-06	-9.167771e-09	-3.053238e+01	-6.025774e+02
2.980000e-06	-4.383900e-06	-9.421016e-09	-3.096660e+01	-6.192961e+02
2.990000e-06	-4.443713e-06	-9.661065e-09	-3.138910e+01	-6.348289e+02
3.000000e-06	-4.502097e-06	-9.887147e-09	-3.180151e+01	-6.492256e+02
3.010000e-06	-4.558992e-06	-1.009618e-08	-3.220341e+01	-6.625413e+02
3.020000e-06	-4.614308e-06	-1.028825e-08	-3.259414e+01	-6.748326e+02
3.030000e-06	-4.667671e-06	-1.046384e-08	-3.297108e+01	-6.861556e+02
3.040000e-06	-4.719046e-06	-1.062511e-08	-3.333398e+01	-6.965658e+02
3.050000e-06	-4.768532e-06	-1.077190e-08	-3.368353e+01	-7.061191e+02
3.060000e-06	-4.815955e-06	-1.090316e-08	-3.401852e+01	-7.148737e+02
3.070000e-06	-4.861642e-06	-1.102058e-08	-3.434124e+01	-7.228918e+02
3.080000e-06	-4.905892e-06	-1.113119e-08	-3.465380e+01	-7.302401e+02
3.090000e-06	-4.948666e-06	-1.123607e-08	-3.495595e+01	-7.369886e+02
3.100000e-06	-4.989868e-06	-1.133388e-08	-3.524699e+01	-7.432078e+02
3.110000e-06	-5.029439e-06	-1.142404e-08	-3.552651e+01	-7.489649e+02
3.120000e-06	-5.067139e-06	-1.150656e-08	-3.579281e+01	-7.543196e+02
3.130000e-06	-5.102894e-06	-1.158422e-08	-3.604537e+01	-7.593203e+02
3.140000e-06	-5.136906e-06	-1.165881e-08	-3.628562e+01	-7.640019e+02
3.150000e-06	-5.169177e-06	-1.173001e-08	-3.651357e+01	-7.683860e+02
3.160000e-06	-5.199499e-06	-1.179319e-08	-3.672776e+01	-7.724832e+02
3.170000e-06	-5.227901e-06	-1.184747e-08	-3.692838e+01	-7.762968e+02
3.180000e-06	-5.254565e-06	-1.189438e-08	-3.711673e+01	-7.798274e+02
3.190000e-06	-5.279423e-06	-1.194162e-08	-3.729232e+01	-7.830778e+02
3.200000e-06	-5.302431e-06	-1.199128e-08	-3.745484e+01	-7.860559e+02
3.210000e-06	-5.323470e-06	-1.203955e-08	-3.760345e+01	-7.887762e+02
3.220000e-06	-5.342642e-06	-1.208106e-08	-3.773888e+01	-7.912587e+02
3.230000e-06	-5.360050e-06	-1.211893e-08	-3.786185e+01	-7.935266e+02
3.240000e-06	-5.375524e-06	-1.215392e-08	-3.797115e+01	-7.956027e+02
3.250000e-06	-5.388770e-06	-1.218364e-08	-3.806472e+01	-7.975062e+02
3.260000e-06	-5.399854e-06	-1.220853e-08	-3.814301e+01	-7.992502e+02
3.270000e-06	-5.409090e-06	-1.223032e-08	-3.820825e+01	-8.008408e+02
3.280000e-06	-5.416486e-06	-1.225074e-08	-3.826049e+01	-8.022784e+02
3.290000e-06	-5.421841e-06	-1.226926e-08	-3.829832e+01	-8.035598e+02
3.300000e-06	-5.425264e-06	-1.228583e-08	-3.832250e+01	-8.046817e+02
3.310000e-06	-5.426994e-06	-1.229969e-08	-3.833472e+01	-8.056429e+02
3.320000e-06	-5.426948e-06	-1.231554e-08	-3.833440e+01	-8.064466e+02
